3
 1Sing?Sym  1.00003  0.00000  0.54534  0.00095  0.00000  0.02777  0.00006  0.00000  0.42514  0.00078
 2Sing?Sym  1.00012  0.00000  0.34287  0.00055  0.00001  0.12830  0.00036  0.00000  0.52694  0.00109
 3Sing?Sym  1.03143  0.00126  0.00051  0.00175  0.00018  1.01602  0.00252  0.00139  0.00451  0.00329
 4Sing?Sym  0.99996  0.00000  0.58108  0.00097  0.00000  0.03569  0.00010  0.00000  0.38144  0.00068
 5Sing?Sym  0.99999  0.00001  0.00175  0.00002  0.00001  0.29612  0.00079  0.00001  0.69977  0.00151
 6Sing?Sym  1.00099  0.02305  0.45777  0.06118  0.00061  0.02848  0.00281  0.01322  0.36762  0.04626
 7Sing?Sym  0.99991  0.00003  0.53980  0.00270  0.00001  0.03430  0.00022  0.00003  0.42084  0.00198
 8Sing?Sym  0.99993  0.00000  0.05024  0.00007  0.00003  0.82938  0.00333  0.00001  0.11642  0.00045
 9Sing?Sym  0.99997  0.00000  0.00006  0.00000  0.00001  0.99870  0.00103  0.00000  0.00017  0.00000
10Sing?Sym  0.99994  0.00000  0.03437  0.00006  0.00000  0.00863  0.00003  0.00000  0.95516  0.00169
11Sing?Sym  1.00034  0.00001  0.06618  0.00012  0.00002  0.84165  0.00127  0.00001  0.09089  0.00019
12Sing?Sym  1.00164  0.00005  0.04979  0.00013  0.00017  0.87851  0.00271  0.00003  0.07003  0.00021
13Sing?Sym  0.99991  0.00000  0.00009  0.00000  0.00001  0.99853  0.00109  0.00000  0.00018  0.00000
14Sing?Sym  1.01126  0.25262  0.08429  0.22583  0.01011  0.01346  0.01268  0.17695  0.04811  0.18721
15Sing?Sym  1.00083  0.00014  0.20233  0.00046  0.00007  0.54062  0.00134  0.00009  0.25512  0.00065
16Sing?Sym  0.99996  0.00007  0.53107  0.00208  0.00001  0.05395  0.00018  0.00006  0.41088  0.00166
17Sing?Sym  0.99997  0.00000  0.01417  0.00005  0.00007  0.97016  0.00295  0.00000  0.01252  0.00005
18Sing?Sym  1.00032  0.00001  0.00109  0.00001  0.00665  0.94166  0.04816  0.00002  0.00260  0.00012
19Sing?Sym  0.99983  0.00016  0.00162  0.00033  0.00018  0.84747  0.00644  0.00007  0.14262  0.00093
20Sing?Sym  1.00206  0.00000  0.08815  0.00019  0.00121  0.83597  0.00819  0.00001  0.06819  0.00015
