rtype='cclib'
rfile='ZC-PDI_2_C0S1.log'
coor_file='/home/inferno/Bsc_Project/Scripts/xyz_files/ZC-PDI_2.xyz'
coor_format='xyz'
at_lists=[[0, 1, 2, 3, 4, 5, 6, 7, 8, 9, 10, 52, 53, 54, 55, 56, 57, 58, 59, 60, 61, 62, 63, 64, 65, 66, 67, 68, 69, 70, 71, 72, 73, 74, 75, 76, 77, 78, 79, 80, 81, 82, 83, 84, 85, 86, 87, 88, 89, 90, 91, 92, 93, 94, 95, 96, 97, 98, 118, 119, 120, 121, 122, 123, 124, 125, 126, 127, 128, 129, 130, 131, 132, 133, 134, 135, 136, 137, 138, 139, 140, 141, 142, 143, 144, 145, 146], [33, 32, 34, 31, 29, 30, 28, 27, 26, 25, 24, 23, 22, 21, 19, 20, 18, 45, 46, 44, 43, 42, 41, 40, 39, 38, 37, 35, 36, 50, 49, 48, 47, 102, 103, 104, 105, 106, 107, 108, 109, 110, 111, 112, 113, 114, 115, 116], [11, 12, 13, 14, 15, 16, 17, 51, 99, 100, 101, 117]]
Om_formula=2
eh_pop=1
comp_ntos=True
comp_dntos=False
jmol_orbitals=True
molden_orbitals=False
prop_list=['Om', 'POS', 'PR', 'CT', 'COH', 'CTnt', 'PRNTO', 'Z_HE', 'RMSeh']