,Frequencies,Displacement,Reorg Energy
0,-0.0,-0.0,-0.0
1,-0.0,-0.0,-0.0
2,-0.0,-0.0,-0.0
3,-0.0,-0.0,-0.0
4,-0.0,-0.0,-0.0
5,-0.0,-0.0,-0.0
6,-0.0,0.0,-0.0
7,0.0,0.0,0.0
8,-0.0,-0.0,-0.0
9,0.0,-0.0,0.0
10,0.0,-0.0,0.0
11,0.0,-0.0,0.0
12,26.0,-0.0,0.0
13,25.0,-0.0,0.0
14,59.0,-0.0,0.0
15,59.0,-0.0,0.0
16,72.0,0.0,0.0
17,71.0,0.0,0.0
18,90.0,-0.0,0.0
19,89.0,-0.0,0.0
20,122.0,-0.0,0.0
21,122.0,-0.0,0.0
22,140.0,0.0,0.0
23,136.0,0.0,0.0
24,190.0,-0.0,0.0
25,191.0,-0.0,0.0
26,193.0,0.0,0.0
27,195.0,0.0,0.0
28,224.0,-0.0,0.0
29,217.0,-0.0,0.0
30,225.0,0.337,12.8
31,224.0,0.335,12.6
32,277.0,0.0,0.0
33,280.0,0.0,0.0
34,296.0,0.0,0.0
35,298.0,0.0,0.0
36,308.0,-0.0,0.0
37,300.0,-0.0,0.0
38,370.0,0.0,0.0
39,379.0,0.0,0.0
40,377.0,0.0,0.0
41,385.0,0.0,0.0
42,392.0,-0.0,0.0
43,392.0,-0.0,0.0
44,428.0,-0.0,0.0
45,427.0,-0.0,0.0
46,467.0,-0.0,0.0
47,446.0,-0.0,0.0
48,469.0,0.0,0.0
49,453.0,0.0,0.0
50,472.0,-0.0,0.0
51,465.0,-0.0,0.0
52,474.0,0.0,0.0
53,477.0,0.0,0.0
54,476.0,0.0,0.0
55,478.0,0.0,0.0
56,478.0,0.0,0.0
57,482.0,0.0,0.0
58,494.0,0.0,0.0
59,485.0,0.0,0.0
60,530.0,0.0,0.0
61,519.0,0.0,0.0
62,546.0,-0.0,0.0
63,537.0,-0.0,0.0
64,562.0,-0.0,0.0
65,562.0,-0.0,0.0
66,579.0,0.036,0.4
67,577.0,0.032,0.3
68,631.0,0.0,0.0
69,629.0,0.0,0.0
70,643.0,0.001,0.0
71,639.0,0.003,0.0
72,648.0,0.0,0.0
73,639.0,0.0,0.0
74,672.0,0.0,0.0
75,674.0,0.0,0.0
76,703.0,-0.0,0.0
77,690.0,-0.0,0.0
78,739.0,0.0,0.0
79,731.0,0.0,0.0
80,743.0,-0.0,0.0
81,750.0,-0.0,0.0
82,746.0,0.0,0.0
83,751.0,0.0,0.0
84,749.0,0.0,0.0
85,758.0,0.008,0.0
86,757.0,0.066,1.6
87,764.0,0.0,0.0
88,759.0,-0.0,0.0
89,765.0,-0.0,0.0
90,761.0,-0.069,1.8
91,767.0,-0.082,2.6
92,771.0,-0.0,0.0
93,769.0,-0.0,0.0
94,772.0,-0.0,0.0
95,770.0,-0.0,0.0
96,802.0,0.0,0.0
97,806.0,0.0,0.0
98,824.0,0.0,0.0
99,837.0,0.0,0.0
100,831.0,0.0,0.0
101,851.0,0.0,0.0
102,839.0,0.0,0.0
103,859.0,0.0,0.0
104,844.0,-0.0,0.0
105,863.0,-0.0,0.0
106,846.0,-0.0,0.0
107,865.0,-0.0,0.0
108,863.0,-0.0,0.0
109,886.0,-0.0,0.0
110,866.0,0.0,0.0
111,897.0,0.0,0.0
112,887.0,-0.0,0.0
113,905.0,-0.026,0.3
114,899.0,-0.023,0.2
115,908.0,-0.0,0.0
116,901.0,0.0,0.0
117,927.0,0.0,0.0
118,906.0,0.0,0.0
119,928.0,0.0,0.0
120,915.0,0.0,0.0
121,929.0,0.0,0.0
122,924.0,0.0,0.0
123,932.0,0.0,0.0
124,929.0,-0.0,0.0
125,943.0,-0.0,0.0
126,933.0,0.0,0.0
127,954.0,0.0,0.0
128,973.0,0.0,0.0
129,993.0,0.0,0.0
130,973.0,-0.0,0.0
131,993.0,-0.0,0.0
132,995.0,-0.0,0.0
133,1021.0,-0.0,0.0
134,995.0,-0.0,0.0
135,1021.0,-0.0,0.0
136,1015.0,0.0,0.0
137,1034.0,0.0,0.0
138,1016.0,0.105,5.6
139,1034.0,0.09,4.2
140,1121.0,-0.0,0.0
141,1153.0,-0.0,0.0
142,1150.0,0.0,0.0
143,1155.0,0.0,0.0
144,1152.0,0.0,0.0
145,1169.0,0.0,0.0
146,1183.0,0.211,26.4
147,1193.0,0.0,0.0
148,1187.0,-0.0,0.0
149,1193.0,-0.253,38.1
150,1198.0,0.287,49.2
151,1197.0,0.0,0.0
152,1198.0,0.0,0.0
153,1208.0,0.269,43.6
154,1205.0,-0.0,0.0
155,1208.0,-0.0,0.0
156,1216.0,-0.0,0.0
157,1224.0,-0.0,0.0
158,1228.0,0.0,0.0
159,1232.0,0.0,0.0
160,1261.0,0.0,0.0
161,1280.0,0.0,0.0
162,1271.0,-0.014,0.1
163,1282.0,-0.044,1.2
164,1294.0,0.0,0.0
165,1299.0,0.0,0.0
166,1297.0,0.0,0.0
167,1305.0,0.0,0.0
168,1305.0,0.0,0.0
169,1307.0,0.0,0.0
170,1316.0,-0.0,0.0
171,1317.0,-0.0,0.0
172,1327.0,0.0,0.0
173,1331.0,0.0,0.0
174,1343.0,0.0,0.0
175,1339.0,0.0,0.0
176,1351.0,0.0,0.0
177,1383.0,0.0,0.0
178,1386.0,0.0,0.0
179,1401.0,0.0,0.0
180,1404.0,-0.398,111.0
181,1413.0,-0.0,0.0
182,1418.0,0.035,0.9
183,1416.0,0.025,0.4
184,1418.0,-0.0,0.0
185,1418.0,-0.405,116.3
186,1421.0,-0.0,0.0
187,1423.0,-0.0,0.0
188,1428.0,0.093,6.2
189,1429.0,0.153,16.8
190,1434.0,0.0,0.0
191,1433.0,0.0,0.0
192,1475.0,-0.0,0.0
193,1477.0,-0.047,1.6
194,1476.0,0.063,2.9
195,1479.0,0.0,0.0
196,1488.0,0.0,0.0
197,1499.0,0.0,0.0
198,1530.0,-0.003,0.0
199,1522.0,-0.05,1.9
200,1547.0,0.367,104.3
201,1536.0,0.0,0.0
202,1556.0,-0.0,0.0
203,1542.0,-0.0,0.0
204,1575.0,0.0,0.0
205,1546.0,0.315,76.7
206,1578.0,-0.087,5.9
207,1560.0,-0.0,0.0
208,1581.0,-0.0,0.0
209,1570.0,-0.0,0.0
210,1615.0,0.0,0.0
211,1574.0,0.161,20.4
212,1629.0,0.0,0.0
213,1615.0,0.0,0.0
214,1652.0,0.0,0.0
215,1616.0,0.0,0.0
216,1671.0,0.0,0.0
217,1651.0,0.0,0.0
218,1676.0,-0.0,0.0
219,1655.0,-0.0,0.0
220,3155.0,-0.0,0.0
221,3170.0,-0.0,0.0
222,3155.0,-0.0,0.0
223,3172.0,-0.0,0.0
224,3156.0,0.0,0.0
225,3172.0,0.0,0.0
226,3156.0,-0.0,0.0
227,3173.0,-0.0,0.0
228,3157.0,-0.001,0.0
229,3173.0,-0.003,0.0
230,3158.0,-0.0,0.0
231,3175.0,-0.0,0.0
232,3159.0,0.0,0.0
233,3175.0,0.0,0.0
234,3159.0,-0.0,0.0
235,3177.0,-0.0,0.0
236,3161.0,0.0,0.0
237,3177.0,0.0,0.0
238,3161.0,-0.008,0.1
239,3177.0,-0.009,0.1
240,3162.0,0.0,0.0
241,3180.0,0.0,0.0
242,3164.0,0.017,0.5
243,3180.0,0.018,0.5
244,3176.0,0.0,0.0
245,3192.0,0.0,0.0
246,3176.0,0.0,0.0
247,3192.0,0.0,0.0
248,3188.0,0.0,0.0
249,3202.0,0.0,0.0
250,3188.0,-0.021,0.7
251,3202.0,-0.02,0.6
