,Frequencies,Displacement,Reorg Energy
0,-0.0,0.0,-0.0
1,-0.0,0.0,-0.0
2,-0.0,-0.0,-0.0
3,-0.0,-0.0,-0.0
4,-0.0,-0.0,-0.0
5,0.0,-0.0,0.0
6,0.0,0.0,0.0
7,0.0,0.0,0.0
8,0.0,0.0,0.0
9,0.0,0.0,0.0
10,0.0,-0.0,0.0
11,0.0,-0.0,0.0
12,413.0,0.0,0.0
13,246.0,0.0,0.0
14,413.0,-0.0,0.0
15,292.0,-0.0,0.0
16,623.0,0.0,0.0
17,342.0,0.0,0.0
18,623.0,-0.995,308.5
19,417.0,-0.0,0.0
20,689.0,-0.0,0.0
21,603.0,-1.001,302.1
22,723.0,0.0,0.0
23,685.0,0.0,0.0
24,862.0,0.0,0.0
25,796.0,0.0,0.0
26,862.0,0.0,0.0
27,902.0,0.0,0.0
28,981.0,-0.0,0.0
29,952.0,-0.0,0.0
30,981.0,0.0,0.0
31,962.0,0.0,0.0
32,1013.0,0.728,268.3
33,976.0,0.793,307.0
34,1017.0,-0.0,0.0
35,1005.0,-0.0,0.0
36,1023.0,-0.0,0.0
37,1011.0,-0.0,0.0
38,1060.0,0.0,0.0
39,1023.0,0.0,0.0
40,1060.0,0.0,0.0
41,1028.0,0.0,0.0
42,1175.0,-0.0,0.0
43,1069.0,-0.0,0.0
44,1198.0,-0.0,0.0
45,1203.0,-0.0,0.0
46,1198.0,0.525,165.1
47,1217.0,0.409,101.8
48,1335.0,-0.0,0.0
49,1370.0,-0.0,0.0
50,1382.0,-0.0,0.0
51,1389.0,-0.0,0.0
52,1513.0,0.0,0.0
53,1403.0,0.0,0.0
54,1513.0,-0.0,0.0
55,1452.0,-0.0,0.0
56,1637.0,-0.793,515.2
57,1543.0,-0.0,0.0
58,1637.0,0.0,0.0
59,1670.0,0.737,454.0
60,3154.0,-0.0,0.0
61,3186.0,-0.0,0.0
62,3164.0,0.0,0.0
63,3188.0,0.003,0.0
64,3164.0,-0.018,0.5
65,3206.0,-0.0,0.0
66,3179.0,0.0,0.0
67,3208.0,0.0,0.0
68,3179.0,0.0,0.0
69,3218.0,0.0,0.0
70,3190.0,0.052,4.2
71,3220.0,0.046,3.5
