,Frequencies,Displacement,Reorg Energy
0,-0.0,-0.0,-0.0
1,-0.0,-0.0,-0.0
2,-0.0,0.0,-0.0
3,-0.0,0.0,-0.0
4,0.0,-0.0,0.0
5,-0.0,-0.0,-0.0
6,0.0,-0.0,0.0
7,-0.0,-0.0,-0.0
8,0.0,0.0,0.0
9,0.0,0.0,0.0
10,0.0,-0.0,0.0
11,0.0,-0.0,0.0
12,91.0,-0.0,0.0
13,85.0,-0.0,0.0
14,121.0,0.0,0.0
15,119.0,0.0,0.0
16,236.0,-0.0,0.0
17,219.0,-0.0,0.0
18,236.0,-0.0,0.0
19,234.0,-0.0,0.0
20,269.0,-0.0,0.0
21,270.0,-0.0,0.0
22,387.0,-0.0,0.0
23,384.0,-0.0,0.0
24,396.0,-0.0,0.0
25,387.0,-0.0,0.0
26,398.0,0.012,0.0
27,395.0,0.019,0.1
28,478.0,-0.0,0.0
29,444.0,-0.0,0.0
30,484.0,-0.0,0.0
31,461.0,-0.0,0.0
32,507.0,0.0,0.0
33,483.0,0.0,0.0
34,536.0,-0.0,0.0
35,519.0,-0.0,0.0
36,591.0,-0.0,0.0
37,560.0,-0.0,0.0
38,618.0,0.0,0.0
39,610.0,0.0,0.0
40,642.0,0.023,0.2
41,628.0,0.02,0.1
42,661.0,0.0,0.0
43,668.0,0.0,0.0
44,740.0,0.0,0.0
45,736.0,0.0,0.0
46,759.0,0.0,0.0
47,757.0,0.0,0.0
48,763.0,-0.089,3.0
49,764.0,-0.079,2.4
50,770.0,0.0,0.0
51,768.0,0.0,0.0
52,782.0,-0.0,0.0
53,775.0,-0.0,0.0
54,821.0,0.0,0.0
55,832.0,0.0,0.0
56,844.0,-0.0,0.0
57,869.0,-0.0,0.0
58,866.0,-0.0,0.0
59,900.0,-0.0,0.0
60,895.0,0.0,0.0
61,916.0,0.0,0.0
62,911.0,0.0,0.0
63,927.0,0.0,0.0
64,919.0,-0.0,0.0
65,930.0,-0.0,0.0
66,929.0,-0.0,0.0
67,943.0,-0.0,0.0
68,967.0,-0.0,0.0
69,995.0,-0.0,0.0
70,972.0,-0.0,0.0
71,1000.0,-0.0,0.0
72,995.0,0.0,0.0
73,1029.0,0.0,0.0
74,996.0,0.0,0.0
75,1030.0,0.0,0.0
76,1026.0,0.0,0.0
77,1051.0,0.0,0.0
78,1031.0,0.079,3.3
79,1052.0,0.001,0.0
80,1127.0,0.0,0.0
81,1121.0,0.0,0.0
82,1159.0,-0.0,0.0
83,1159.0,-0.0,0.0
84,1173.0,0.0,0.0
85,1189.0,0.0,0.0
86,1189.0,-0.0,0.0
87,1204.0,-0.246,36.4
88,1190.0,-0.221,29.0
89,1210.0,-0.0,0.0
90,1211.0,-0.0,0.0
91,1211.0,-0.0,0.0
92,1290.0,0.331,70.6
93,1283.0,0.208,27.8
94,1291.0,0.0,0.0
95,1302.0,0.0,0.0
96,1295.0,-0.0,0.0
97,1308.0,-0.0,0.0
98,1339.0,0.0,0.0
99,1319.0,0.0,0.0
100,1376.0,0.0,0.0
101,1375.0,0.0,0.0
102,1414.0,0.0,0.0
103,1410.0,0.568,227.8
104,1415.0,-0.0,0.0
105,1430.0,-0.0,0.0
106,1428.0,-0.449,143.6
107,1432.0,-0.0,0.0
108,1482.0,0.0,0.0
109,1486.0,0.0,0.0
110,1487.0,-0.0,0.0
111,1486.0,-0.0,0.0
112,1517.0,0.134,13.6
113,1535.0,0.304,71.0
114,1579.0,0.0,0.0
115,1554.0,0.0,0.0
116,1594.0,0.621,307.4
117,1571.0,0.0,0.0
118,1624.0,-0.0,0.0
119,1574.0,-0.0,0.0
120,1668.0,-0.0,0.0
121,1599.0,-0.5,199.6
122,1670.0,-0.0,0.0
123,1616.0,-0.0,0.0
124,3153.0,-0.0,0.0
125,3176.0,-0.0,0.0
126,3155.0,-0.008,0.1
127,3178.0,-0.013,0.3
128,3157.0,-0.0,0.0
129,3184.0,-0.0,0.0
130,3158.0,0.0,0.0
131,3184.0,0.0,0.0
132,3161.0,-0.0,0.0
133,3187.0,-0.0,0.0
134,3163.0,-0.013,0.3
135,3188.0,-0.015,0.4
136,3175.0,0.0,0.0
137,3198.0,0.0,0.0
138,3175.0,-0.0,0.0
139,3198.0,-0.0,0.0
140,3187.0,0.0,0.0
141,3208.0,0.0,0.0
142,3187.0,-0.035,1.9
143,3208.0,-0.028,1.2
