,Frequencies,Displacement,Reorg Energy
0,-0.0,0.0,-0.0
1,0.0,0.0,0.0
2,-0.0,0.0,-0.0
3,0.0,0.0,0.0
4,0.0,-0.0,0.0
5,0.0,-0.0,0.0
6,0.0,-0.0,0.0
7,0.0,-0.0,0.0
8,0.0,-0.0,0.0
9,0.0,-0.0,0.0
10,0.0,0.0,0.0
11,0.0,0.0,0.0
12,413.0,0.0,0.0
13,469.0,0.0,0.0
14,413.0,-0.0,0.0
15,469.0,-0.0,0.0
16,623.0,-0.0,0.0
17,615.0,-0.0,0.0
18,623.0,0.0,0.0
19,615.0,0.0,0.0
20,689.0,-0.0,0.0
21,622.0,-0.0,0.0
22,723.0,0.0,0.0
23,712.0,0.0,0.0
24,862.0,-0.0,0.0
25,858.0,-0.0,0.0
26,862.0,-0.0,0.0
27,858.0,-0.0,0.0
28,981.0,-0.0,0.0
29,931.0,-0.0,0.0
30,981.0,0.0,0.0
31,1004.0,0.0,0.0
32,1013.0,-0.064,2.1
33,1018.0,-0.064,2.1
34,1017.0,-0.0,0.0
35,1036.0,-0.0,0.0
36,1023.0,0.0,0.0
37,1036.0,0.0,0.0
38,1060.0,-0.0,0.0
39,1088.0,-0.0,0.0
40,1060.0,0.0,0.0
41,1101.0,0.0,0.0
42,1175.0,0.0,0.0
43,1101.0,0.0,0.0
44,1198.0,0.0,0.0
45,1112.0,0.0,0.0
46,1198.0,-0.0,0.0
47,1112.0,-0.0,0.0
48,1335.0,-0.0,0.0
49,1367.0,-0.0,0.0
50,1382.0,0.0,0.0
51,1368.0,0.0,0.0
52,1513.0,-0.0,0.0
53,1499.0,-0.0,0.0
54,1513.0,0.0,0.0
55,1499.0,0.0,0.0
56,1637.0,0.0,0.0
57,1620.0,0.0,0.0
58,1637.0,0.0,0.0
59,1620.0,0.0,0.0
60,3154.0,0.0,0.0
61,2696.0,0.0,0.0
62,3164.0,-0.0,0.0
63,2696.0,-0.0,0.0
64,3164.0,-0.0,0.0
65,2742.0,-0.0,0.0
66,3179.0,-0.0,0.0
67,2802.0,-0.0,0.0
68,3179.0,-0.0,0.0
69,2802.0,-0.0,0.0
70,3190.0,-0.605,583.5
71,2822.0,-0.569,456.9
