,Frequencies,Displacement,Reorg Energy
0,-0.0,-0.0,-0.0
1,-0.0,-0.0,-0.0
2,-0.0,0.0,-0.0
3,0.0,0.0,0.0
4,-0.0,0.0,-0.0
5,0.0,0.0,0.0
6,-0.0,0.0,-0.0
7,0.0,0.0,0.0
8,-0.0,-0.0,-0.0
9,0.0,-0.0,0.0
10,0.0,-0.0,0.0
11,0.0,-0.0,0.0
12,55.0,0.0,0.0
13,52.0,0.0,0.0
14,89.0,-0.0,0.0
15,89.0,-0.0,0.0
16,149.0,-0.0,0.0
17,142.0,-0.0,0.0
18,163.0,-0.0,0.0
19,162.0,-0.0,0.0
20,191.0,-0.0,0.0
21,192.0,-0.0,0.0
22,271.0,-0.0,0.0
23,257.0,-0.0,0.0
24,305.0,0.0,0.0
25,304.0,0.0,0.0
26,318.0,0.0,0.0
27,316.0,0.129,2.6
28,318.0,-0.134,2.8
29,324.0,-0.0,0.0
30,382.0,0.0,0.0
31,385.0,0.0,0.0
32,448.0,0.0,0.0
33,445.0,0.0,0.0
34,472.0,0.0,0.0
35,446.0,0.0,0.0
36,476.0,0.0,0.0
37,462.0,0.0,0.0
38,482.0,0.0,0.0
39,475.0,0.0,0.0
40,505.0,0.0,0.0
41,493.0,0.0,0.0
42,519.0,0.0,0.0
43,503.0,0.0,0.0
44,563.0,0.0,0.0
45,551.0,0.0,0.0
46,567.0,-0.0,0.0
47,558.0,-0.0,0.0
48,618.0,0.0,0.0
49,622.0,0.0,0.0
50,635.0,-0.01,0.0
51,630.0,-0.008,0.0
52,645.0,-0.0,0.0
53,634.0,-0.0,0.0
54,734.0,0.0,0.0
55,716.0,0.0,0.0
56,744.0,-0.0,0.0
57,757.0,-0.0,0.0
58,757.0,-0.0,0.0
59,763.0,-0.053,1.1
60,757.0,0.0,0.0
61,764.0,0.0,0.0
62,763.0,-0.062,1.5
63,767.0,-0.0,0.0
64,769.0,0.0,0.0
65,768.0,0.0,0.0
66,777.0,0.0,0.0
67,771.0,0.0,0.0
68,788.0,0.0,0.0
69,794.0,0.0,0.0
70,842.0,-0.0,0.0
71,865.0,-0.0,0.0
72,853.0,0.0,0.0
73,876.0,0.047,1.0
74,862.0,0.0,0.0
75,882.0,0.0,0.0
76,868.0,-0.068,2.0
77,899.0,-0.0,0.0
78,890.0,-0.0,0.0
79,908.0,-0.0,0.0
80,911.0,-0.0,0.0
81,916.0,-0.0,0.0
82,914.0,-0.0,0.0
83,944.0,-0.0,0.0
84,915.0,0.0,0.0
85,945.0,0.0,0.0
86,945.0,-0.0,0.0
87,947.0,-0.0,0.0
88,971.0,-0.0,0.0
89,995.0,-0.0,0.0
90,972.0,0.0,0.0
91,997.0,0.0,0.0
92,995.0,0.0,0.0
93,1027.0,0.0,0.0
94,996.0,-0.0,0.0
95,1027.0,-0.0,0.0
96,1020.0,0.0,0.0
97,1045.0,0.068,2.4
98,1022.0,0.109,6.1
99,1045.0,0.0,0.0
100,1147.0,0.0,0.0
101,1149.0,0.0,0.0
102,1150.0,0.0,0.0
103,1151.0,0.0,0.0
104,1152.0,0.0,0.0
105,1184.0,0.0,0.0
106,1186.0,-0.168,16.8
107,1199.0,-0.212,26.9
108,1189.0,-0.0,0.0
109,1202.0,-0.0,0.0
110,1204.0,-0.0,0.0
111,1204.0,-0.0,0.0
112,1223.0,0.0,0.0
113,1236.0,0.0,0.0
114,1224.0,-0.317,61.5
115,1239.0,-0.311,59.9
116,1291.0,0.0,0.0
117,1298.0,0.0,0.0
118,1299.0,0.0,0.0
119,1306.0,0.0,0.0
120,1316.0,0.0,0.0
121,1310.0,0.0,0.0
122,1318.0,0.0,0.0
123,1319.0,0.0,0.0
124,1360.0,-0.0,0.0
125,1350.0,-0.0,0.0
126,1368.0,0.0,0.0
127,1387.0,0.0,0.0
128,1412.0,0.35,86.6
129,1407.0,0.221,34.3
130,1418.0,0.0,0.0
131,1426.0,0.45,144.3
132,1424.0,0.267,50.9
133,1428.0,0.0,0.0
134,1432.0,-0.0,0.0
135,1432.0,-0.0,0.0
136,1480.0,-0.119,10.5
137,1481.0,-0.013,0.1
138,1482.0,0.0,0.0
139,1484.0,0.0,0.0
140,1501.0,0.0,0.0
141,1513.0,0.0,0.0
142,1558.0,-0.209,34.1
143,1546.0,-0.308,73.6
144,1578.0,-0.494,192.8
145,1563.0,-0.0,0.0
146,1584.0,0.0,0.0
147,1569.0,0.0,0.0
148,1609.0,-0.0,0.0
149,1573.0,-0.0,0.0
150,1649.0,0.0,0.0
151,1585.0,0.391,121.1
152,1663.0,-0.0,0.0
153,1629.0,-0.0,0.0
154,1677.0,0.0,0.0
155,1633.0,0.0,0.0
156,3153.0,0.0,0.0
157,3174.0,0.0,0.0
158,3155.0,0.0,0.0
159,3176.0,0.0,0.0
160,3156.0,0.0,0.0
161,3177.0,0.0,0.0
162,3157.0,-0.0,0.0
163,3179.0,-0.014,0.3
164,3159.0,0.008,0.1
165,3182.0,0.0,0.0
166,3159.0,0.0,0.0
167,3182.0,0.0,0.0
168,3162.0,0.0,0.0
169,3185.0,0.0,0.0
170,3163.0,0.015,0.4
171,3185.0,0.015,0.3
172,3175.0,0.0,0.0
173,3196.0,0.0,0.0
174,3175.0,0.0,0.0
175,3196.0,0.0,0.0
176,3187.0,0.0,0.0
177,3206.0,0.0,0.0
178,3187.0,-0.031,1.5
179,3206.0,-0.026,1.1
