,Frequencies,Displacement,Reorg Energy
0,-0.0,-0.0,-0.0
1,-0.0,-0.0,-0.0
2,0.0,-0.0,0.0
3,-0.0,-0.0,-0.0
4,0.0,-0.0,0.0
5,-0.0,-0.0,-0.0
6,0.0,0.0,0.0
7,-0.0,0.0,-0.0
8,0.0,0.0,0.0
9,0.0,0.0,0.0
10,0.0,0.0,0.0
11,0.0,0.0,0.0
12,173.0,-0.0,0.0
13,156.0,-0.0,0.0
14,186.0,-0.0,0.0
15,181.0,-0.0,0.0
16,366.0,0.0,0.0
17,359.0,0.0,0.0
18,395.0,0.0,0.0
19,375.0,0.0,0.0
20,480.0,0.0,0.0
21,425.0,0.0,0.0
22,487.0,0.0,0.0
23,439.0,0.0,0.0
24,519.0,-0.0,0.0
25,473.0,-0.0,0.0
26,520.0,0.288,21.6
27,515.0,0.298,22.8
28,635.0,-0.0,0.0
29,561.0,-0.0,0.0
30,636.0,-0.0,0.0
31,610.0,-0.0,0.0
32,729.0,0.0,0.0
33,739.0,0.0,0.0
34,773.0,-0.086,2.9
35,755.0,-0.0,0.0
36,786.0,0.0,0.0
37,775.0,0.066,1.7
38,799.0,0.0,0.0
39,779.0,0.0,0.0
40,809.0,-0.0,0.0
41,810.0,-0.0,0.0
42,848.0,-0.0,0.0
43,875.0,-0.0,0.0
44,896.0,0.0,0.0
45,936.0,0.0,0.0
46,951.0,0.0,0.0
47,942.0,0.0,0.0
48,956.0,-0.0,0.0
49,983.0,-0.0,0.0
50,973.0,-0.0,0.0
51,1004.0,-0.0,0.0
52,993.0,-0.0,0.0
53,1029.0,-0.0,0.0
54,1000.0,0.0,0.0
55,1030.0,0.0,0.0
56,1035.0,-0.0,0.0
57,1038.0,-0.0,0.0
58,1046.0,-0.032,0.5
59,1066.0,-0.164,14.4
60,1151.0,-0.0,0.0
61,1119.0,-0.0,0.0
62,1169.0,0.0,0.0
63,1124.0,0.0,0.0
64,1172.0,0.0,0.0
65,1192.0,0.0,0.0
66,1185.0,0.237,33.2
67,1205.0,0.248,36.9
68,1232.0,0.0,0.0
69,1235.0,0.0,0.0
70,1270.0,-0.0,0.0
71,1260.0,-0.0,0.0
72,1287.0,0.0,0.0
73,1305.0,0.0,0.0
74,1391.0,0.0,0.0
75,1405.0,0.692,336.5
76,1398.0,-0.61,260.3
77,1415.0,-0.0,0.0
78,1418.0,-0.0,0.0
79,1433.0,-0.0,0.0
80,1490.0,-0.22,35.9
81,1469.0,-0.0,0.0
82,1491.0,0.0,0.0
83,1500.0,0.204,31.2
84,1548.0,-0.0,0.0
85,1508.0,-0.0,0.0
86,1613.0,0.721,419.1
87,1550.0,0.0,0.0
88,1641.0,-0.0,0.0
89,1568.0,-0.0,0.0
90,1670.0,0.0,0.0
91,1623.0,0.597,288.9
92,3154.0,0.0,0.0
93,3185.0,0.0,0.0
94,3156.0,0.0,0.0
95,3187.0,0.0,0.0
96,3158.0,-0.0,0.0
97,3188.0,-0.0,0.0
98,3162.0,0.008,0.1
99,3190.0,0.018,0.5
100,3172.0,-0.0,0.0
101,3201.0,-0.0,0.0
102,3173.0,-0.0,0.0
103,3201.0,-0.0,0.0
104,3185.0,0.0,0.0
105,3212.0,0.0,0.0
106,3186.0,-0.047,3.5
107,3212.0,-0.037,2.2
