,Frequencies,Displacement,Reorg Energy
0,-0.0,-0.0,-0.0
1,-0.0,-0.0,-0.0
2,-0.0,-0.0,-0.0
3,-0.0,-0.0,-0.0
4,-0.0,0.0,-0.0
5,-0.0,0.0,-0.0
6,-0.0,0.0,-0.0
7,-0.0,0.0,-0.0
8,0.0,-0.0,0.0
9,-0.0,-0.0,-0.0
10,0.0,0.0,0.0
11,-0.0,0.0,-0.0
12,36.0,-0.0,0.0
13,37.0,-0.0,0.0
14,71.0,-0.0,0.0
15,69.0,-0.0,0.0
16,101.0,0.0,0.0
17,103.0,0.0,0.0
18,119.0,-0.0,0.0
19,118.0,-0.0,0.0
20,149.0,0.0,0.0
21,149.0,0.0,0.0
22,192.0,0.0,0.0
23,194.0,0.0,0.0
24,238.0,0.0,0.0
25,236.0,0.0,0.0
26,240.0,-0.0,0.0
27,240.0,-0.0,0.0
28,264.0,1.058,147.6
29,263.0,1.056,146.6
30,293.0,0.0,0.0
31,311.0,0.0,0.0
32,349.0,0.0,0.0
33,327.0,0.0,0.0
34,362.0,0.0,0.0
35,354.0,0.0,0.0
36,379.0,-0.0,0.0
37,360.0,-0.0,0.0
38,454.0,-0.0,0.0
39,454.0,-0.0,0.0
40,469.0,0.0,0.0
41,459.0,0.0,0.0
42,471.0,-0.0,0.0
43,464.0,-0.0,0.0
44,477.0,0.0,0.0
45,469.0,0.0,0.0
46,478.0,0.0,0.0
47,470.0,0.0,0.0
48,491.0,-0.0,0.0
49,488.0,-0.0,0.0
50,513.0,0.0,0.0
51,513.0,0.0,0.0
52,526.0,-0.0,0.0
53,555.0,-0.0,0.0
54,554.0,0.0,0.0
55,564.0,0.0,0.0
56,579.0,0.0,0.0
57,585.0,0.0,0.0
58,616.0,0.304,28.4
59,616.0,0.298,27.4
60,639.0,-0.0,0.0
61,637.0,-0.0,0.0
62,647.0,-0.036,0.4
63,639.0,-0.054,0.9
64,716.0,0.0,0.0
65,711.0,0.0,0.0
66,725.0,-0.0,0.0
67,719.0,-0.0,0.0
68,744.0,-0.0,0.0
69,724.0,-0.0,0.0
70,746.0,-0.0,0.0
71,726.0,-0.0,0.0
72,752.0,0.0,0.0
73,732.0,0.0,0.0
74,752.0,0.0,0.0
75,748.0,0.0,0.0
76,762.0,-0.166,10.4
77,752.0,-0.0,0.0
78,771.0,0.0,0.0
79,752.0,0.155,9.0
80,774.0,-0.0,0.0
81,756.0,-0.0,0.0
82,795.0,-0.12,5.7
83,777.0,-0.0,0.0
84,837.0,0.0,0.0
85,784.0,0.0,0.0
86,840.0,0.0,0.0
87,795.0,0.12,5.8
88,840.0,-0.0,0.0
89,810.0,-0.0,0.0
90,847.0,-0.0,0.0
91,826.0,-0.0,0.0
92,874.0,0.0,0.0
93,828.0,0.0,0.0
94,887.0,-0.0,0.0
95,833.0,-0.0,0.0
96,889.0,-0.0,0.0
97,848.0,-0.0,0.0
98,900.0,0.0,0.0
99,853.0,0.0,0.0
100,915.0,-0.0,0.0
101,858.0,-0.0,0.0
102,921.0,0.0,0.0
103,888.0,0.0,0.0
104,922.0,0.0,0.0
105,910.0,0.0,0.0
106,936.0,-0.0,0.0
107,910.0,-0.0,0.0
108,973.0,0.0,0.0
109,916.0,0.0,0.0
110,973.0,0.0,0.0
111,931.0,0.0,0.0
112,995.0,0.0,0.0
113,936.0,0.0,0.0
114,995.0,-0.0,0.0
115,936.0,-0.0,0.0
116,1016.0,0.0,0.0
117,1032.0,0.0,0.0
118,1019.0,-0.072,2.6
119,1033.0,-0.042,0.9
120,1134.0,-0.0,0.0
121,1127.0,-0.0,0.0
122,1144.0,-0.0,0.0
123,1140.0,-0.0,0.0
124,1158.0,0.0,0.0
125,1162.0,0.0,0.0
126,1185.0,-0.21,26.1
127,1170.0,-0.212,26.3
128,1188.0,-0.0,0.0
129,1177.0,-0.0,0.0
130,1200.0,-0.0,0.0
131,1184.0,-0.0,0.0
132,1207.0,0.342,70.6
133,1195.0,0.0,0.0
134,1210.0,0.0,0.0
135,1208.0,0.314,59.6
136,1242.0,-0.0,0.0
137,1243.0,-0.0,0.0
138,1251.0,-0.0,0.0
139,1246.0,-0.0,0.0
140,1294.0,0.0,0.0
141,1284.0,0.0,0.0
142,1295.0,-0.0,0.0
143,1286.0,-0.0,0.0
144,1312.0,0.0,0.0
145,1293.0,0.0,0.0
146,1319.0,-0.0,0.0
147,1306.0,-0.0,0.0
148,1334.0,0.046,1.4
149,1312.0,0.105,7.2
150,1359.0,0.0,0.0
151,1351.0,0.0,0.0
152,1376.0,-0.0,0.0
153,1380.0,-0.0,0.0
154,1410.0,-0.469,155.4
155,1393.0,-0.115,9.2
156,1416.0,0.0,0.0
157,1398.0,0.0,0.0
158,1419.0,0.0,0.0
159,1406.0,0.0,0.0
160,1427.0,0.0,0.0
161,1410.0,0.54,205.5
162,1434.0,-0.271,52.5
163,1414.0,-0.0,0.0
164,1478.0,0.0,0.0
165,1465.0,0.0,0.0
166,1478.0,-0.0,0.0
167,1468.0,-0.0,0.0
168,1493.0,0.094,6.7
169,1496.0,0.031,0.7
170,1542.0,-0.0,0.0
171,1522.0,-0.0,0.0
172,1557.0,-0.183,26.1
173,1527.0,-0.0,0.0
174,1577.0,-0.124,12.2
175,1534.0,-0.213,34.7
176,1579.0,0.0,0.0
177,1553.0,0.0,0.0
178,1594.0,-0.0,0.0
179,1559.0,-0.0,0.0
180,1633.0,0.0,0.0
181,1564.0,0.105,8.6
182,1642.0,-0.0,0.0
183,1601.0,-0.0,0.0
184,1673.0,-0.0,0.0
185,1617.0,-0.0,0.0
186,1674.0,-0.0,0.0
187,1634.0,-0.0,0.0
188,3154.0,-0.0,0.0
189,3122.0,-0.0,0.0
190,3155.0,0.0,0.0
191,3123.0,0.0,0.0
192,3156.0,-0.002,0.0
193,3125.0,-0.0,0.0
194,3156.0,0.0,0.0
195,3125.0,0.0,0.0
196,3157.0,0.0,0.0
197,3126.0,0.0,0.0
198,3158.0,0.0,0.0
199,3128.0,0.0,0.0
200,3159.0,-0.006,0.1
201,3129.0,-0.011,0.2
202,3160.0,-0.0,0.0
203,3131.0,-0.0,0.0
204,3161.0,-0.0,0.0
205,3132.0,-0.0,0.0
206,3163.0,-0.038,2.2
207,3136.0,-0.035,1.9
208,3175.0,-0.0,0.0
209,3145.0,-0.0,0.0
210,3175.0,0.0,0.0
211,3145.0,0.0,0.0
212,3188.0,0.0,0.0
213,3162.0,0.0,0.0
214,3188.0,0.04,2.6
215,3162.0,0.044,3.1
