,Frequencies,Displacement,Reorg Energy
0,-0.0,0.0,-0.0
1,-0.0,0.0,-0.0
2,-0.0,0.0,-0.0
3,-0.0,0.0,-0.0
4,-0.0,0.0,-0.0
5,-0.0,0.0,-0.0
6,0.0,0.0,0.0
7,-0.0,0.0,-0.0
8,0.0,0.0,0.0
9,0.0,0.0,0.0
10,0.0,0.0,0.0
11,0.0,0.0,0.0
12,36.0,-0.0,0.0
13,35.0,-0.0,0.0
14,71.0,0.0,0.0
15,71.0,0.0,0.0
16,101.0,0.0,0.0
17,97.0,0.0,0.0
18,119.0,0.0,0.0
19,118.0,0.0,0.0
20,149.0,0.0,0.0
21,149.0,0.0,0.0
22,192.0,-0.0,0.0
23,185.0,-0.0,0.0
24,238.0,-0.0,0.0
25,239.0,-0.0,0.0
26,240.0,0.0,0.0
27,243.0,0.0,0.0
28,264.0,-0.252,8.3
29,263.0,-0.248,8.1
30,293.0,-0.0,0.0
31,283.0,-0.0,0.0
32,349.0,-0.0,0.0
33,357.0,-0.0,0.0
34,362.0,0.0,0.0
35,363.0,0.0,0.0
36,379.0,0.0,0.0
37,385.0,0.0,0.0
38,454.0,0.0,0.0
39,446.0,0.0,0.0
40,469.0,-0.0,0.0
41,448.0,-0.0,0.0
42,471.0,0.0,0.0
43,457.0,0.0,0.0
44,477.0,-0.0,0.0
45,470.0,-0.0,0.0
46,478.0,-0.0,0.0
47,481.0,-0.0,0.0
48,491.0,0.0,0.0
49,489.0,0.0,0.0
50,513.0,-0.0,0.0
51,505.0,-0.0,0.0
52,526.0,-0.0,0.0
53,513.0,-0.0,0.0
54,554.0,-0.0,0.0
55,543.0,-0.0,0.0
56,579.0,-0.0,0.0
57,581.0,-0.0,0.0
58,616.0,-0.008,0.0
59,614.0,-0.007,0.0
60,639.0,0.0,0.0
61,635.0,0.0,0.0
62,647.0,-0.001,0.0
63,637.0,-0.001,0.0
64,716.0,-0.0,0.0
65,701.0,-0.0,0.0
66,725.0,0.0,0.0
67,728.0,0.0,0.0
68,744.0,0.0,0.0
69,741.0,0.0,0.0
70,746.0,0.0,0.0
71,752.0,0.0,0.0
72,752.0,0.0,0.0
73,762.0,0.045,0.8
74,752.0,-0.0,0.0
75,766.0,-0.0,0.0
76,762.0,-0.057,1.2
77,766.0,-0.0,0.0
78,771.0,0.0,0.0
79,768.0,0.0,0.0
80,774.0,0.0,0.0
81,768.0,0.0,0.0
82,795.0,-0.084,2.8
83,803.0,-0.072,2.1
84,837.0,-0.0,0.0
85,843.0,-0.0,0.0
86,840.0,-0.0,0.0
87,862.0,-0.0,0.0
88,840.0,-0.0,0.0
89,872.0,-0.0,0.0
90,847.0,0.0,0.0
91,878.0,0.0,0.0
92,874.0,0.0,0.0
93,896.0,0.0,0.0
94,887.0,-0.0,0.0
95,898.0,-0.0,0.0
96,889.0,0.0,0.0
97,919.0,0.0,0.0
98,900.0,-0.0,0.0
99,919.0,-0.0,0.0
100,915.0,-0.0,0.0
101,924.0,-0.0,0.0
102,921.0,0.0,0.0
103,935.0,0.0,0.0
104,922.0,-0.0,0.0
105,944.0,-0.0,0.0
106,936.0,0.0,0.0
107,953.0,0.0,0.0
108,973.0,0.0,0.0
109,994.0,0.0,0.0
110,973.0,0.0,0.0
111,995.0,0.0,0.0
112,995.0,0.0,0.0
113,1024.0,0.0,0.0
114,995.0,0.0,0.0
115,1024.0,0.0,0.0
116,1016.0,-0.0,0.0
117,1038.0,-0.0,0.0
118,1019.0,-0.11,6.2
119,1039.0,-0.086,3.9
120,1134.0,0.0,0.0
121,1147.0,0.0,0.0
122,1144.0,0.0,0.0
123,1159.0,0.0,0.0
124,1158.0,-0.0,0.0
125,1177.0,-0.0,0.0
126,1185.0,-0.161,15.4
127,1196.0,-0.211,26.6
128,1188.0,0.0,0.0
129,1197.0,0.0,0.0
130,1200.0,0.0,0.0
131,1200.0,0.0,0.0
132,1207.0,0.313,59.3
133,1215.0,0.0,0.0
134,1210.0,-0.0,0.0
135,1219.0,-0.305,56.6
136,1242.0,0.0,0.0
137,1259.0,0.0,0.0
138,1251.0,0.0,0.0
139,1261.0,0.0,0.0
140,1294.0,0.0,0.0
141,1301.0,0.0,0.0
142,1295.0,0.0,0.0
143,1301.0,0.0,0.0
144,1312.0,-0.0,0.0
145,1311.0,-0.0,0.0
146,1319.0,0.0,0.0
147,1324.0,0.0,0.0
148,1334.0,0.032,0.7
149,1329.0,0.097,6.2
150,1359.0,-0.0,0.0
151,1371.0,-0.0,0.0
152,1376.0,-0.0,0.0
153,1397.0,-0.0,0.0
154,1410.0,-0.399,112.4
155,1411.0,-0.084,5.0
156,1416.0,-0.0,0.0
157,1415.0,-0.0,0.0
158,1419.0,-0.0,0.0
159,1427.0,-0.45,144.3
160,1427.0,0.0,0.0
161,1427.0,0.0,0.0
162,1434.0,-0.158,17.8
163,1432.0,-0.0,0.0
164,1478.0,-0.0,0.0
165,1478.0,-0.0,0.0
166,1478.0,-0.0,0.0
167,1482.0,-0.0,0.0
168,1493.0,0.069,3.6
169,1505.0,0.012,0.1
170,1542.0,0.0,0.0
171,1527.0,0.0,0.0
172,1557.0,-0.422,138.5
173,1549.0,-0.332,85.5
174,1577.0,-0.166,21.7
175,1556.0,-0.0,0.0
176,1579.0,-0.0,0.0
177,1568.0,-0.0,0.0
178,1594.0,0.0,0.0
179,1568.0,0.0,0.0
180,1633.0,-0.0,0.0
181,1578.0,-0.262,54.3
182,1642.0,0.0,0.0
183,1618.0,0.0,0.0
184,1673.0,0.0,0.0
185,1638.0,0.0,0.0
186,1674.0,0.0,0.0
187,1648.0,0.0,0.0
188,3154.0,0.0,0.0
189,3172.0,0.0,0.0
190,3155.0,-0.0,0.0
191,3174.0,-0.0,0.0
192,3156.0,0.001,0.0
193,3174.0,0.002,0.0
194,3156.0,0.0,0.0
195,3176.0,0.0,0.0
196,3157.0,-0.0,0.0
197,3176.0,-0.0,0.0
198,3158.0,-0.0,0.0
199,3178.0,-0.011,0.2
200,3159.0,0.007,0.1
201,3179.0,0.0,0.0
202,3160.0,0.0,0.0
203,3179.0,0.0,0.0
204,3161.0,0.0,0.0
205,3182.0,0.0,0.0
206,3163.0,0.02,0.6
207,3183.0,0.02,0.6
208,3175.0,0.0,0.0
209,3194.0,0.0,0.0
210,3175.0,0.0,0.0
211,3194.0,0.0,0.0
212,3188.0,-0.0,0.0
213,3205.0,-0.0,0.0
214,3188.0,-0.026,1.1
215,3205.0,-0.024,0.9
