,Frequencies,Displacement,Reorg Energy
0,-0.0,-0.0,-0.0
1,-0.0,-0.0,-0.0
2,-0.0,0.0,-0.0
3,-0.0,0.0,-0.0
4,-0.0,-0.0,-0.0
5,-0.0,-0.0,-0.0
6,-0.0,0.0,-0.0
7,-0.0,0.0,-0.0
8,-0.0,-0.0,-0.0
9,0.0,-0.0,0.0
10,0.0,0.0,0.0
11,0.0,0.0,0.0
12,55.0,-0.0,0.0
13,56.0,-0.0,0.0
14,89.0,-0.0,0.0
15,85.0,-0.0,0.0
16,149.0,0.0,0.0
17,150.0,0.0,0.0
18,163.0,0.0,0.0
19,163.0,0.0,0.0
20,191.0,0.0,0.0
21,190.0,0.0,0.0
22,271.0,0.0,0.0
23,289.0,0.0,0.0
24,305.0,-0.0,0.0
25,298.0,-0.0,0.0
26,318.0,-0.0,0.0
27,302.0,-0.0,0.0
28,318.0,1.075,183.7
29,316.0,1.074,182.5
30,382.0,0.0,0.0
31,348.0,0.0,0.0
32,448.0,0.0,0.0
33,447.0,0.0,0.0
34,472.0,-0.0,0.0
35,461.0,-0.0,0.0
36,476.0,0.0,0.0
37,467.0,0.0,0.0
38,482.0,0.0,0.0
39,470.0,0.0,0.0
40,505.0,0.0,0.0
41,508.0,0.0,0.0
42,519.0,0.0,0.0
43,552.0,0.0,0.0
44,563.0,-0.0,0.0
45,560.0,-0.0,0.0
46,567.0,0.0,0.0
47,570.0,0.0,0.0
48,618.0,-0.0,0.0
49,624.0,-0.0,0.0
50,635.0,-0.31,30.6
51,632.0,-0.303,29.0
52,645.0,0.0,0.0
53,635.0,0.0,0.0
54,734.0,0.0,0.0
55,706.0,0.0,0.0
56,744.0,0.0,0.0
57,720.0,0.0,0.0
58,757.0,0.0,0.0
59,720.0,0.0,0.0
60,757.0,0.0,0.0
61,740.0,0.0,0.0
62,763.0,-0.125,5.9
63,751.0,-0.127,6.1
64,769.0,0.0,0.0
65,755.0,0.0,0.0
66,777.0,-0.0,0.0
67,759.0,-0.0,0.0
68,788.0,-0.0,0.0
69,771.0,-0.0,0.0
70,842.0,-0.0,0.0
71,779.0,-0.0,0.0
72,853.0,-0.0,0.0
73,783.0,-0.0,0.0
74,862.0,-0.0,0.0
75,805.0,-0.0,0.0
76,868.0,-0.056,1.4
77,821.0,-0.0,0.0
78,890.0,-0.0,0.0
79,835.0,-0.0,0.0
80,911.0,0.0,0.0
81,846.0,0.0,0.0
82,914.0,0.0,0.0
83,865.0,0.032,0.4
84,915.0,-0.0,0.0
85,885.0,-0.0,0.0
86,945.0,-0.0,0.0
87,886.0,-0.0,0.0
88,971.0,0.0,0.0
89,899.0,0.0,0.0
90,972.0,-0.0,0.0
91,917.0,-0.0,0.0
92,995.0,0.0,0.0
93,917.0,0.0,0.0
94,996.0,-0.0,0.0
95,938.0,-0.0,0.0
96,1020.0,0.0,0.0
97,1038.0,0.019,0.2
98,1022.0,0.071,2.6
99,1038.0,0.0,0.0
100,1147.0,0.0,0.0
101,1125.0,0.0,0.0
102,1150.0,-0.0,0.0
103,1129.0,-0.0,0.0
104,1152.0,0.0,0.0
105,1160.0,0.0,0.0
106,1186.0,-0.23,31.3
107,1168.0,-0.239,33.4
108,1189.0,0.0,0.0
109,1175.0,0.0,0.0
110,1204.0,0.0,0.0
111,1190.0,0.0,0.0
112,1223.0,-0.0,0.0
113,1216.0,-0.0,0.0
114,1224.0,-0.349,74.7
115,1224.0,-0.295,53.1
116,1291.0,-0.0,0.0
117,1279.0,-0.0,0.0
118,1299.0,-0.0,0.0
119,1284.0,-0.0,0.0
120,1316.0,-0.0,0.0
121,1291.0,-0.0,0.0
122,1318.0,0.0,0.0
123,1298.0,0.0,0.0
124,1360.0,0.0,0.0
125,1326.0,0.0,0.0
126,1368.0,0.0,0.0
127,1367.0,0.0,0.0
128,1412.0,0.421,125.3
129,1387.0,0.295,60.2
130,1418.0,-0.0,0.0
131,1404.0,-0.543,206.6
132,1424.0,0.404,116.1
133,1409.0,0.0,0.0
134,1432.0,0.0,0.0
135,1410.0,0.0,0.0
136,1480.0,-0.162,19.4
137,1462.0,-0.0,0.0
138,1482.0,-0.0,0.0
139,1467.0,-0.049,1.7
140,1501.0,-0.0,0.0
141,1502.0,-0.0,0.0
142,1558.0,-0.065,3.2
143,1523.0,-0.0,0.0
144,1578.0,-0.314,78.0
145,1530.0,-0.23,40.5
146,1584.0,-0.0,0.0
147,1556.0,-0.0,0.0
148,1609.0,-0.0,0.0
149,1557.0,-0.0,0.0
150,1649.0,-0.0,0.0
151,1566.0,-0.243,46.2
152,1663.0,0.0,0.0
153,1608.0,0.0,0.0
154,1677.0,-0.0,0.0
155,1613.0,-0.0,0.0
156,3153.0,-0.0,0.0
157,3118.0,-0.0,0.0
158,3155.0,-0.0,0.0
159,3118.0,-0.0,0.0
160,3156.0,-0.0,0.0
161,3119.0,-0.0,0.0
162,3157.0,0.0,0.0
163,3121.0,0.0,0.0
164,3159.0,-0.009,0.1
165,3123.0,-0.004,0.0
166,3159.0,-0.0,0.0
167,3125.0,-0.0,0.0
168,3162.0,-0.0,0.0
169,3127.0,-0.0,0.0
170,3163.0,-0.031,1.6
171,3130.0,-0.03,1.4
172,3175.0,-0.0,0.0
173,3140.0,-0.0,0.0
174,3175.0,-0.0,0.0
175,3140.0,-0.0,0.0
176,3187.0,-0.0,0.0
177,3157.0,-0.0,0.0
178,3187.0,0.045,3.2
179,3158.0,0.05,3.9
