,Frequencies,Displacement,Reorg Energy
0,-0.0,0.0,-0.0
1,-848.0,0.0,-0.0
2,-0.0,-0.0,-0.0
3,-602.0,-0.0,-0.0
4,-0.0,0.0,-0.0
5,-516.0,0.0,-0.0
6,0.0,-0.0,0.0
7,-359.0,-0.0,-0.0
8,0.0,0.0,0.0
9,-251.0,0.0,-0.0
10,0.0,0.0,0.0
11,-0.0,0.0,-0.0
12,413.0,0.0,0.0
13,-0.0,0.0,-0.0
14,413.0,-0.0,0.0
15,0.0,-0.0,0.0
16,623.0,0.048,0.7
17,0.0,0.0,0.0
18,623.0,0.171,9.1
19,0.0,0.0,0.0
20,689.0,0.0,0.0
21,0.0,0.0,0.0
22,723.0,-0.0,0.0
23,422.0,-0.0,0.0
24,862.0,0.0,0.0
25,429.0,0.036,0.3
26,862.0,0.0,0.0
27,531.0,0.0,0.0
28,981.0,0.0,0.0
29,580.0,0.0,0.0
30,981.0,0.0,0.0
31,614.0,0.142,6.2
32,1013.0,1.666,1406.8
33,737.0,0.0,0.0
34,1017.0,0.0,0.0
35,867.0,0.0,0.0
36,1023.0,-0.0,0.0
37,917.0,-0.0,0.0
38,1060.0,-0.0,0.0
39,943.0,-1.62,1237.4
40,1060.0,0.0,0.0
41,984.0,0.0,0.0
42,1175.0,-0.0,0.0
43,1152.0,-0.0,0.0
44,1198.0,0.01,0.1
45,1172.0,0.066,2.5
46,1198.0,0.133,10.5
47,1209.0,0.004,0.0
48,1335.0,-0.0,0.0
49,1231.0,-0.0,0.0
50,1382.0,-0.0,0.0
51,1344.0,-0.001,0.0
52,1513.0,0.0,0.0
53,1415.0,0.0,0.0
54,1513.0,0.0,0.0
55,1439.0,0.0,0.0
56,1637.0,-0.25,51.3
57,1553.0,-0.174,23.6
58,1637.0,-0.013,0.1
59,2144.0,-0.029,0.9
60,3154.0,0.0,0.0
61,3153.0,0.002,0.0
62,3164.0,0.002,0.0
63,3164.0,0.0,0.0
64,3164.0,0.027,1.2
65,3181.0,0.0,0.0
66,3179.0,-0.0,0.0
67,3182.0,-0.018,0.5
68,3179.0,0.0,0.0
69,3201.0,0.0,0.0
70,3190.0,0.094,14.0
71,3208.0,0.088,12.5
