,Frequencies,Displacement,Reorg Energy
0,-0.0,-0.0,-0.0
1,-0.0,-0.0,-0.0
2,-0.0,0.0,-0.0
3,-0.0,0.0,-0.0
4,-0.0,0.0,-0.0
5,0.0,0.0,0.0
6,0.0,-0.0,0.0
7,0.0,-0.0,0.0
8,0.0,0.0,0.0
9,0.0,0.0,0.0
10,0.0,-0.0,0.0
11,0.0,-0.0,0.0
12,26.0,-0.0,0.0
13,27.0,-0.0,0.0
14,59.0,0.0,0.0
15,57.0,0.0,0.0
16,72.0,-0.0,0.0
17,74.0,-0.0,0.0
18,90.0,0.0,0.0
19,89.0,0.0,0.0
20,122.0,-0.0,0.0
21,122.0,-0.0,0.0
22,140.0,0.0,0.0
23,143.0,0.0,0.0
24,190.0,0.0,0.0
25,188.0,0.0,0.0
26,193.0,0.0,0.0
27,194.0,0.0,0.0
28,224.0,0.0,0.0
29,224.0,1.041,121.5
30,225.0,-1.043,122.3
31,225.0,-0.0,0.0
32,277.0,-0.0,0.0
33,275.0,-0.0,0.0
34,296.0,-0.0,0.0
35,294.0,-0.0,0.0
36,308.0,0.0,0.0
37,325.0,0.0,0.0
38,370.0,-0.0,0.0
39,346.0,-0.0,0.0
40,377.0,0.0,0.0
41,358.0,0.0,0.0
42,392.0,0.0,0.0
43,391.0,0.0,0.0
44,428.0,0.0,0.0
45,426.0,0.0,0.0
46,467.0,-0.0,0.0
47,458.0,-0.0,0.0
48,469.0,-0.0,0.0
49,463.0,-0.0,0.0
50,472.0,-0.0,0.0
51,465.0,-0.0,0.0
52,474.0,0.0,0.0
53,470.0,0.0,0.0
54,476.0,0.0,0.0
55,470.0,0.0,0.0
56,478.0,-0.0,0.0
57,478.0,-0.0,0.0
58,494.0,-0.0,0.0
59,495.0,-0.0,0.0
60,530.0,-0.0,0.0
61,555.0,-0.0,0.0
62,546.0,-0.0,0.0
63,560.0,-0.0,0.0
64,562.0,0.0,0.0
65,567.0,0.0,0.0
66,579.0,-0.241,16.9
67,578.0,-0.24,16.7
68,631.0,-0.0,0.0
69,631.0,-0.0,0.0
70,643.0,0.117,4.4
71,640.0,0.0,0.0
72,648.0,-0.0,0.0
73,640.0,-0.118,4.4
74,672.0,-0.0,0.0
75,672.0,-0.0,0.0
76,703.0,0.0,0.0
77,704.0,0.0,0.0
78,739.0,-0.0,0.0
79,725.0,-0.0,0.0
80,743.0,-0.0,0.0
81,726.0,-0.0,0.0
82,746.0,-0.0,0.0
83,730.0,-0.0,0.0
84,749.0,-0.0,0.0
85,742.0,-0.0,0.0
86,757.0,0.113,4.8
87,747.0,0.0,0.0
88,759.0,0.0,0.0
89,749.0,0.058,1.3
90,761.0,-0.214,17.5
91,757.0,-0.0,0.0
92,771.0,0.0,0.0
93,757.0,0.0,0.0
94,772.0,-0.0,0.0
95,762.0,-0.227,19.6
96,802.0,-0.0,0.0
97,775.0,-0.0,0.0
98,824.0,0.0,0.0
99,791.0,0.0,0.0
100,831.0,0.0,0.0
101,801.0,0.0,0.0
102,839.0,0.0,0.0
103,813.0,0.0,0.0
104,844.0,-0.0,0.0
105,818.0,-0.0,0.0
106,846.0,0.0,0.0
107,827.0,0.0,0.0
108,863.0,-0.0,0.0
109,831.0,-0.0,0.0
110,866.0,0.0,0.0
111,842.0,0.0,0.0
112,887.0,-0.0,0.0
113,844.0,-0.0,0.0
114,899.0,-0.01,0.0
115,851.0,-0.0,0.0
116,901.0,-0.0,0.0
117,865.0,-0.0,0.0
118,906.0,0.0,0.0
119,867.0,0.0,0.0
120,915.0,-0.0,0.0
121,868.0,-0.0,0.0
122,924.0,0.0,0.0
123,898.0,0.012,0.1
124,929.0,0.0,0.0
125,924.0,0.0,0.0
126,933.0,0.0,0.0
127,925.0,0.0,0.0
128,973.0,0.0,0.0
129,925.0,0.0,0.0
130,973.0,-0.0,0.0
131,929.0,-0.0,0.0
132,995.0,0.0,0.0
133,947.0,0.0,0.0
134,995.0,-0.0,0.0
135,947.0,-0.0,0.0
136,1015.0,-0.0,0.0
137,1027.0,-0.0,0.0
138,1016.0,0.068,2.3
139,1028.0,0.05,1.3
140,1121.0,0.0,0.0
141,1136.0,0.0,0.0
142,1150.0,-0.0,0.0
143,1137.0,-0.0,0.0
144,1152.0,-0.0,0.0
145,1160.0,-0.0,0.0
146,1183.0,0.252,37.6
147,1171.0,0.209,25.5
148,1187.0,0.0,0.0
149,1177.0,0.0,0.0
150,1198.0,0.3,53.9
151,1179.0,0.0,0.0
152,1198.0,-0.0,0.0
153,1188.0,-0.0,0.0
154,1205.0,0.0,0.0
155,1199.0,0.31,57.8
156,1216.0,0.0,0.0
157,1208.0,0.0,0.0
158,1228.0,-0.0,0.0
159,1222.0,-0.0,0.0
160,1261.0,-0.0,0.0
161,1264.0,-0.0,0.0
162,1271.0,-0.025,0.4
163,1269.0,-0.057,2.1
164,1294.0,-0.0,0.0
165,1285.0,-0.0,0.0
166,1297.0,-0.0,0.0
167,1288.0,-0.0,0.0
168,1305.0,-0.0,0.0
169,1294.0,-0.0,0.0
170,1316.0,0.0,0.0
171,1300.0,0.0,0.0
172,1327.0,-0.0,0.0
173,1314.0,-0.0,0.0
174,1343.0,0.0,0.0
175,1324.0,0.0,0.0
176,1351.0,-0.0,0.0
177,1366.0,-0.0,0.0
178,1386.0,-0.0,0.0
179,1391.0,-0.0,0.0
180,1404.0,-0.454,144.6
181,1393.0,-0.0,0.0
182,1418.0,0.067,3.2
183,1399.0,0.031,0.7
184,1418.0,-0.0,0.0
185,1405.0,-0.0,0.0
186,1421.0,0.0,0.0
187,1405.0,0.428,128.4
188,1428.0,0.175,22.0
189,1411.0,0.268,50.8
190,1434.0,0.0,0.0
191,1418.0,0.0,0.0
192,1475.0,0.0,0.0
193,1465.0,0.0,0.0
194,1476.0,0.112,9.3
195,1468.0,0.094,6.5
196,1488.0,-0.0,0.0
197,1491.0,-0.0,0.0
198,1530.0,-0.01,0.1
199,1516.0,-0.017,0.2
200,1547.0,0.12,11.1
201,1520.0,0.0,0.0
202,1556.0,0.0,0.0
203,1531.0,0.149,17.0
204,1575.0,-0.0,0.0
205,1534.0,-0.0,0.0
206,1578.0,-0.066,3.4
207,1548.0,-0.0,0.0
208,1581.0,0.0,0.0
209,1562.0,0.0,0.0
210,1615.0,-0.0,0.0
211,1565.0,-0.036,1.0
212,1629.0,-0.0,0.0
213,1590.0,-0.0,0.0
214,1652.0,-0.0,0.0
215,1605.0,-0.0,0.0
216,1671.0,-0.0,0.0
217,1637.0,-0.0,0.0
218,1676.0,0.0,0.0
219,1641.0,0.0,0.0
220,3155.0,0.0,0.0
221,3127.0,0.0,0.0
222,3155.0,0.0,0.0
223,3127.0,0.0,0.0
224,3156.0,-0.0,0.0
225,3129.0,-0.0,0.0
226,3156.0,0.0,0.0
227,3129.0,0.0,0.0
228,3157.0,0.003,0.0
229,3130.0,0.003,0.0
230,3158.0,0.0,0.0
231,3131.0,0.0,0.0
232,3159.0,-0.0,0.0
233,3132.0,-0.0,0.0
234,3159.0,0.0,0.0
235,3133.0,0.0,0.0
236,3161.0,-0.0,0.0
237,3134.0,-0.013,0.2
238,3161.0,0.009,0.1
239,3136.0,0.0,0.0
240,3162.0,-0.0,0.0
241,3137.0,-0.0,0.0
242,3164.0,-0.04,2.5
243,3140.0,-0.038,2.2
244,3176.0,-0.0,0.0
245,3150.0,-0.0,0.0
246,3176.0,-0.0,0.0
247,3150.0,-0.0,0.0
248,3188.0,-0.0,0.0
249,3166.0,-0.0,0.0
250,3188.0,0.036,2.1
251,3166.0,0.038,2.3
