,Frequencies,Displacement,Reorg Energy
0,-0.0,0.0,-0.0
1,-0.0,0.0,-0.0
2,-0.0,0.0,-0.0
3,-0.0,0.0,-0.0
4,-0.0,0.0,-0.0
5,0.0,0.0,0.0
6,0.0,-0.0,0.0
7,0.0,-0.0,0.0
8,0.0,-0.0,0.0
9,0.0,-0.0,0.0
10,0.0,-0.0,0.0
11,0.0,-0.0,0.0
12,173.0,-0.0,0.0
13,163.0,-0.0,0.0
14,186.0,-0.0,0.0
15,177.0,-0.0,0.0
16,366.0,0.0,0.0
17,300.0,0.0,0.0
18,395.0,-0.0,0.0
19,366.0,-0.0,0.0
20,480.0,0.0,0.0
21,466.0,0.0,0.0
22,487.0,0.0,0.0
23,511.0,0.953,232.0
24,519.0,-0.0,0.0
25,512.0,-0.0,0.0
26,520.0,0.962,240.3
27,516.0,0.0,0.0
28,635.0,-0.0,0.0
29,583.0,-0.0,0.0
30,636.0,-0.0,0.0
31,610.0,-0.0,0.0
32,729.0,0.0,0.0
33,645.0,0.0,0.0
34,773.0,0.316,38.6
35,694.0,0.0,0.0
36,786.0,0.0,0.0
37,701.0,0.0,0.0
38,799.0,0.0,0.0
39,717.0,0.0,0.0
40,809.0,-0.0,0.0
41,742.0,-0.0,0.0
42,848.0,-0.0,0.0
43,749.0,-0.371,51.5
44,896.0,0.0,0.0
45,753.0,0.0,0.0
46,951.0,-0.0,0.0
47,797.0,-0.0,0.0
48,956.0,-0.0,0.0
49,798.0,-0.0,0.0
50,973.0,-0.0,0.0
51,847.0,-0.0,0.0
52,993.0,-0.0,0.0
53,864.0,-0.0,0.0
54,1000.0,0.0,0.0
55,892.0,0.0,0.0
56,1035.0,0.0,0.0
57,1021.0,0.0,0.0
58,1046.0,-0.065,2.2
59,1051.0,-0.193,19.5
60,1151.0,0.0,0.0
61,1060.0,0.0,0.0
62,1169.0,0.0,0.0
63,1104.0,0.0,0.0
64,1172.0,0.0,0.0
65,1154.0,0.0,0.0
66,1185.0,0.313,58.1
67,1158.0,0.252,36.8
68,1232.0,0.0,0.0
69,1209.0,0.0,0.0
70,1270.0,-0.0,0.0
71,1221.0,-0.0,0.0
72,1287.0,0.0,0.0
73,1262.0,0.0,0.0
74,1391.0,-0.0,0.0
75,1365.0,-0.732,365.5
76,1398.0,-0.802,449.9
77,1392.0,-0.0,0.0
78,1418.0,-0.0,0.0
79,1397.0,-0.0,0.0
80,1490.0,-0.091,6.2
81,1404.0,-0.0,0.0
82,1491.0,0.0,0.0
83,1439.0,0.0,0.0
84,1548.0,-0.0,0.0
85,1466.0,-0.1,7.3
86,1613.0,0.613,302.8
87,1527.0,0.0,0.0
88,1641.0,0.0,0.0
89,1529.0,0.0,0.0
90,1670.0,0.0,0.0
91,1597.0,0.617,304.1
92,3154.0,0.0,0.0
93,3092.0,0.0,0.0
94,3156.0,-0.0,0.0
95,3095.0,-0.0,0.0
96,3158.0,-0.0,0.0
97,3105.0,-0.0,0.0
98,3162.0,0.004,0.0
99,3110.0,0.024,0.9
100,3172.0,-0.0,0.0
101,3118.0,-0.0,0.0
102,3173.0,-0.0,0.0
103,3123.0,-0.0,0.0
104,3185.0,0.0,0.0
105,3133.0,0.0,0.0
106,3186.0,0.061,5.8
107,3139.0,0.066,6.8
