,Frequencies,Displacement,Reorg Energy
0,-0.0,-0.0,-0.0
1,-0.0,-0.0,-0.0
2,-0.0,-0.0,-0.0
3,-0.0,-0.0,-0.0
4,-0.0,-0.0,-0.0
5,-0.0,-0.0,-0.0
6,-0.0,-0.0,-0.0
7,-0.0,-0.0,-0.0
8,0.0,0.0,0.0
9,-0.0,0.0,-0.0
10,0.0,-0.0,0.0
11,-0.0,-0.0,-0.0
12,91.0,-0.0,0.0
13,91.0,-0.0,0.0
14,121.0,-0.0,0.0
15,115.0,-0.0,0.0
16,236.0,-0.0,0.0
17,235.0,-0.0,0.0
18,236.0,-0.0,0.0
19,251.0,-0.0,0.0
20,269.0,-0.0,0.0
21,252.0,-0.0,0.0
22,387.0,0.0,0.0
23,334.0,0.0,0.0
24,396.0,-0.0,0.0
25,393.0,-0.0,0.0
26,398.0,1.074,229.5
27,395.0,1.074,227.9
28,478.0,-0.0,0.0
29,464.0,-0.0,0.0
30,484.0,-0.0,0.0
31,470.0,-0.0,0.0
32,507.0,-0.0,0.0
33,539.0,-0.0,0.0
34,536.0,-0.0,0.0
35,543.0,-0.0,0.0
36,591.0,-0.0,0.0
37,577.0,-0.0,0.0
38,618.0,-0.0,0.0
39,615.0,-0.0,0.0
40,642.0,0.242,18.9
41,628.0,0.231,16.7
42,661.0,0.0,0.0
43,662.0,0.0,0.0
44,740.0,0.0,0.0
45,685.0,0.0,0.0
46,759.0,0.0,0.0
47,714.0,0.0,0.0
48,763.0,-0.022,0.2
49,726.0,-0.0,0.0
50,770.0,0.0,0.0
51,740.0,0.0,0.0
52,782.0,0.0,0.0
53,748.0,0.017,0.1
54,821.0,0.0,0.0
55,752.0,0.0,0.0
56,844.0,-0.0,0.0
57,769.0,-0.0,0.0
58,866.0,0.0,0.0
59,808.0,0.0,0.0
60,895.0,-0.0,0.0
61,813.0,-0.0,0.0
62,911.0,-0.0,0.0
63,832.0,-0.0,0.0
64,919.0,-0.0,0.0
65,841.0,-0.0,0.0
66,929.0,-0.0,0.0
67,844.0,-0.0,0.0
68,967.0,-0.0,0.0
69,890.0,-0.0,0.0
70,972.0,0.0,0.0
71,891.0,0.0,0.0
72,995.0,0.0,0.0
73,905.0,0.0,0.0
74,996.0,-0.0,0.0
75,910.0,-0.0,0.0
76,1026.0,0.0,0.0
77,1043.0,0.0,0.0
78,1031.0,0.034,0.6
79,1044.0,0.061,1.9
80,1127.0,0.0,0.0
81,1096.0,0.0,0.0
82,1159.0,-0.0,0.0
83,1134.0,-0.0,0.0
84,1173.0,0.0,0.0
85,1155.0,0.0,0.0
86,1189.0,-0.0,0.0
87,1168.0,-0.287,48.1
88,1190.0,-0.3,53.5
89,1174.0,-0.0,0.0
90,1211.0,0.0,0.0
91,1197.0,0.0,0.0
92,1290.0,0.364,85.3
93,1260.0,0.138,12.0
94,1291.0,0.0,0.0
95,1275.0,0.0,0.0
96,1295.0,0.0,0.0
97,1282.0,0.0,0.0
98,1339.0,0.0,0.0
99,1292.0,0.0,0.0
100,1376.0,-0.0,0.0
101,1355.0,-0.0,0.0
102,1414.0,0.0,0.0
103,1385.0,0.694,333.6
104,1415.0,-0.0,0.0
105,1399.0,-0.0,0.0
106,1428.0,-0.634,286.7
107,1409.0,-0.0,0.0
108,1482.0,0.0,0.0
109,1458.0,0.0,0.0
110,1487.0,-0.0,0.0
111,1467.0,-0.0,0.0
112,1517.0,0.033,0.8
113,1493.0,0.0,0.0
114,1579.0,0.0,0.0
115,1510.0,0.212,34.0
116,1594.0,0.445,157.8
117,1548.0,0.0,0.0
118,1624.0,-0.0,0.0
119,1554.0,-0.0,0.0
120,1668.0,-0.0,0.0
121,1575.0,-0.403,128.2
122,1670.0,0.0,0.0
123,1592.0,0.0,0.0
124,3153.0,0.0,0.0
125,3107.0,0.0,0.0
126,3155.0,0.007,0.1
127,3108.0,0.0,0.0
128,3157.0,0.0,0.0
129,3113.0,0.002,0.0
130,3158.0,0.0,0.0
131,3115.0,0.0,0.0
132,3161.0,0.0,0.0
133,3116.0,0.0,0.0
134,3163.0,0.021,0.7
135,3122.0,0.013,0.2
136,3175.0,0.0,0.0
137,3129.0,0.0,0.0
138,3175.0,0.0,0.0
139,3131.0,0.0,0.0
140,3187.0,-0.0,0.0
141,3146.0,-0.0,0.0
142,3187.0,0.059,5.5
143,3148.0,0.067,7.1
