,Frequencies,Displacement,Reorg Energy
0,-115.0,0.0,-0.0
1,-111.0,0.0,-0.0
2,-0.0,-0.0,-0.0
3,-44.0,-0.0,-0.0
4,-0.0,0.0,-0.0
5,-0.0,0.0,-0.0
6,0.0,0.0,0.0
7,0.0,0.0,0.0
8,0.0,-0.0,0.0
9,0.0,-0.0,0.0
10,0.0,-0.0,0.0
11,0.0,-0.0,0.0
12,0.0,-0.0,0.0
13,0.0,-0.0,0.0
14,156.0,-0.0,0.0
15,0.0,-0.0,0.0
16,156.0,0.0,0.0
17,151.0,0.0,0.0
18,286.0,0.0,0.0
19,151.0,0.0,0.0
20,286.0,0.0,0.0
21,256.0,0.0,0.0
22,305.0,-0.0,0.0
23,270.0,-0.0,0.0
24,305.0,0.0,0.0
25,297.0,0.0,0.0
26,389.0,-0.027,0.1
27,299.0,-0.0,0.0
28,389.0,0.006,0.0
29,385.0,0.108,2.3
30,434.0,-0.574,71.4
31,387.0,-0.249,12.0
32,434.0,-0.66,94.5
33,410.0,-0.804,132.3
34,453.0,0.0,0.0
35,431.0,0.0,0.0
36,453.0,0.0,0.0
37,450.0,0.0,0.0
38,553.0,0.0,0.0
39,517.0,0.0,0.0
40,555.0,0.065,1.2
41,525.0,0.0,0.0
42,558.0,-0.0,0.0
43,556.0,-0.082,1.9
44,562.0,-0.054,0.8
45,559.0,-0.001,0.0
46,562.0,0.072,1.4
47,564.0,0.033,0.3
48,614.0,-0.169,8.7
49,566.0,-0.003,0.0
50,614.0,-0.333,34.0
51,566.0,-0.0,0.0
52,614.0,-0.0,0.0
53,567.0,-0.0,0.0
54,614.0,-0.0,0.0
55,613.0,-0.387,46.0
56,660.0,-0.001,0.0
57,653.0,-0.0,0.0
58,676.0,-0.0,0.0
59,655.0,-0.001,0.0
60,676.0,-0.0,0.0
61,677.0,-0.0,0.0
62,751.0,0.048,0.9
63,731.0,0.0,0.0
64,751.0,-0.004,0.0
65,738.0,-0.001,0.0
66,770.0,-0.0,0.0
67,774.0,-0.0,0.0
68,770.0,0.0,0.0
69,775.0,0.0,0.0
70,830.0,0.0,0.0
71,806.0,0.0,0.0
72,831.0,0.0,0.0
73,806.0,0.0,0.0
74,839.0,-0.0,0.0
75,853.0,-0.0,0.0
76,839.0,-0.0,0.0
77,862.0,-0.001,0.0
78,848.0,0.0,0.0
79,863.0,0.006,0.0
80,869.0,-0.007,0.0
81,871.0,-0.0,0.0
82,869.0,-0.024,0.2
83,890.0,-0.0,0.0
84,954.0,0.001,0.0
85,916.0,0.001,0.0
86,958.0,0.0,0.0
87,955.0,0.001,0.0
88,963.0,0.0,0.0
89,981.0,0.0,0.0
90,963.0,-0.0,0.0
91,987.0,-0.0,0.0
92,970.0,0.0,0.0
93,989.0,0.0,0.0
94,970.0,0.0,0.0
95,998.0,0.0,0.0
96,1034.0,-0.248,31.9
97,998.0,-0.0,0.0
98,1093.0,-0.084,3.9
99,1028.0,-0.177,16.1
100,1093.0,-0.166,15.1
101,1070.0,-0.084,3.7
102,1140.0,-0.169,16.2
103,1082.0,-0.288,44.9
104,1140.0,0.025,0.4
105,1103.0,0.21,24.3
106,1159.0,0.076,3.4
107,1148.0,0.032,0.6
108,1159.0,0.128,9.5
109,1157.0,0.095,5.2
110,1161.0,0.003,0.0
111,1163.0,0.009,0.1
112,1161.0,0.024,0.3
113,1170.0,0.007,0.0
114,1201.0,-0.004,0.0
115,1196.0,-0.003,0.0
116,1201.0,0.032,0.6
117,1208.0,0.002,0.0
118,1231.0,-0.001,0.0
119,1218.0,-0.001,0.0
120,1240.0,-0.474,139.4
121,1246.0,-0.502,156.9
122,1320.0,-0.011,0.1
123,1248.0,-0.012,0.1
124,1320.0,-0.046,1.4
125,1286.0,-0.007,0.0
126,1366.0,-0.058,2.3
127,1294.0,-0.026,0.4
128,1366.0,-0.098,6.5
129,1339.0,-0.011,0.1
130,1411.0,0.015,0.1
131,1350.0,0.064,2.8
132,1411.0,-0.031,0.7
133,1411.0,-0.048,1.6
134,1433.0,-0.012,0.1
135,1418.0,-0.076,4.1
136,1433.0,-0.032,0.8
137,1421.0,-0.003,0.0
138,1449.0,-0.33,78.8
139,1437.0,-0.251,45.4
140,1450.0,-0.007,0.0
141,1441.0,-0.082,4.8
142,1450.0,0.008,0.0
143,1459.0,0.01,0.1
144,1480.0,0.0,0.0
145,1472.0,0.033,0.8
146,1518.0,0.426,138.1
147,1498.0,0.002,0.0
148,1518.0,-0.441,147.6
149,1514.0,-0.54,220.5
150,1718.0,-0.006,0.0
151,1627.0,-0.027,0.6
152,1719.0,0.022,0.4
153,1654.0,0.123,12.5
154,1721.0,0.111,10.5
155,1682.0,0.01,0.1
156,1721.0,0.022,0.4
157,1710.0,0.112,10.6
158,1741.0,-0.057,2.8
159,1729.0,-0.028,0.7
160,3154.0,0.002,0.0
161,3180.0,0.0,0.0
162,3154.0,-0.0,0.0
163,3180.0,-0.001,0.0
164,3154.0,0.002,0.0
165,3181.0,0.0,0.0
166,3154.0,-0.0,0.0
167,3181.0,-0.001,0.0
168,3155.0,0.001,0.0
169,3183.0,0.0,0.0
170,3171.0,0.0,0.0
171,3193.0,0.015,0.3
172,3171.0,-0.002,0.0
173,3194.0,-0.018,0.5
174,3172.0,0.001,0.0
175,3194.0,0.014,0.3
176,3172.0,0.005,0.0
177,3195.0,0.021,0.7
178,3173.0,-0.041,2.7
179,3196.0,-0.02,0.6
