,Frequencies,Displacement,Reorg Energy
0,-0.0,-0.0,-0.0
1,-94.0,-0.0,-0.0
2,-0.0,-0.0,-0.0
3,-0.0,-0.0,-0.0
4,-0.0,-0.0,-0.0
5,-0.0,-0.0,-0.0
6,-0.0,0.0,-0.0
7,0.0,0.0,0.0
8,0.0,-0.0,0.0
9,0.0,-0.0,0.0
10,0.0,0.0,0.0
11,0.0,0.0,0.0
12,88.0,-0.0,0.0
13,0.0,-0.0,0.0
14,88.0,-0.0,0.0
15,84.0,-0.0,0.0
16,126.0,-0.0,0.0
17,87.0,-0.0,0.0
18,165.0,-0.0,0.0
19,122.0,-0.0,0.0
20,227.0,-0.0,0.0
21,159.0,-0.0,0.0
22,297.0,0.0,0.0
23,219.0,0.0,0.0
24,297.0,0.0,0.0
25,280.0,0.0,0.0
26,302.0,0.0,0.0
27,291.0,0.0,0.0
28,302.0,0.0,0.0
29,296.0,0.0,0.0
30,370.0,0.598,66.2
31,297.0,0.0,0.0
32,370.0,-0.0,0.0
33,372.0,-0.6,66.8
34,385.0,0.0,0.0
35,381.0,0.0,0.0
36,385.0,-0.0,0.0
37,385.0,-0.0,0.0
38,457.0,-0.0,0.0
39,436.0,-0.0,0.0
40,457.0,-0.0,0.0
41,442.0,-0.0,0.0
42,481.0,0.0,0.0
43,469.0,0.0,0.0
44,485.0,0.063,1.0
45,479.0,0.0,0.0
46,498.0,0.0,0.0
47,485.0,0.055,0.7
48,498.0,0.213,11.3
49,498.0,0.221,12.1
50,530.0,-0.0,0.0
51,498.0,-0.0,0.0
52,553.0,0.0,0.0
53,527.0,0.0,0.0
54,553.0,-0.0,0.0
55,546.0,-0.0,0.0
56,565.0,0.0,0.0
57,559.0,0.0,0.0
58,565.0,0.0,0.0
59,567.0,0.0,0.0
60,624.0,0.0,0.0
61,584.0,0.0,0.0
62,646.0,-0.0,0.0
63,639.0,-0.0,0.0
64,672.0,-0.0,0.0
65,661.0,-0.0,0.0
66,672.0,-0.0,0.0
67,666.0,-0.0,0.0
68,681.0,-0.0,0.0
69,670.0,-0.0,0.0
70,691.0,-0.0,0.0
71,677.0,-0.0,0.0
72,691.0,-0.049,0.8
73,689.0,-0.047,0.8
74,773.0,0.0,0.0
75,711.0,0.0,0.0
76,773.0,-0.0,0.0
77,740.0,-0.0,0.0
78,776.0,0.0,0.0
79,746.0,0.0,0.0
80,784.0,-0.0,0.0
81,761.0,-0.0,0.0
82,785.0,-0.0,0.0
83,775.0,-0.0,0.0
84,785.0,0.0,0.0
85,778.0,0.0,0.0
86,818.0,-0.0,0.0
87,792.0,-0.0,0.0
88,818.0,0.0,0.0
89,805.0,0.0,0.0
90,824.0,0.0,0.0
91,819.0,0.0,0.0
92,824.0,0.0,0.0
93,826.0,0.0,0.0
94,854.0,-0.0,0.0
95,833.0,-0.0,0.0
96,854.0,0.0,0.0
97,870.0,0.0,0.0
98,874.0,0.0,0.0
99,875.0,0.0,0.0
100,942.0,0.0,0.0
101,894.0,0.0,0.0
102,960.0,-0.0,0.0
103,941.0,-0.0,0.0
104,966.0,0.0,0.0
105,980.0,0.0,0.0
106,966.0,0.0,0.0
107,986.0,0.0,0.0
108,977.0,-0.0,0.0
109,992.0,-0.0,0.0
110,977.0,-0.0,0.0
111,1000.0,-0.0,0.0
112,983.0,0.0,0.0
113,1003.0,0.0,0.0
114,1010.0,-0.134,9.1
115,1004.0,-0.134,9.0
116,1010.0,0.0,0.0
117,1007.0,0.0,0.0
118,1049.0,0.182,17.4
119,1032.0,0.0,0.0
120,1159.0,0.0,0.0
121,1057.0,0.213,23.9
122,1159.0,-0.0,0.0
123,1152.0,-0.0,0.0
124,1159.0,-0.0,0.0
125,1164.0,-0.0,0.0
126,1182.0,0.0,0.0
127,1167.0,0.0,0.0
128,1182.0,-0.225,30.0
129,1175.0,-0.207,25.3
130,1184.0,-0.0,0.0
131,1184.0,-0.0,0.0
132,1213.0,-0.0,0.0
133,1212.0,-0.0,0.0
134,1237.0,0.0,0.0
135,1227.0,0.0,0.0
136,1237.0,0.0,0.0
137,1242.0,0.276,47.2
138,1244.0,-0.167,17.4
139,1244.0,-0.0,0.0
140,1249.0,0.0,0.0
141,1246.0,0.0,0.0
142,1249.0,0.259,41.9
143,1261.0,0.0,0.0
144,1258.0,-0.0,0.0
145,1265.0,-0.046,1.3
146,1338.0,0.0,0.0
147,1336.0,0.0,0.0
148,1338.0,0.0,0.0
149,1337.0,0.0,0.0
150,1372.0,0.333,76.1
151,1349.0,0.0,0.0
152,1373.0,0.0,0.0
153,1383.0,0.393,106.9
154,1423.0,-0.0,0.0
155,1388.0,-0.0,0.0
156,1423.0,-0.12,10.3
157,1401.0,-0.0,0.0
158,1425.0,0.0,0.0
159,1421.0,0.0,0.0
160,1425.0,-0.0,0.0
161,1427.0,-0.123,10.9
162,1445.0,-0.0,0.0
163,1439.0,-0.0,0.0
164,1465.0,0.0,0.0
165,1450.0,0.0,0.0
166,1465.0,0.217,34.6
167,1457.0,0.092,6.1
168,1481.0,0.0,0.0
169,1480.0,0.199,29.3
170,1481.0,-0.03,0.6
171,1494.0,-0.0,0.0
172,1518.0,0.0,0.0
173,1497.0,0.0,0.0
174,1533.0,0.0,0.0
175,1526.0,0.0,0.0
176,1533.0,0.0,0.0
177,1526.0,0.0,0.0
178,1573.0,-0.0,0.0
179,1545.0,-0.0,0.0
180,1584.0,-0.0,0.0
181,1570.0,-0.0,0.0
182,1639.0,-0.162,21.4
183,1574.0,-0.0,0.0
184,1654.0,-0.0,0.0
185,1601.0,-0.0,0.0
186,1654.0,0.0,0.0
187,1612.0,0.175,24.7
188,1654.0,0.482,191.9
189,1629.0,0.0,0.0
190,1654.0,-0.0,0.0
191,1649.0,-0.434,155.0
192,3155.0,-0.0,0.0
193,3179.0,-0.0,0.0
194,3156.0,-0.0,0.0
195,3180.0,-0.0,0.0
196,3156.0,-0.0,0.0
197,3180.0,-0.0,0.0
198,3158.0,-0.0,0.0
199,3180.0,-0.003,0.0
200,3158.0,0.019,0.6
201,3182.0,0.0,0.0
202,3158.0,-0.0,0.0
203,3182.0,-0.0,0.0
204,3173.0,0.0,0.0
205,3194.0,0.0,0.0
206,3174.0,-0.005,0.0
207,3194.0,-0.019,0.6
208,3174.0,-0.0,0.0
209,3198.0,-0.0,0.0
210,3175.0,0.0,0.0
211,3198.0,0.0,0.0
212,3175.0,0.0,0.0
213,3200.0,0.0,0.0
214,3177.0,0.051,4.1
215,3200.0,0.049,3.9
