,Frequencies,Displacement,Reorg Energy
0,-115.0,0.0,-0.0
1,-107.0,0.0,-0.0
2,-0.0,0.0,-0.0
3,-6.0,0.0,-0.0
4,-0.0,0.0,-0.0
5,-0.0,0.0,-0.0
6,-0.0,0.0,-0.0
7,-0.0,0.0,-0.0
8,0.0,0.0,0.0
9,-0.0,0.0,-0.0
10,0.0,-0.0,0.0
11,-0.0,-0.0,-0.0
12,0.0,0.0,0.0
13,0.0,0.0,0.0
14,156.0,0.0,0.0
15,0.0,0.0,0.0
16,156.0,-0.0,0.0
17,156.0,-0.0,0.0
18,286.0,-0.0,0.0
19,157.0,-0.0,0.0
20,286.0,0.0,0.0
21,245.0,0.0,0.0
22,305.0,0.0,0.0
23,283.0,0.0,0.0
24,305.0,-0.0,0.0
25,305.0,-0.0,0.0
26,389.0,-0.005,0.0
27,306.0,-0.0,0.0
28,389.0,0.003,0.0
29,383.0,0.005,0.0
30,434.0,0.197,8.4
31,393.0,0.001,0.0
32,434.0,-0.169,6.2
33,419.0,-0.0,0.0
34,453.0,0.0,0.0
35,430.0,0.261,14.7
36,453.0,-0.0,0.0
37,461.0,-0.001,0.0
38,553.0,0.0,0.0
39,464.0,0.0,0.0
40,555.0,0.367,37.3
41,532.0,0.0,0.0
42,558.0,-0.0,0.0
43,553.0,-0.0,0.0
44,562.0,0.074,1.5
45,554.0,0.362,36.3
46,562.0,0.056,0.9
47,561.0,0.13,4.7
48,614.0,-0.29,25.8
49,565.0,-0.001,0.0
50,614.0,0.144,6.3
51,592.0,0.0,0.0
52,614.0,-0.0,0.0
53,594.0,-0.0,0.0
54,614.0,-0.0,0.0
55,618.0,-0.329,33.4
56,660.0,0.0,0.0
57,635.0,0.0,0.0
58,676.0,0.0,0.0
59,656.0,0.0,0.0
60,676.0,-0.0,0.0
61,658.0,-0.0,0.0
62,751.0,0.007,0.0
63,708.0,0.001,0.0
64,751.0,-0.0,0.0
65,714.0,-0.0,0.0
66,770.0,0.0,0.0
67,718.0,0.0,0.0
68,770.0,-0.0,0.0
69,743.0,-0.021,0.2
70,830.0,-0.0,0.0
71,752.0,-0.009,0.0
72,831.0,0.0,0.0
73,757.0,0.0,0.0
74,839.0,-0.0,0.0
75,774.0,-0.0,0.0
76,839.0,-0.0,0.0
77,786.0,-0.0,0.0
78,848.0,0.0,0.0
79,818.0,0.0,0.0
80,869.0,0.0,0.0
81,820.0,0.0,0.0
82,869.0,0.004,0.0
83,832.0,0.0,0.0
84,954.0,0.001,0.0
85,845.0,0.0,0.0
86,958.0,0.0,0.0
87,859.0,0.012,0.1
88,963.0,0.0,0.0
89,863.0,0.006,0.0
90,963.0,-0.0,0.0
91,882.0,-0.0,0.0
92,970.0,-0.0,0.0
93,904.0,-0.0,0.0
94,970.0,0.0,0.0
95,925.0,0.0,0.0
96,1034.0,-0.178,16.4
97,949.0,-0.001,0.0
98,1093.0,0.088,4.2
99,1016.0,0.06,1.8
100,1093.0,-0.04,0.9
101,1076.0,-0.229,28.1
102,1140.0,0.008,0.0
103,1090.0,0.21,24.1
104,1140.0,0.054,1.7
105,1100.0,0.022,0.3
106,1159.0,0.433,108.5
107,1107.0,0.017,0.2
108,1159.0,0.249,36.0
109,1122.0,0.087,4.3
110,1161.0,-0.006,0.0
111,1143.0,-0.043,1.1
112,1161.0,0.001,0.0
113,1180.0,0.254,38.0
114,1201.0,0.001,0.0
115,1191.0,0.048,1.4
116,1201.0,-0.001,0.0
117,1196.0,-0.046,1.2
118,1231.0,-0.001,0.0
119,1225.0,-0.002,0.0
120,1240.0,-0.525,171.0
121,1235.0,-0.586,212.0
122,1320.0,0.002,0.0
123,1268.0,0.02,0.3
124,1320.0,0.004,0.0
125,1286.0,0.046,1.4
126,1366.0,0.216,31.9
127,1307.0,0.026,0.4
128,1366.0,-0.123,10.4
129,1351.0,-0.39,102.6
130,1411.0,0.131,12.0
131,1378.0,0.091,5.6
132,1411.0,0.063,2.8
133,1390.0,0.021,0.3
134,1433.0,0.002,0.0
135,1405.0,0.237,39.6
136,1433.0,0.008,0.0
137,1429.0,0.211,31.9
138,1449.0,-0.48,166.9
139,1434.0,-0.063,2.8
140,1450.0,-0.01,0.1
141,1441.0,-0.219,34.6
142,1450.0,0.007,0.0
143,1443.0,0.063,2.9
144,1480.0,0.001,0.0
145,1451.0,0.041,1.2
146,1518.0,0.238,43.2
147,1485.0,0.01,0.1
148,1518.0,0.238,43.1
149,1488.0,0.281,58.8
150,1718.0,-0.017,0.2
151,1596.0,-0.001,0.0
152,1719.0,-0.018,0.3
153,1660.0,-0.174,25.2
154,1721.0,0.074,4.7
155,1675.0,0.135,15.4
156,1721.0,-0.388,129.9
157,1691.0,-0.366,113.5
158,1741.0,-0.261,59.3
159,1704.0,-0.272,62.8
160,3154.0,-0.001,0.0
161,3106.0,-0.002,0.0
162,3154.0,0.001,0.0
163,3110.0,0.002,0.0
164,3154.0,0.003,0.0
165,3111.0,0.012,0.2
166,3154.0,-0.006,0.1
167,3114.0,-0.011,0.2
168,3155.0,-0.009,0.1
169,3115.0,-0.002,0.0
170,3171.0,-0.012,0.2
171,3130.0,-0.026,1.1
172,3171.0,0.001,0.0
173,3132.0,0.005,0.0
174,3172.0,0.003,0.0
175,3134.0,0.011,0.2
176,3172.0,-0.006,0.1
177,3136.0,-0.007,0.1
178,3173.0,0.062,6.1
179,3138.0,0.056,4.9
