,Frequencies,Displacement,Reorg Energy
0,-0.0,-0.0,-0.0
1,-0.0,-0.0,-0.0
2,-0.0,0.0,-0.0
3,-0.0,0.0,-0.0
4,-0.0,0.0,-0.0
5,-0.0,0.0,-0.0
6,0.0,0.0,0.0
7,-0.0,0.0,-0.0
8,0.0,-0.0,0.0
9,0.0,-0.0,0.0
10,0.0,0.0,0.0
11,0.0,0.0,0.0
12,82.0,-0.0,0.0
13,61.0,-0.0,0.0
14,86.0,-0.0,0.0
15,94.0,-0.0,0.0
16,122.0,0.001,0.0
17,122.0,0.001,0.0
18,134.0,0.014,0.0
19,131.0,0.006,0.0
20,202.0,-0.0,0.0
21,216.0,-0.0,0.0
22,336.0,0.001,0.0
23,323.0,0.0,0.0
24,361.0,0.251,11.3
25,354.0,0.0,0.0
26,380.0,0.0,0.0
27,361.0,0.197,7.0
28,390.0,-0.0,0.0
29,396.0,-0.0,0.0
30,481.0,-0.0,0.0
31,406.0,-0.0,0.0
32,528.0,0.001,0.0
33,513.0,0.001,0.0
34,579.0,-0.0,0.0
35,582.0,-0.0,0.0
36,587.0,0.0,0.0
37,593.0,0.0,0.0
38,610.0,-0.411,51.6
39,606.0,-0.422,54.0
40,619.0,0.094,2.8
41,618.0,0.206,13.0
42,668.0,0.0,0.0
43,674.0,0.0,0.0
44,713.0,0.541,104.3
45,759.0,0.556,117.2
46,769.0,0.0,0.0
47,815.0,0.0,0.0
48,779.0,-0.0,0.0
49,815.0,-0.0,0.0
50,828.0,0.0,0.0
51,840.0,0.0,0.0
52,933.0,-0.007,0.0
53,952.0,-0.06,1.7
54,982.0,0.0,0.0
55,992.0,0.0,0.0
56,984.0,-0.0,0.0
57,995.0,-0.0,0.0
58,984.0,0.075,2.8
59,1004.0,0.042,0.9
60,1166.0,-0.0,0.0
61,1176.0,-0.0,0.0
62,1232.0,0.001,0.0
63,1225.0,0.475,138.2
64,1233.0,-0.313,60.3
65,1249.0,-0.0,0.0
66,1342.0,0.0,0.0
67,1311.0,0.498,162.4
68,1401.0,-0.328,75.4
69,1340.0,-0.0,0.0
70,1432.0,-0.0,0.0
71,1449.0,-0.0,0.0
72,1520.0,-0.507,195.1
73,1450.0,-0.048,1.7
74,1571.0,-0.0,0.0
75,1495.0,-0.0,0.0
76,1652.0,0.721,429.2
77,1605.0,0.637,325.4
78,2307.0,0.001,0.0
79,2222.0,0.0,0.0
80,2324.0,0.09,9.5
81,2268.0,0.09,9.2
82,3177.0,0.002,0.0
83,3183.0,0.003,0.0
84,3177.0,-0.001,0.0
85,3183.0,-0.0,0.0
86,3201.0,-0.008,0.1
87,3200.0,-0.0,0.0
88,3201.0,0.0,0.0
89,3200.0,0.009,0.1
