,Frequencies,Displacement,Reorg Energy
0,-439.0,0.0,-0.0
1,-0.0,0.0,-0.0
2,-0.0,-0.0,-0.0
3,-0.0,-0.0,-0.0
4,-0.0,0.0,-0.0
5,-0.0,0.0,-0.0
6,-0.0,-0.0,-0.0
7,0.0,-0.0,0.0
8,-0.0,0.0,-0.0
9,0.0,0.0,0.0
10,-0.0,0.0,-0.0
11,0.0,0.0,0.0
12,-0.0,-0.0,-0.0
13,212.0,-0.0,0.0
14,219.0,-0.0,0.0
15,370.0,-0.0,0.0
16,345.0,-0.0,0.0
17,426.0,-0.0,0.0
18,379.0,0.0,0.0
19,427.0,0.0,0.0
20,419.0,-0.0,0.0
21,523.0,-0.291,22.1
22,515.0,-0.0,0.0
23,535.0,-0.0,0.0
24,540.0,0.286,22.0
25,623.0,0.0,0.0
26,636.0,-0.0,0.0
27,633.0,-0.0,0.0
28,703.0,0.0,0.0
29,705.0,0.0,0.0
30,758.0,-0.0,0.0
31,815.0,-0.0,0.0
32,815.0,-0.0,0.0
33,822.0,-0.059,1.4
34,836.0,0.069,2.0
35,837.0,0.0,0.0
36,869.0,-0.0,0.0
37,934.0,-0.0,0.0
38,955.0,-0.0,0.0
39,959.0,-0.0,0.0
40,975.0,-0.0,0.0
41,965.0,-0.176,15.0
42,1006.0,0.164,13.5
43,1013.0,0.0,0.0
44,1023.0,0.0,0.0
45,1036.0,0.13,8.8
46,1048.0,-0.112,6.5
47,1101.0,-0.0,0.0
48,1121.0,-0.0,0.0
49,1147.0,-0.0,0.0
50,1178.0,0.0,0.0
51,1171.0,0.126,9.3
52,1200.0,0.123,9.0
53,1296.0,0.362,84.9
54,1327.0,0.18,21.6
55,1336.0,0.0,0.0
56,1342.0,-0.0,0.0
57,1346.0,-0.0,0.0
58,1364.0,-0.0,0.0
59,1363.0,-0.126,10.9
60,1499.0,0.0,0.0
61,1402.0,0.0,0.0
62,1534.0,-0.331,83.8
63,1482.0,-0.0,0.0
64,1621.0,-0.0,0.0
65,1506.0,-0.348,91.4
66,1641.0,0.349,100.2
67,1584.0,0.0,0.0
68,1661.0,0.182,27.5
69,1600.0,0.224,40.0
70,3148.0,0.038,2.2
71,2487.0,0.3,112.0
72,3149.0,-0.0,0.0
73,2669.0,-0.0,0.0
74,3165.0,-0.056,4.9
75,3004.0,-0.199,59.8
76,3170.0,0.0,0.0
77,3009.0,0.179,48.4
78,3189.0,0.145,33.7
79,3017.0,0.0,0.0
80,3638.0,0.646,759.2
81,3052.0,0.223,75.7
82,3759.0,-0.0,0.0
83,3058.0,-0.0,0.0
