,Frequencies,Displacement,Reorg Energy
0,-0.0,-0.0,-0.0
1,-0.0,-0.0,-0.0
2,-0.0,0.0,-0.0
3,-0.0,0.0,-0.0
4,0.0,0.0,0.0
5,-0.0,0.0,-0.0
6,0.0,-0.0,0.0
7,0.0,-0.0,0.0
8,0.0,0.0,0.0
9,0.0,0.0,0.0
10,0.0,-0.0,0.0
11,0.0,-0.0,0.0
12,195.0,-0.0,0.0
13,172.0,-0.0,0.0
14,214.0,0.0,0.0
15,228.0,0.0,0.0
16,334.0,-0.678,76.6
17,341.0,-0.681,79.0
18,467.0,-0.0,0.0
19,426.0,-0.0,0.0
20,495.0,0.384,36.4
21,456.0,0.132,4.0
22,524.0,0.0,0.0
23,473.0,0.0,0.0
24,566.0,0.682,131.6
25,516.0,0.88,199.9
26,642.0,-1.322,561.3
27,563.0,-1.135,362.6
28,662.0,-0.0,0.0
29,635.0,-0.335,35.7
30,681.0,0.43,63.0
31,679.0,0.0,0.0
32,740.0,0.0,0.0
33,734.0,0.45,74.4
34,783.0,-0.121,5.7
35,772.0,-0.0,0.0
36,790.0,0.0,0.0
37,816.0,0.208,17.6
38,845.0,0.396,66.4
39,828.0,0.0,0.0
40,891.0,-0.0,0.0
41,912.0,-0.0,0.0
42,1026.0,-0.241,29.8
43,983.0,-0.198,19.2
44,1101.0,0.023,0.3
45,1056.0,0.262,36.3
46,1118.0,-0.158,14.0
47,1140.0,-0.135,10.4
48,1241.0,-0.047,1.4
49,1210.0,-0.377,86.0
50,1298.0,0.059,2.3
51,1288.0,0.625,251.4
52,1385.0,0.876,531.9
53,1296.0,0.146,13.8
54,1460.0,-0.285,59.2
55,1332.0,-0.57,216.2
56,1488.0,-0.582,251.7
57,1526.0,-0.454,157.0
58,1548.0,0.189,27.6
59,1579.0,0.137,14.9
60,3214.0,0.025,1.0
61,3216.0,0.031,1.5
62,3218.0,0.014,0.3
63,3222.0,0.026,1.1
64,3248.0,-0.017,0.5
65,3237.0,-0.012,0.2
