,Frequencies,Displacement,Reorg Energy
0,-0.0,-0.0,-0.0
1,-0.0,-0.0,-0.0
2,-0.0,-0.0,-0.0
3,-0.0,-0.0,-0.0
4,-0.0,0.0,-0.0
5,-0.0,0.0,-0.0
6,-0.0,0.0,-0.0
7,-0.0,0.0,-0.0
8,-0.0,-0.0,-0.0
9,-0.0,-0.0,-0.0
10,-0.0,0.0,-0.0
11,0.0,0.0,0.0
12,195.0,-0.0,0.0
13,185.0,-0.0,0.0
14,212.0,-0.0,0.0
15,195.0,-0.0,0.0
16,357.0,-0.456,37.0
17,327.0,-0.553,50.1
18,431.0,0.0,0.0
19,361.0,0.0,0.0
20,494.0,0.0,0.0
21,430.0,0.206,9.1
22,508.0,0.362,33.3
23,453.0,0.0,0.0
24,538.0,0.211,12.0
25,498.0,0.0,0.0
26,600.0,-0.0,0.0
27,502.0,-0.328,26.9
28,661.0,-0.602,119.8
29,650.0,-0.196,12.5
30,715.0,-0.312,34.8
31,688.0,-0.0,0.0
32,740.0,0.0,0.0
33,712.0,0.49,85.6
34,773.0,-0.0,0.0
35,785.0,-0.0,0.0
36,797.0,-0.265,27.9
37,813.0,-0.318,41.0
38,829.0,-0.0,0.0
39,855.0,-0.0,0.0
40,873.0,0.0,0.0
41,867.0,0.17,12.5
42,881.0,-0.168,12.4
43,892.0,-0.0,0.0
44,958.0,0.0,0.0
45,980.0,0.0,0.0
46,996.0,-0.0,0.0
47,1016.0,-0.0,0.0
48,1038.0,-0.219,24.9
49,1017.0,-0.4,81.4
50,1073.0,-0.123,8.1
51,1042.0,-0.163,13.8
52,1142.0,-0.288,47.5
53,1074.0,-0.116,7.3
54,1182.0,0.239,33.7
55,1161.0,0.234,31.7
56,1223.0,-0.345,72.7
57,1223.0,-0.019,0.2
58,1293.0,0.109,7.7
59,1260.0,0.272,46.6
60,1322.0,0.272,48.9
61,1299.0,0.194,24.5
62,1345.0,-0.23,35.4
63,1371.0,-0.46,144.8
64,1459.0,0.007,0.0
65,1405.0,0.315,69.5
66,1489.0,0.099,7.3
67,1437.0,0.264,50.0
68,1531.0,-0.714,390.0
69,1457.0,-0.285,59.2
70,1597.0,-0.473,178.8
71,1519.0,-0.221,37.0
72,1638.0,0.334,91.5
73,1575.0,0.504,200.3
74,3169.0,-0.003,0.0
75,3196.0,-0.001,0.0
76,3181.0,-0.011,0.2
77,3203.0,-0.002,0.0
78,3191.0,0.013,0.3
79,3207.0,0.003,0.0
80,3199.0,0.021,0.7
81,3217.0,0.021,0.7
82,3204.0,0.0,0.0
83,3219.0,0.0,0.0
