,Frequencies,Displacement,Reorg Energy
0,-0.0,0.0,-0.0
1,-0.0,0.0,-0.0
2,-0.0,-0.0,-0.0
3,-0.0,-0.0,-0.0
4,0.0,-0.0,0.0
5,-0.0,-0.0,-0.0
6,0.0,0.0,0.0
7,0.0,0.0,0.0
8,0.0,-0.0,0.0
9,0.0,-0.0,0.0
10,0.0,-0.0,0.0
11,0.0,-0.0,0.0
12,94.0,-0.0,0.0
13,63.0,-0.0,0.0
14,108.0,-0.0,0.0
15,114.0,-0.0,0.0
16,122.0,-0.003,0.0
17,122.0,-0.002,0.0
18,133.0,0.012,0.0
19,130.0,0.018,0.0
20,225.0,-0.0,0.0
21,237.0,-0.0,0.0
22,345.0,-0.003,0.0
23,331.0,-0.003,0.0
24,414.0,0.183,6.9
25,388.0,0.0,0.0
26,423.0,0.0,0.0
27,407.0,0.114,2.7
28,435.0,0.0,0.0
29,408.0,0.0,0.0
30,488.0,-0.0,0.0
31,467.0,-0.0,0.0
32,532.0,0.001,0.0
33,516.0,0.0,0.0
34,616.0,-0.213,14.0
35,609.0,-0.241,17.7
36,627.0,-0.0,0.0
37,628.0,-0.0,0.0
38,675.0,0.0,0.0
39,679.0,0.0,0.0
40,687.0,-0.439,66.2
41,696.0,-0.476,78.7
42,732.0,0.0,0.0
43,742.0,0.0,0.0
44,841.0,0.0,0.0
45,859.0,0.0,0.0
46,845.0,0.0,0.0
47,884.0,0.0,0.0
48,939.0,-0.486,110.9
49,967.0,-0.48,111.2
50,974.0,-0.0,0.0
51,996.0,-0.0,0.0
52,980.0,0.0,0.0
53,1001.0,0.0,0.0
54,1003.0,0.009,0.0
55,1024.0,0.027,0.4
56,1047.0,-0.151,12.0
57,1068.0,-0.1,5.4
58,1064.0,-0.001,0.0
59,1094.0,-0.001,0.0
60,1214.0,-0.003,0.0
61,1235.0,-0.003,0.0
62,1238.0,-0.317,62.1
63,1236.0,-0.451,125.5
64,1290.0,0.001,0.0
65,1255.0,0.002,0.0
66,1348.0,0.001,0.0
67,1325.0,0.58,223.0
68,1429.0,-0.297,63.0
69,1363.0,-0.001,0.0
70,1449.0,0.0,0.0
71,1485.0,0.0,0.0
72,1557.0,-0.689,369.2
73,1495.0,-0.262,51.2
74,1598.0,-0.0,0.0
75,1527.0,-0.0,0.0
76,1699.0,-0.783,521.1
77,1655.0,-0.739,452.0
78,2312.0,0.003,0.0
79,2209.0,0.006,0.0
80,2327.0,-0.123,17.7
81,2264.0,-0.139,21.7
82,3207.0,0.006,0.1
83,3208.0,0.011,0.2
84,3207.0,-0.006,0.1
85,3208.0,-0.0,0.0
86,3236.0,0.0,0.0
87,3239.0,0.0,0.0
88,3240.0,-0.0,0.0
89,3243.0,-0.003,0.0
