,Frequencies,Displacement,Reorg Energy
0,-0.0,-0.0,-0.0
1,-0.0,-0.0,-0.0
2,-0.0,-0.0,-0.0
3,-0.0,-0.0,-0.0
4,-0.0,0.0,-0.0
5,-0.0,0.0,-0.0
6,0.0,0.0,0.0
7,0.0,0.0,0.0
8,0.0,0.0,0.0
9,0.0,0.0,0.0
10,0.0,-0.0,0.0
11,0.0,-0.0,0.0
12,25.0,0.0,0.0
13,99.0,0.0,0.0
14,136.0,-0.0,0.0
15,145.0,-0.0,0.0
16,215.0,-0.0,0.0
17,230.0,-0.0,0.0
18,259.0,0.0,0.0
19,248.0,0.0,0.0
20,373.0,0.0,0.0
21,370.0,0.0,0.0
22,405.0,0.509,52.3
23,420.0,0.577,69.9
24,420.0,-0.0,0.0
25,425.0,-0.0,0.0
26,453.0,-0.0,0.0
27,444.0,-0.0,0.0
28,474.0,-0.836,165.6
29,472.0,-0.0,0.0
30,477.0,0.0,0.0
31,475.0,0.0,0.0
32,491.0,0.0,0.0
33,491.0,0.774,147.1
34,580.0,-0.45,58.7
35,553.0,-0.0,0.0
36,632.0,0.0,0.0
37,593.0,0.525,81.9
38,680.0,-0.0,0.0
39,664.0,-0.0,0.0
40,687.0,0.218,16.3
41,688.0,0.182,11.4
42,740.0,0.0,0.0
43,758.0,0.0,0.0
44,750.0,0.0,0.0
45,770.0,0.0,0.0
46,775.0,-0.0,0.0
47,820.0,-0.0,0.0
48,817.0,0.0,0.0
49,868.0,0.0,0.0
50,855.0,-0.0,0.0
51,911.0,-0.0,0.0
52,936.0,-0.0,0.0
53,981.0,-0.0,0.0
54,980.0,-0.0,0.0
55,1024.0,-0.0,0.0
56,1050.0,0.0,0.0
57,1036.0,0.126,8.2
58,1051.0,-0.108,6.1
59,1062.0,-0.0,0.0
60,1122.0,0.0,0.0
61,1108.0,0.406,91.1
62,1136.0,-0.43,105.1
63,1147.0,-0.0,0.0
64,1152.0,-0.0,0.0
65,1177.0,-0.0,0.0
66,1186.0,0.138,11.3
67,1208.0,0.077,3.6
68,1287.0,-0.0,0.0
69,1280.0,-0.0,0.0
70,1320.0,0.108,7.7
71,1333.0,0.206,28.3
72,1418.0,0.322,73.5
73,1365.0,0.505,174.3
74,1466.0,-0.0,0.0
75,1462.0,-0.0,0.0
76,1483.0,-0.25,46.2
77,1467.0,-0.233,39.9
78,1604.0,-0.341,93.3
79,1515.0,-0.297,66.8
80,1614.0,-0.0,0.0
81,1570.0,-0.205,32.9
82,1635.0,0.401,131.2
83,1602.0,0.0,0.0
84,3152.0,-0.007,0.1
85,3154.0,-0.0,0.0
86,3169.0,0.0,0.0
87,3191.0,0.0,0.0
88,3176.0,0.013,0.3
89,3197.0,0.013,0.3
90,3185.0,0.0,0.0
91,3204.0,0.0,0.0
92,3196.0,0.013,0.3
93,3210.0,0.013,0.3
94,3237.0,-0.0,0.0
95,3254.0,-0.0,0.0
