,Frequencies,Displacement,Reorg Energy
0,-439.0,-0.0,-0.0
1,-0.0,-0.0,-0.0
2,-0.0,0.0,-0.0
3,-0.0,0.0,-0.0
4,-0.0,-0.0,-0.0
5,-0.0,-0.0,-0.0
6,-0.0,-0.0,-0.0
7,-0.0,-0.0,-0.0
8,-0.0,-0.0,-0.0
9,-0.0,-0.0,-0.0
10,0.0,0.0,0.0
11,0.0,0.0,0.0
12,0.0,-0.0,0.0
13,185.0,-0.0,0.0
14,219.0,0.0,0.0
15,368.0,0.0,0.0
16,345.0,0.0,0.0
17,388.0,0.0,0.0
18,379.0,-0.0,0.0
19,453.0,-0.0,0.0
20,419.0,0.0,0.0
21,532.0,1.185,373.9
22,515.0,0.0,0.0
23,564.0,0.0,0.0
24,540.0,-1.181,376.6
25,595.0,-0.0,0.0
26,636.0,0.0,0.0
27,625.0,0.0,0.0
28,703.0,-0.0,0.0
29,640.0,-0.0,0.0
30,758.0,-0.0,0.0
31,796.0,-0.0,0.0
32,815.0,-0.0,0.0
33,812.0,-0.0,0.0
34,836.0,-0.255,27.1
35,824.0,-0.302,37.5
36,869.0,-0.0,0.0
37,938.0,-0.0,0.0
38,955.0,-0.0,0.0
39,993.0,-0.354,62.4
40,975.0,-0.0,0.0
41,1006.0,-0.0,0.0
42,1006.0,0.32,51.6
43,1009.0,0.072,2.6
44,1023.0,-0.0,0.0
45,1017.0,-0.0,0.0
46,1048.0,-0.111,6.5
47,1028.0,-0.0,0.0
48,1121.0,0.0,0.0
49,1131.0,0.0,0.0
50,1178.0,-0.0,0.0
51,1187.0,-0.0,0.0
52,1200.0,-0.402,97.1
53,1210.0,-0.397,95.5
54,1327.0,0.4,106.2
55,1370.0,0.0,0.0
56,1342.0,0.0,0.0
57,1384.0,0.0,0.0
58,1364.0,0.0,0.0
59,1397.0,0.346,83.8
60,1499.0,-0.0,0.0
61,1473.0,-0.0,0.0
62,1534.0,-0.164,20.5
63,1515.0,-0.258,50.5
64,1621.0,0.0,0.0
65,1548.0,0.0,0.0
66,1641.0,0.186,28.4
67,1630.0,0.462,174.0
68,1661.0,0.568,267.7
69,1679.0,0.313,82.5
70,3148.0,-0.01,0.2
71,3187.0,-0.018,0.5
72,3149.0,0.0,0.0
73,3188.0,0.0,0.0
74,3165.0,0.037,2.1
75,3199.0,0.022,0.8
76,3170.0,-0.0,0.0
77,3209.0,-0.0,0.0
78,3189.0,-0.031,1.6
79,3214.0,-0.035,2.0
80,3638.0,0.152,42.3
81,3535.0,0.164,47.3
82,3759.0,-0.0,0.0
83,3647.0,-0.0,0.0
