,Frequencies,Displacement,Reorg Energy
0,-0.0,-0.0,-0.0
1,-0.0,-0.0,-0.0
2,-0.0,-0.0,-0.0
3,-0.0,-0.0,-0.0
4,0.0,0.0,0.0
5,-0.0,0.0,-0.0
6,0.0,0.0,0.0
7,-0.0,0.0,-0.0
8,0.0,0.0,0.0
9,0.0,0.0,0.0
10,0.0,0.0,0.0
11,0.0,0.0,0.0
12,25.0,0.0,0.0
13,50.0,0.0,0.0
14,85.0,0.0,0.0
15,83.0,0.0,0.0
16,102.0,0.0,0.0
17,100.0,0.0,0.0
18,152.0,-0.0,0.0
19,155.0,-0.0,0.0
20,243.0,0.324,12.8
21,240.0,0.338,13.7
22,259.0,-0.0,0.0
23,247.0,-0.0,0.0
24,319.0,-0.0,0.0
25,317.0,-0.0,0.0
26,366.0,-0.537,52.9
27,371.0,-0.567,59.6
28,386.0,-0.0,0.0
29,380.0,-0.0,0.0
30,389.0,-0.0,0.0
31,385.0,-0.0,0.0
32,401.0,0.124,3.1
33,409.0,0.0,0.0
34,431.0,-0.0,0.0
35,414.0,-0.123,3.1
36,449.0,-0.0,0.0
37,451.0,-0.0,0.0
38,463.0,-0.973,219.3
39,456.0,-0.95,205.5
40,556.0,-0.0,0.0
41,509.0,-0.0,0.0
42,566.0,0.0,0.0
43,558.0,0.0,0.0
44,616.0,0.0,0.0
45,562.0,0.0,0.0
46,631.0,0.0,0.0
47,596.0,0.0,0.0
48,683.0,0.0,0.0
49,607.0,0.0,0.0
50,693.0,0.049,0.8
51,613.0,0.0,0.0
52,718.0,0.0,0.0
53,631.0,0.0,0.0
54,744.0,-0.0,0.0
55,657.0,-0.0,0.0
56,781.0,-0.0,0.0
57,670.0,-0.0,0.0
58,796.0,-0.027,0.3
59,676.0,-0.065,1.4
60,797.0,0.0,0.0
61,692.0,0.0,0.0
62,844.0,-0.0,0.0
63,705.0,-0.0,0.0
64,897.0,0.0,0.0
65,753.0,0.0,0.0
66,905.0,0.0,0.0
67,789.0,0.037,0.5
68,937.0,0.0,0.0
69,839.0,0.0,0.0
70,982.0,0.0,0.0
71,845.0,0.0,0.0
72,988.0,0.0,0.0
73,847.0,0.0,0.0
74,1016.0,-0.0,0.0
75,851.0,-0.0,0.0
76,1016.0,-0.0,0.0
77,917.0,-0.0,0.0
78,1022.0,0.985,496.0
79,991.0,0.0,0.0
80,1022.0,-0.0,0.0
81,1023.0,-0.803,329.6
82,1072.0,-0.0,0.0
83,1033.0,-0.0,0.0
84,1080.0,0.249,33.6
85,1051.0,0.489,125.9
86,1114.0,0.1,5.6
87,1078.0,0.217,25.4
88,1140.0,-0.0,0.0
89,1087.0,-0.0,0.0
90,1186.0,-0.0,0.0
91,1127.0,-0.0,0.0
92,1194.0,-0.207,25.5
93,1143.0,-0.189,20.3
94,1239.0,0.0,0.0
95,1180.0,0.0,0.0
96,1249.0,0.155,15.0
97,1216.0,0.201,24.5
98,1290.0,-0.505,164.4
99,1247.0,-0.0,0.0
100,1302.0,0.0,0.0
101,1264.0,0.017,0.2
102,1312.0,0.369,89.1
103,1329.0,0.325,70.1
104,1334.0,0.0,0.0
105,1337.0,0.0,0.0
106,1358.0,0.363,89.7
107,1356.0,0.375,95.3
108,1471.0,-0.063,2.9
109,1409.0,-0.0,0.0
110,1482.0,-0.0,0.0
111,1441.0,-0.0,0.0
112,1508.0,-0.0,0.0
113,1450.0,-0.1,7.3
114,1527.0,-0.408,127.0
115,1461.0,-0.0,0.0
116,1602.0,0.13,13.6
117,1477.0,0.12,10.6
118,1622.0,0.0,0.0
119,1490.0,0.0,0.0
120,1634.0,-0.495,200.0
121,1513.0,-0.02,0.3
122,1641.0,-0.0,0.0
123,1546.0,-1.532,1814.3
124,1752.0,-1.425,1778.8
125,1559.0,-0.0,0.0
126,1777.0,-0.0,0.0
127,1590.0,-0.405,130.3
128,3170.0,-0.0,0.0
129,3051.0,-0.0,0.0
130,3172.0,-0.051,4.2
131,3053.0,-0.067,6.8
132,3185.0,0.0,0.0
133,3097.0,0.0,0.0
134,3187.0,-0.084,11.4
135,3099.0,-0.087,11.7
136,3198.0,0.0,0.0
137,3138.0,0.0,0.0
138,3202.0,0.048,3.7
139,3154.0,0.0,0.0
140,3202.0,-0.0,0.0
141,3154.0,-0.018,0.5
142,3213.0,0.05,4.1
143,3159.0,0.049,3.8
