,Frequencies,Displacement,Reorg Energy
0,-0.0,0.0,-0.0
1,-0.0,0.0,-0.0
2,-0.0,0.0,-0.0
3,-0.0,0.0,-0.0
4,-0.0,0.0,-0.0
5,-0.0,0.0,-0.0
6,0.0,0.0,0.0
7,0.0,0.0,0.0
8,0.0,-0.0,0.0
9,0.0,-0.0,0.0
10,0.0,-0.0,0.0
11,0.0,-0.0,0.0
12,62.0,-0.0,0.0
13,66.0,-0.0,0.0
14,90.0,0.0,0.0
15,81.0,0.0,0.0
16,132.0,0.0,0.0
17,130.0,0.0,0.0
18,162.0,-0.0,0.0
19,162.0,-0.0,0.0
20,236.0,0.221,5.8
21,236.0,0.229,6.1
22,279.0,0.0,0.0
23,258.0,0.0,0.0
24,321.0,0.0,0.0
25,321.0,0.0,0.0
26,361.0,0.353,22.6
27,370.0,0.347,22.2
28,383.0,-0.0,0.0
29,384.0,-0.0,0.0
30,406.0,-0.0,0.0
31,393.0,-0.0,0.0
32,415.0,0.06,0.7
33,416.0,0.04,0.3
34,455.0,-0.0,0.0
35,418.0,-0.0,0.0
36,456.0,0.0,0.0
37,454.0,0.478,52.0
38,463.0,0.47,51.0
39,465.0,0.0,0.0
40,579.0,0.0,0.0
41,541.0,0.0,0.0
42,591.0,0.0,0.0
43,582.0,0.0,0.0
44,615.0,0.0,0.0
45,587.0,0.0,0.0
46,635.0,-0.0,0.0
47,622.0,-0.0,0.0
48,678.0,-0.466,73.6
49,651.0,-0.0,0.0
50,710.0,0.0,0.0
51,661.0,0.455,68.5
52,742.0,-0.0,0.0
53,675.0,-0.0,0.0
54,754.0,0.0,0.0
55,706.0,0.0,0.0
56,812.0,-0.0,0.0
57,721.0,-0.0,0.0
58,815.0,-0.0,0.0
59,740.0,-0.0,0.0
60,832.0,0.0,0.0
61,777.0,0.0,0.0
62,835.0,-0.193,15.5
63,831.0,-0.18,13.4
64,932.0,0.0,0.0
65,846.0,0.0,0.0
66,936.0,0.0,0.0
67,850.0,0.0,0.0
68,936.0,-0.0,0.0
69,890.0,-0.0,0.0
70,998.0,0.0,0.0
71,892.0,0.0,0.0
72,999.0,-0.0,0.0
73,923.0,-0.0,0.0
74,1041.0,0.355,65.6
75,1027.0,0.449,103.4
76,1042.0,-0.0,0.0
77,1028.0,-0.0,0.0
78,1075.0,-0.119,7.6
79,1042.0,-0.082,3.5
80,1087.0,0.0,0.0
81,1063.0,0.0,0.0
82,1096.0,-0.114,7.1
83,1082.0,-0.173,16.3
84,1119.0,-0.0,0.0
85,1082.0,-0.0,0.0
86,1190.0,0.39,90.3
87,1160.0,0.388,87.5
88,1225.0,-0.0,0.0
89,1171.0,-0.0,0.0
90,1237.0,0.281,48.8
91,1236.0,0.0,0.0
92,1272.0,0.0,0.0
93,1271.0,0.194,23.8
94,1308.0,0.17,18.9
95,1276.0,0.0,0.0
96,1317.0,0.0,0.0
97,1321.0,0.062,2.5
98,1360.0,-0.174,20.5
99,1341.0,-0.09,5.5
100,1418.0,-0.205,29.7
101,1377.0,-0.0,0.0
102,1423.0,-0.0,0.0
103,1429.0,-0.0,0.0
104,1459.0,-0.0,0.0
105,1438.0,-0.0,0.0
106,1486.0,0.58,250.0
107,1455.0,0.0,0.0
108,1535.0,0.461,162.9
109,1467.0,0.0,0.0
110,1539.0,-0.0,0.0
111,1483.0,-0.285,60.3
112,1578.0,-0.0,0.0
113,1510.0,-0.6,271.4
114,1593.0,0.652,338.4
115,1539.0,0.804,497.3
116,1607.0,-0.47,177.4
117,1554.0,-0.0,0.0
118,1617.0,0.0,0.0
119,1565.0,0.231,41.9
120,3097.0,-0.0,0.0
121,2990.0,-0.0,0.0
122,3098.0,-0.086,11.4
123,2992.0,-0.086,11.0
124,3150.0,0.0,0.0
125,3095.0,0.0,0.0
126,3150.0,0.054,4.6
127,3096.0,0.055,4.7
128,3185.0,0.0,0.0
129,3159.0,0.0,0.0
130,3185.0,0.006,0.0
131,3160.0,0.008,0.1
