,Frequencies,Displacement,Reorg Energy
0,-0.0,-0.0,-0.0
1,-207.0,-0.0,-0.0
2,-0.0,-0.0,-0.0
3,-206.0,-0.0,-0.0
4,0.0,-0.0,0.0
5,-0.0,-0.0,-0.0
6,0.0,0.0,0.0
7,-0.0,0.0,-0.0
8,0.0,0.0,0.0
9,0.0,0.0,0.0
10,0.0,0.0,0.0
11,0.0,0.0,0.0
12,87.0,-0.0,0.0
13,0.0,-0.0,0.0
14,102.0,-0.0,0.0
15,0.0,-0.0,0.0
16,158.0,0.0,0.0
17,74.0,0.0,0.0
18,167.0,-0.0,0.0
19,106.0,-0.0,0.0
20,201.0,-0.189,3.6
21,133.0,-0.0,0.0
22,256.0,0.0,0.0
23,152.0,0.0,0.0
24,300.0,-0.0,0.0
25,202.0,-0.207,4.3
26,323.0,1.064,182.7
27,253.0,0.0,0.0
28,368.0,0.636,74.4
29,279.0,0.0,0.0
30,399.0,0.0,0.0
31,316.0,1.116,196.7
32,402.0,-0.0,0.0
33,336.0,-0.0,0.0
34,460.0,0.0,0.0
35,352.0,0.0,0.0
36,492.0,-0.277,18.9
37,357.0,-0.492,43.2
38,528.0,-0.0,0.0
39,385.0,-0.0,0.0
40,536.0,0.0,0.0
41,490.0,0.226,12.5
42,596.0,0.0,0.0
43,502.0,0.0,0.0
44,626.0,0.0,0.0
45,510.0,0.0,0.0
46,677.0,-0.0,0.0
47,591.0,-0.0,0.0
48,682.0,0.481,78.9
49,630.0,0.0,0.0
50,682.0,0.0,0.0
51,645.0,0.0,0.0
52,699.0,0.0,0.0
53,658.0,0.478,75.1
54,757.0,-0.0,0.0
55,715.0,-0.0,0.0
56,761.0,0.0,0.0
57,717.0,0.0,0.0
58,805.0,0.558,125.2
59,727.0,0.0,0.0
60,839.0,-0.0,0.0
61,751.0,-0.0,0.0
62,850.0,-0.0,0.0
63,762.0,-0.568,122.7
64,856.0,-0.0,0.0
65,802.0,-0.0,0.0
66,863.0,0.0,0.0
67,847.0,0.0,0.0
68,912.0,0.085,3.3
69,853.0,0.07,2.1
70,1001.0,-0.292,42.7
71,979.0,-0.181,16.1
72,1094.0,-0.0,0.0
73,1020.0,-0.0,0.0
74,1111.0,-0.595,196.7
75,1080.0,-0.62,207.6
76,1176.0,0.0,0.0
77,1151.0,0.0,0.0
78,1230.0,0.0,0.0
79,1236.0,0.026,0.4
80,1231.0,-0.283,49.2
81,1237.0,-0.0,0.0
82,1301.0,0.184,22.0
83,1278.0,0.19,23.0
84,1367.0,-0.0,0.0
85,1300.0,-0.0,0.0
86,1399.0,-0.617,266.7
87,1344.0,-0.177,21.0
88,1450.0,-0.0,0.0
89,1368.0,-0.576,226.6
90,1468.0,-0.348,89.0
91,1406.0,-0.0,0.0
92,1547.0,-0.0,0.0
93,1461.0,-0.0,0.0
94,1552.0,-0.685,364.4
95,1522.0,-0.58,255.7
96,1570.0,-0.0,0.0
97,1556.0,-0.676,355.4
98,1588.0,-0.523,216.9
99,1585.0,-0.0,0.0
100,3167.0,0.0,0.0
101,3121.0,0.0,0.0
102,3172.0,-0.029,1.3
103,3127.0,-0.031,1.5
104,3221.0,-0.0,0.0
105,3199.0,-0.0,0.0
106,3221.0,-0.027,1.2
107,3201.0,-0.021,0.7
