,Frequencies,Displacement,Reorg Energy
0,-0.0,-0.0,-0.0
1,-0.0,-0.0,-0.0
2,-0.0,0.0,-0.0
3,-0.0,0.0,-0.0
4,-0.0,0.0,-0.0
5,0.0,0.0,0.0
6,-0.0,-0.0,-0.0
7,0.0,-0.0,0.0
8,0.0,0.0,0.0
9,0.0,0.0,0.0
10,0.0,-0.0,0.0
11,0.0,-0.0,0.0
12,67.0,-0.0,0.0
13,87.0,-0.0,0.0
14,96.0,0.0,0.0
15,102.0,0.0,0.0
16,140.0,0.0,0.0
17,158.0,0.0,0.0
18,148.0,0.0,0.0
19,167.0,0.0,0.0
20,202.0,0.913,84.2
21,201.0,0.935,87.7
22,265.0,-0.0,0.0
23,256.0,-0.0,0.0
24,297.0,-0.0,0.0
25,300.0,-0.0,0.0
26,327.0,-0.599,58.7
27,323.0,-0.581,54.5
28,361.0,-0.011,0.0
29,368.0,-0.034,0.2
30,387.0,0.0,0.0
31,399.0,0.0,0.0
32,417.0,-0.0,0.0
33,402.0,-0.0,0.0
34,469.0,0.0,0.0
35,460.0,0.0,0.0
36,490.0,-0.319,25.0
37,492.0,-0.305,22.9
38,540.0,0.0,0.0
39,528.0,0.0,0.0
40,540.0,-0.0,0.0
41,536.0,-0.0,0.0
42,618.0,-0.0,0.0
43,596.0,-0.0,0.0
44,674.0,0.0,0.0
45,626.0,0.0,0.0
46,691.0,-0.0,0.0
47,677.0,-0.0,0.0
48,696.0,0.435,65.8
49,682.0,0.468,74.6
50,743.0,0.0,0.0
51,682.0,0.0,0.0
52,754.0,0.0,0.0
53,699.0,0.0,0.0
54,779.0,-0.0,0.0
55,757.0,-0.0,0.0
56,825.0,0.0,0.0
57,761.0,0.0,0.0
58,833.0,-0.177,13.0
59,805.0,-0.24,23.1
60,856.0,-0.0,0.0
61,839.0,-0.0,0.0
62,877.0,-0.0,0.0
63,850.0,-0.0,0.0
64,891.0,0.909,368.5
65,856.0,0.0,0.0
66,892.0,-0.0,0.0
67,863.0,-0.0,0.0
68,895.0,-0.0,0.0
69,912.0,-0.877,351.0
70,1006.0,0.053,1.4
71,1001.0,0.12,7.2
72,1105.0,0.0,0.0
73,1094.0,0.0,0.0
74,1124.0,0.064,2.3
75,1111.0,0.09,4.5
76,1197.0,-0.0,0.0
77,1176.0,-0.0,0.0
78,1232.0,0.0,0.0
79,1230.0,0.0,0.0
80,1257.0,0.164,17.0
81,1231.0,0.086,4.6
82,1301.0,0.106,7.3
83,1301.0,0.158,16.3
84,1383.0,-0.0,0.0
85,1367.0,-0.0,0.0
86,1434.0,0.121,10.5
87,1399.0,0.043,1.3
88,1445.0,-0.007,0.0
89,1450.0,-0.0,0.0
90,1455.0,-0.0,0.0
91,1468.0,-0.005,0.0
92,1560.0,0.339,89.9
93,1547.0,0.0,0.0
94,1562.0,-0.0,0.0
95,1552.0,-0.284,62.8
96,1742.0,0.905,714.1
97,1570.0,0.0,0.0
98,1765.0,-0.0,0.0
99,1588.0,-0.935,694.6
100,3208.0,-0.0,0.0
101,3167.0,-0.0,0.0
102,3212.0,-0.03,1.5
103,3172.0,-0.031,1.5
104,3240.0,0.0,0.0
105,3221.0,0.0,0.0
106,3241.0,0.009,0.1
107,3221.0,0.007,0.1
