,Frequencies,Displacement,Reorg Energy
0,-0.0,-0.0,-0.0
1,-0.0,-0.0,-0.0
2,-0.0,-0.0,-0.0
3,-0.0,-0.0,-0.0
4,0.0,0.0,0.0
5,-0.0,0.0,-0.0
6,0.0,-0.0,0.0
7,0.0,-0.0,0.0
8,0.0,0.0,0.0
9,0.0,0.0,0.0
10,0.0,-0.0,0.0
11,0.0,-0.0,0.0
12,37.0,0.0,0.0
13,66.0,0.0,0.0
14,84.0,-0.0,0.0
15,81.0,-0.0,0.0
16,110.0,0.0,0.0
17,130.0,0.0,0.0
18,154.0,-0.0,0.0
19,162.0,-0.0,0.0
20,231.0,-0.947,103.5
21,236.0,-0.947,105.7
22,258.0,-0.0,0.0
23,258.0,-0.0,0.0
24,319.0,-0.0,0.0
25,321.0,-0.0,0.0
26,360.0,0.659,78.3
27,370.0,0.743,102.0
28,381.0,-0.0,0.0
29,384.0,-0.0,0.0
30,395.0,-0.0,0.0
31,393.0,-0.0,0.0
32,401.0,0.485,47.1
33,416.0,0.567,67.0
34,436.0,-0.0,0.0
35,418.0,-0.0,0.0
36,441.0,-0.0,0.0
37,454.0,-0.901,184.3
38,458.0,-0.978,219.3
39,465.0,-0.0,0.0
40,564.0,0.0,0.0
41,541.0,0.0,0.0
42,572.0,-0.0,0.0
43,582.0,-0.0,0.0
44,623.0,-0.0,0.0
45,587.0,-0.0,0.0
46,632.0,0.0,0.0
47,622.0,0.0,0.0
48,680.0,0.328,36.6
49,651.0,0.0,0.0
50,713.0,-0.0,0.0
51,661.0,-0.292,28.2
52,766.0,0.0,0.0
53,675.0,0.0,0.0
54,779.0,0.0,0.0
55,706.0,0.0,0.0
56,831.0,-0.089,3.3
57,721.0,-0.0,0.0
58,833.0,-0.0,0.0
59,740.0,-0.0,0.0
60,833.0,-0.0,0.0
61,777.0,-0.0,0.0
62,879.0,-0.0,0.0
63,831.0,-0.087,3.1
64,938.0,0.0,0.0
65,846.0,0.0,0.0
66,992.0,0.0,0.0
67,850.0,0.0,0.0
68,994.0,0.0,0.0
69,890.0,0.0,0.0
70,1020.0,0.968,477.8
71,892.0,0.0,0.0
72,1020.0,-0.0,0.0
73,923.0,-0.0,0.0
74,1022.0,-0.0,0.0
75,1027.0,-0.823,347.5
76,1056.0,0.0,0.0
77,1028.0,0.0,0.0
78,1080.0,-0.006,0.0
79,1042.0,-0.183,17.4
80,1105.0,-0.0,0.0
81,1063.0,-0.0,0.0
82,1110.0,0.21,24.6
83,1082.0,0.549,162.9
84,1134.0,0.0,0.0
85,1082.0,0.0,0.0
86,1207.0,0.334,67.3
87,1160.0,0.28,45.5
88,1230.0,-0.0,0.0
89,1171.0,-0.0,0.0
90,1283.0,-0.0,0.0
91,1236.0,-0.0,0.0
92,1296.0,0.182,21.4
93,1271.0,0.054,1.9
94,1305.0,0.445,129.3
95,1276.0,0.0,0.0
96,1313.0,-0.0,0.0
97,1321.0,-0.079,4.2
98,1344.0,-0.287,55.2
99,1341.0,-0.093,5.8
100,1449.0,0.0,0.0
101,1377.0,0.0,0.0
102,1454.0,0.627,285.8
103,1429.0,0.405,117.2
104,1485.0,0.593,261.0
105,1438.0,0.0,0.0
106,1491.0,0.0,0.0
107,1455.0,0.0,0.0
108,1592.0,-0.118,11.2
109,1467.0,-0.0,0.0
110,1606.0,0.0,0.0
111,1483.0,0.341,86.4
112,1616.0,0.571,263.4
113,1510.0,0.678,346.6
114,1628.0,0.0,0.0
115,1539.0,1.4,1507.7
116,1756.0,1.446,1836.0
117,1554.0,0.0,0.0
118,1781.0,0.0,0.0
119,1565.0,0.668,349.2
120,3149.0,-0.0,0.0
121,2990.0,-0.0,0.0
122,3149.0,-0.12,22.8
123,2992.0,-0.109,17.8
124,3188.0,-0.0,0.0
125,3095.0,-0.0,0.0
126,3188.0,-0.068,7.3
127,3096.0,-0.09,12.6
128,3201.0,-0.0,0.0
129,3159.0,-0.0,0.0
130,3202.0,-0.058,5.4
131,3160.0,-0.026,1.1
