,Frequencies,Displacement,Reorg Energy
0,-0.0,0.0,-0.0
1,-0.0,0.0,-0.0
2,-0.0,0.0,-0.0
3,-0.0,0.0,-0.0
4,-0.0,-0.0,-0.0
5,-0.0,-0.0,-0.0
6,-0.0,-0.0,-0.0
7,-0.0,-0.0,-0.0
8,0.0,-0.0,0.0
9,0.0,-0.0,0.0
10,0.0,-0.0,0.0
11,0.0,-0.0,0.0
12,66.0,0.0,0.0
13,66.0,0.0,0.0
14,81.0,-0.0,0.0
15,92.0,-0.0,0.0
16,130.0,0.0,0.0
17,123.0,0.0,0.0
18,162.0,-0.0,0.0
19,142.0,-0.0,0.0
20,236.0,0.021,0.1
21,191.0,0.0,0.0
22,258.0,-0.0,0.0
23,232.0,-0.021,0.0
24,321.0,0.0,0.0
25,292.0,0.0,0.0
26,370.0,-0.829,126.9
27,317.0,-0.0,0.0
28,384.0,0.0,0.0
29,368.0,0.823,124.7
30,393.0,-0.0,0.0
31,377.0,-0.0,0.0
32,416.0,-0.816,138.5
33,404.0,-0.851,146.1
34,418.0,-0.0,0.0
35,404.0,-0.0,0.0
36,454.0,-0.278,17.6
37,444.0,-0.0,0.0
38,465.0,-0.0,0.0
39,457.0,-0.1,2.3
40,541.0,-0.0,0.0
41,486.0,-0.0,0.0
42,582.0,0.0,0.0
43,507.0,0.0,0.0
44,587.0,0.0,0.0
45,549.0,0.0,0.0
46,622.0,-0.0,0.0
47,568.0,-0.0,0.0
48,651.0,-0.0,0.0
49,577.0,-0.0,0.0
50,661.0,-0.718,170.3
51,593.0,-0.0,0.0
52,675.0,0.0,0.0
53,623.0,0.0,0.0
54,706.0,-0.0,0.0
55,634.0,-0.0,0.0
56,721.0,0.0,0.0
57,637.0,0.698,155.1
58,740.0,-0.0,0.0
59,672.0,-0.0,0.0
60,777.0,-0.0,0.0
61,688.0,-0.0,0.0
62,831.0,0.26,28.2
63,697.0,0.0,0.0
64,846.0,-0.0,0.0
65,735.0,-0.0,0.0
66,850.0,0.0,0.0
67,737.0,0.0,0.0
68,890.0,0.0,0.0
69,780.0,0.0,0.0
70,892.0,-0.0,0.0
71,822.0,-0.231,21.9
72,923.0,0.0,0.0
73,896.0,0.0,0.0
74,1027.0,-0.169,14.7
75,977.0,-0.0,0.0
76,1028.0,0.0,0.0
77,977.0,0.089,3.9
78,1042.0,-0.062,2.0
79,992.0,-0.184,16.7
80,1063.0,-0.0,0.0
81,1021.0,-0.0,0.0
82,1082.0,0.103,5.7
83,1038.0,0.093,4.5
84,1082.0,-0.0,0.0
85,1043.0,-0.0,0.0
86,1160.0,-0.009,0.0
87,1107.0,-0.152,12.8
88,1171.0,-0.0,0.0
89,1155.0,-0.0,0.0
90,1236.0,0.0,0.0
91,1217.0,0.0,0.0
92,1271.0,-0.836,444.1
93,1224.0,-0.076,3.5
94,1276.0,0.0,0.0
95,1258.0,0.886,494.0
96,1321.0,-0.494,161.2
97,1264.0,-0.0,0.0
98,1341.0,-0.249,41.6
99,1298.0,-0.165,17.7
100,1377.0,0.0,0.0
101,1340.0,0.0,0.0
102,1429.0,-0.159,18.2
103,1365.0,-0.073,3.7
104,1438.0,0.0,0.0
105,1399.0,0.0,0.0
106,1455.0,0.0,0.0
107,1418.0,0.0,0.0
108,1467.0,0.0,0.0
109,1424.0,0.23,37.7
110,1483.0,0.132,12.9
111,1450.0,0.244,43.1
112,1510.0,0.314,74.3
113,1490.0,0.771,442.9
114,1539.0,-0.371,106.0
115,1494.0,-0.276,56.8
116,1554.0,0.0,0.0
117,1508.0,0.0,0.0
118,1565.0,-0.702,385.2
119,1543.0,-0.0,0.0
120,2990.0,-0.0,0.0
121,2896.0,-0.0,0.0
122,2992.0,-0.084,10.4
123,2899.0,-0.074,7.9
124,3095.0,-0.0,0.0
125,2977.0,-0.0,0.0
126,3096.0,-0.122,23.0
127,2979.0,-0.132,25.8
128,3159.0,0.0,0.0
129,3137.0,0.0,0.0
130,3160.0,-0.024,0.9
131,3137.0,-0.016,0.4
