,Frequencies,Displacement,Reorg Energy
0,-0.0,0.0,-0.0
1,-0.0,0.0,-0.0
2,-0.0,0.0,-0.0
3,-0.0,0.0,-0.0
4,0.0,0.0,0.0
5,0.0,0.0,0.0
6,0.0,-0.0,0.0
7,0.0,-0.0,0.0
8,0.0,-0.0,0.0
9,0.0,-0.0,0.0
10,0.0,-0.0,0.0
11,0.0,-0.0,0.0
12,25.0,0.0,0.0
13,62.0,0.0,0.0
14,85.0,-0.0,0.0
15,85.0,-0.0,0.0
16,102.0,0.0,0.0
17,100.0,0.0,0.0
18,152.0,0.0,0.0
19,159.0,0.0,0.0
20,243.0,0.251,7.7
21,236.0,0.284,9.5
22,259.0,-0.0,0.0
23,251.0,-0.0,0.0
24,319.0,0.0,0.0
25,314.0,0.0,0.0
26,366.0,-0.222,9.0
27,373.0,-0.222,9.2
28,386.0,-0.0,0.0
29,381.0,-0.0,0.0
30,389.0,-0.0,0.0
31,389.0,-0.0,0.0
32,401.0,-0.092,1.7
33,413.0,-0.099,2.0
34,431.0,0.0,0.0
35,414.0,0.0,0.0
36,449.0,-0.0,0.0
37,452.0,-1.278,368.7
38,463.0,-1.291,385.8
39,476.0,-0.0,0.0
40,556.0,0.0,0.0
41,524.0,0.0,0.0
42,566.0,-0.0,0.0
43,571.0,-0.0,0.0
44,616.0,0.0,0.0
45,584.0,0.0,0.0
46,631.0,0.0,0.0
47,586.0,0.0,0.0
48,683.0,-0.0,0.0
49,609.0,-0.0,0.0
50,693.0,0.119,4.9
51,611.0,0.0,0.0
52,718.0,-0.0,0.0
53,635.0,-0.0,0.0
54,744.0,0.0,0.0
55,650.0,0.0,0.0
56,781.0,-0.0,0.0
57,672.0,-0.167,9.4
58,796.0,-0.11,4.9
59,695.0,-0.0,0.0
60,797.0,0.0,0.0
61,709.0,0.0,0.0
62,844.0,0.0,0.0
63,719.0,0.0,0.0
64,897.0,0.0,0.0
65,751.0,0.167,10.4
66,905.0,-0.0,0.0
67,755.0,-0.0,0.0
68,937.0,-0.0,0.0
69,840.0,-0.0,0.0
70,982.0,0.0,0.0
71,842.0,0.0,0.0
72,988.0,-0.0,0.0
73,850.0,-0.0,0.0
74,1016.0,0.0,0.0
75,871.0,0.0,0.0
76,1016.0,0.0,0.0
77,920.0,0.0,0.0
78,1022.0,1.035,547.3
79,950.0,0.0,0.0
80,1022.0,-0.0,0.0
81,1001.0,-0.0,0.0
82,1072.0,0.0,0.0
83,1011.0,0.597,180.2
84,1080.0,0.096,5.0
85,1024.0,0.661,223.6
86,1114.0,0.171,16.2
87,1060.0,0.0,0.0
88,1140.0,0.0,0.0
89,1072.0,0.378,76.4
90,1186.0,0.0,0.0
91,1084.0,0.0,0.0
92,1194.0,-0.293,51.2
93,1090.0,-0.141,10.9
94,1239.0,-0.0,0.0
95,1158.0,-0.0,0.0
96,1249.0,0.243,36.8
97,1189.0,0.26,40.2
98,1290.0,-0.586,221.8
99,1236.0,-0.0,0.0
100,1302.0,0.0,0.0
101,1254.0,0.036,0.8
102,1312.0,0.428,120.3
103,1297.0,0.0,0.0
104,1334.0,0.0,0.0
105,1316.0,0.407,109.0
106,1358.0,0.326,72.0
107,1350.0,0.387,101.3
108,1471.0,-0.072,3.9
109,1375.0,-0.0,0.0
110,1482.0,-0.0,0.0
111,1422.0,-0.0,0.0
112,1508.0,0.0,0.0
113,1444.0,0.022,0.4
114,1527.0,-0.374,106.7
115,1456.0,-0.0,0.0
116,1602.0,0.088,6.3
117,1462.0,0.127,11.8
118,1622.0,0.0,0.0
119,1479.0,0.0,0.0
120,1634.0,-0.519,220.4
121,1499.0,-0.234,41.0
122,1641.0,-0.0,0.0
123,1528.0,-1.659,2103.0
124,1752.0,-1.656,2401.2
125,1536.0,-0.0,0.0
126,1777.0,-0.0,0.0
127,1577.0,-0.532,223.1
128,3170.0,0.0,0.0
129,2583.0,0.0,0.0
130,3172.0,-0.138,30.2
131,2741.0,-0.307,128.8
132,3185.0,-0.0,0.0
133,2778.0,-0.0,0.0
134,3187.0,-0.368,216.2
135,2830.0,-0.328,152.5
136,3198.0,-0.0,0.0
137,2964.0,-0.0,0.0
138,3202.0,0.197,62.1
139,2983.0,0.158,37.3
140,3202.0,-0.0,0.0
141,3090.0,-0.0,0.0
142,3213.0,0.279,124.8
143,3096.0,0.088,12.1
