,Frequencies,Displacement,Reorg Energy
0,-0.0,-0.0,-0.0
1,-0.0,-0.0,-0.0
2,-0.0,0.0,-0.0
3,-0.0,0.0,-0.0
4,-0.0,0.0,-0.0
5,-0.0,0.0,-0.0
6,0.0,0.0,0.0
7,-0.0,0.0,-0.0
8,0.0,0.0,0.0
9,0.0,0.0,0.0
10,0.0,-0.0,0.0
11,0.0,-0.0,0.0
12,35.0,-0.0,0.0
13,63.0,-0.0,0.0
14,56.0,-0.0,0.0
15,67.0,-0.0,0.0
16,58.0,-0.0,0.0
17,87.0,-0.0,0.0
18,141.0,-0.0,0.0
19,142.0,-0.0,0.0
20,170.0,0.0,0.0
21,187.0,0.0,0.0
22,178.0,-0.0,0.0
23,206.0,-0.0,0.0
24,281.0,0.0,0.0
25,291.0,0.0,0.0
26,293.0,0.0,0.0
27,301.0,0.0,0.0
28,320.0,-0.0,0.0
29,332.0,-0.0,0.0
30,336.0,0.0,0.0
31,340.0,0.0,0.0
32,347.0,1.815,571.8
33,353.0,1.83,590.1
34,370.0,0.0,0.0
35,375.0,0.008,0.0
36,371.0,-0.0,0.0
37,377.0,-0.0,0.0
38,376.0,0.0,0.0
39,380.0,0.0,0.0
40,379.0,-0.263,13.1
41,384.0,-0.0,0.0
42,443.0,-0.0,0.0
43,445.0,-0.0,0.0
44,450.0,0.381,32.7
45,471.0,0.429,43.4
46,474.0,0.0,0.0
47,509.0,0.0,0.0
48,507.0,-0.0,0.0
49,513.0,-0.0,0.0
50,507.0,0.0,0.0
51,520.0,0.0,0.0
52,529.0,-0.0,0.0
53,528.0,-0.0,0.0
54,565.0,0.0,0.0
55,568.0,0.0,0.0
56,614.0,0.0,0.0
57,643.0,0.0,0.0
58,646.0,0.0,0.0
59,643.0,0.0,0.0
60,661.0,0.0,0.0
61,659.0,0.0,0.0
62,742.0,0.0,0.0
63,712.0,0.0,0.0
64,744.0,0.0,0.0
65,723.0,0.0,0.0
66,763.0,-0.0,0.0
67,737.0,-0.0,0.0
68,796.0,-0.129,6.7
69,754.0,-0.0,0.0
70,798.0,-0.0,0.0
71,769.0,-0.0,0.0
72,828.0,-0.0,0.0
73,798.0,-0.0,0.0
74,839.0,0.0,0.0
75,802.0,0.0,0.0
76,847.0,-0.0,0.0
77,807.0,-0.082,2.7
78,889.0,0.0,0.0
79,829.0,0.0,0.0
80,921.0,0.0,0.0
81,912.0,0.0,0.0
82,994.0,-0.0,0.0
83,912.0,-0.0,0.0
84,999.0,-0.0,0.0
85,918.0,-0.0,0.0
86,1018.0,-0.854,371.4
87,947.0,-0.0,0.0
88,1021.0,-0.0,0.0
89,950.0,-0.0,0.0
90,1030.0,0.0,0.0
91,1006.0,0.0,0.0
92,1031.0,0.0,0.0
93,1048.0,0.716,268.7
94,1052.0,-0.0,0.0
95,1057.0,-0.0,0.0
96,1060.0,0.0,0.0
97,1082.0,0.0,0.0
98,1105.0,-0.045,1.1
99,1086.0,-0.0,0.0
100,1119.0,-0.0,0.0
101,1089.0,-0.264,37.8
102,1191.0,0.0,0.0
103,1153.0,0.0,0.0
104,1192.0,0.0,0.0
105,1165.0,0.0,0.0
106,1268.0,-0.0,0.0
107,1243.0,-0.0,0.0
108,1278.0,-0.0,0.0
109,1253.0,-0.038,0.9
110,1282.0,-0.185,22.0
111,1258.0,-0.0,0.0
112,1289.0,0.0,0.0
113,1271.0,0.0,0.0
114,1307.0,0.047,1.4
115,1303.0,0.209,28.6
116,1339.0,-0.0,0.0
117,1339.0,-0.0,0.0
118,1358.0,-0.0,0.0
119,1359.0,-0.0,0.0
120,1453.0,0.0,0.0
121,1403.0,0.0,0.0
122,1478.0,-0.0,0.0
123,1438.0,-0.0,0.0
124,1494.0,0.356,94.9
125,1455.0,0.0,0.0
126,1498.0,0.0,0.0
127,1482.0,0.016,0.2
128,1600.0,-0.0,0.0
129,1502.0,-0.0,0.0
130,1618.0,0.335,90.9
131,1527.0,0.0,0.0
132,1621.0,-0.0,0.0
133,1535.0,-0.0,0.0
134,1631.0,0.0,0.0
135,1564.0,1.634,2087.9
136,1754.0,0.0,0.0
137,1579.0,0.0,0.0
138,1760.0,1.734,2645.4
139,1595.0,0.0,0.0
140,1780.0,0.0,0.0
141,1600.0,0.725,420.6
142,1784.0,-0.0,0.0
143,1606.0,-0.0,0.0
144,3184.0,0.0,0.0
145,3091.0,0.0,0.0
146,3184.0,-0.059,5.5
147,3092.0,-0.081,10.0
148,3198.0,0.0,0.0
149,3167.0,0.0,0.0
150,3199.0,0.0,0.0
151,3167.0,0.0,0.0
152,3204.0,-0.0,0.0
153,3170.0,-0.0,0.0
154,3204.0,-0.069,7.5
155,3170.0,-0.042,2.8
