,Frequencies,Displacement,Reorg Energy
0,-0.0,-0.0,-0.0
1,-0.0,-0.0,-0.0
2,-0.0,0.0,-0.0
3,-0.0,0.0,-0.0
4,-0.0,0.0,-0.0
5,-0.0,0.0,-0.0
6,-0.0,-0.0,-0.0
7,-0.0,-0.0,-0.0
8,0.0,-0.0,0.0
9,-0.0,-0.0,-0.0
10,0.0,-0.0,0.0
11,0.0,-0.0,0.0
12,53.0,0.0,0.0
13,50.0,0.0,0.0
14,91.0,0.0,0.0
15,83.0,0.0,0.0
16,123.0,0.0,0.0
17,100.0,0.0,0.0
18,157.0,0.0,0.0
19,155.0,0.0,0.0
20,245.0,-0.024,0.1
21,240.0,-0.008,0.0
22,273.0,-0.0,0.0
23,247.0,-0.0,0.0
24,319.0,-0.0,0.0
25,317.0,-0.0,0.0
26,365.0,-0.435,34.5
27,371.0,-0.452,37.9
28,386.0,0.0,0.0
29,380.0,0.0,0.0
30,401.0,0.0,0.0
31,385.0,0.0,0.0
32,414.0,-0.262,14.2
33,409.0,-0.0,0.0
34,441.0,0.0,0.0
35,414.0,0.252,13.2
36,453.0,-0.0,0.0
37,451.0,-0.0,0.0
38,466.0,0.473,52.0
39,456.0,0.468,50.0
40,565.0,-0.0,0.0
41,509.0,-0.0,0.0
42,572.0,0.0,0.0
43,558.0,0.0,0.0
44,611.0,0.0,0.0
45,562.0,0.0,0.0
46,632.0,-0.0,0.0
47,596.0,-0.0,0.0
48,675.0,-0.0,0.0
49,607.0,-0.0,0.0
50,691.0,0.278,26.7
51,613.0,0.0,0.0
52,696.0,-0.0,0.0
53,631.0,-0.0,0.0
54,728.0,-0.0,0.0
55,657.0,-0.0,0.0
56,756.0,0.0,0.0
57,670.0,0.0,0.0
58,765.0,0.0,0.0
59,676.0,0.273,25.3
60,783.0,-0.0,0.0
61,692.0,-0.0,0.0
62,800.0,0.177,12.6
63,705.0,0.0,0.0
64,850.0,0.0,0.0
65,753.0,0.0,0.0
66,860.0,0.0,0.0
67,789.0,0.159,10.0
68,910.0,-0.0,0.0
69,839.0,-0.0,0.0
70,930.0,-0.0,0.0
71,845.0,-0.0,0.0
72,933.0,0.0,0.0
73,847.0,0.0,0.0
74,987.0,-0.0,0.0
75,851.0,-0.0,0.0
76,988.0,0.0,0.0
77,917.0,0.0,0.0
78,1010.0,-0.0,0.0
79,991.0,-0.0,0.0
80,1045.0,-0.411,88.1
81,1023.0,-0.397,80.8
82,1053.0,-0.0,0.0
83,1033.0,-0.0,0.0
84,1070.0,-0.014,0.1
85,1051.0,-0.268,37.6
86,1104.0,-0.028,0.4
87,1078.0,-0.064,2.2
88,1130.0,0.0,0.0
89,1087.0,0.0,0.0
90,1165.0,0.238,32.9
91,1127.0,0.0,0.0
92,1170.0,0.0,0.0
93,1143.0,0.287,47.0
94,1230.0,-0.367,82.9
95,1180.0,-0.0,0.0
96,1230.0,0.0,0.0
97,1216.0,0.266,43.1
98,1257.0,0.116,8.5
99,1247.0,0.0,0.0
100,1275.0,0.0,0.0
101,1264.0,0.135,11.5
102,1323.0,0.059,2.3
103,1329.0,0.1,6.6
104,1351.0,0.0,0.0
105,1337.0,0.0,0.0
106,1363.0,0.487,161.9
107,1356.0,0.363,89.3
108,1452.0,-0.0,0.0
109,1409.0,-0.0,0.0
110,1453.0,-0.385,107.5
111,1441.0,-0.0,0.0
112,1488.0,0.0,0.0
113,1450.0,0.41,121.9
114,1502.0,0.081,4.9
115,1461.0,0.0,0.0
116,1546.0,-0.0,0.0
117,1477.0,-0.079,4.6
118,1548.0,0.382,113.3
119,1490.0,0.0,0.0
120,1589.0,-0.0,0.0
121,1513.0,-0.147,16.3
122,1597.0,-0.318,81.0
123,1546.0,-0.517,206.6
124,1624.0,-0.726,427.8
125,1559.0,-0.0,0.0
126,1634.0,-0.0,0.0
127,1590.0,-0.668,354.7
128,3130.0,-0.0,0.0
129,3051.0,-0.0,0.0
130,3130.0,-0.031,1.5
131,3053.0,-0.06,5.6
132,3147.0,0.0,0.0
133,3097.0,0.0,0.0
134,3151.0,0.07,7.6
135,3099.0,0.049,3.8
136,3166.0,-0.0,0.0
137,3138.0,-0.0,0.0
138,3181.0,-0.019,0.6
139,3154.0,-0.0,0.0
140,3185.0,-0.0,0.0
141,3154.0,-0.007,0.1
142,3185.0,-0.017,0.4
143,3159.0,-0.016,0.4
