,Frequencies,Displacement,Reorg Energy
0,-0.0,0.0,-0.0
1,-0.0,0.0,-0.0
2,0.0,0.0,0.0
3,-0.0,0.0,-0.0
4,0.0,0.0,0.0
5,0.0,0.0,0.0
6,0.0,-0.0,0.0
7,0.0,-0.0,0.0
8,0.0,0.0,0.0
9,0.0,0.0,0.0
10,0.0,0.0,0.0
11,0.0,0.0,0.0
12,37.0,-0.0,0.0
13,62.0,-0.0,0.0
14,84.0,-0.0,0.0
15,90.0,-0.0,0.0
16,110.0,-0.0,0.0
17,132.0,-0.0,0.0
18,154.0,0.0,0.0
19,162.0,0.0,0.0
20,231.0,-0.738,62.9
21,236.0,-0.724,61.8
22,258.0,0.0,0.0
23,279.0,0.0,0.0
24,319.0,0.0,0.0
25,321.0,0.0,0.0
26,360.0,0.994,178.0
27,361.0,1.016,186.4
28,381.0,0.0,0.0
29,383.0,0.0,0.0
30,395.0,-0.0,0.0
31,406.0,-0.0,0.0
32,401.0,0.593,70.6
33,415.0,0.68,95.9
34,436.0,0.0,0.0
35,455.0,0.0,0.0
36,441.0,-0.0,0.0
37,456.0,-0.0,0.0
38,458.0,-0.521,62.2
39,463.0,-0.439,44.6
40,564.0,0.0,0.0
41,579.0,0.0,0.0
42,572.0,-0.0,0.0
43,591.0,-0.0,0.0
44,623.0,-0.0,0.0
45,615.0,-0.0,0.0
46,632.0,-0.0,0.0
47,635.0,-0.0,0.0
48,680.0,-0.107,3.9
49,678.0,-0.124,5.2
50,713.0,-0.0,0.0
51,710.0,-0.0,0.0
52,766.0,-0.0,0.0
53,742.0,-0.0,0.0
54,779.0,0.0,0.0
55,754.0,0.0,0.0
56,831.0,0.112,5.2
57,812.0,0.0,0.0
58,833.0,0.0,0.0
59,815.0,0.0,0.0
60,833.0,-0.0,0.0
61,832.0,-0.0,0.0
62,879.0,0.0,0.0
63,835.0,0.087,3.2
64,938.0,0.0,0.0
65,932.0,0.0,0.0
66,992.0,0.0,0.0
67,936.0,0.0,0.0
68,994.0,0.0,0.0
69,936.0,0.0,0.0
70,1020.0,0.595,180.3
71,998.0,0.0,0.0
72,1020.0,0.0,0.0
73,999.0,0.0,0.0
74,1022.0,-0.0,0.0
75,1041.0,-0.423,93.1
76,1056.0,0.0,0.0
77,1042.0,0.0,0.0
78,1080.0,0.116,7.2
79,1075.0,0.327,57.3
80,1105.0,0.0,0.0
81,1087.0,0.0,0.0
82,1110.0,0.136,10.2
83,1096.0,0.243,32.5
84,1134.0,0.0,0.0
85,1119.0,0.0,0.0
86,1207.0,-0.111,7.5
87,1190.0,-0.165,16.2
88,1230.0,-0.0,0.0
89,1225.0,-0.0,0.0
90,1283.0,-0.0,0.0
91,1237.0,-0.187,21.6
92,1296.0,-0.075,3.6
93,1272.0,-0.0,0.0
94,1305.0,0.286,53.2
95,1308.0,0.269,47.3
96,1313.0,-0.0,0.0
97,1317.0,-0.0,0.0
98,1344.0,0.018,0.2
99,1360.0,0.018,0.2
100,1449.0,-0.0,0.0
101,1418.0,-0.207,30.3
102,1454.0,0.325,77.0
103,1423.0,0.0,0.0
104,1485.0,0.034,0.9
105,1459.0,0.0,0.0
106,1491.0,0.0,0.0
107,1486.0,0.075,4.2
108,1592.0,0.132,14.0
109,1535.0,0.474,172.2
110,1606.0,0.0,0.0
111,1539.0,0.0,0.0
112,1616.0,-0.183,27.1
113,1578.0,-0.0,0.0
114,1628.0,-0.0,0.0
115,1593.0,-0.69,379.3
116,1756.0,1.008,891.3
117,1607.0,0.676,367.7
118,1781.0,-0.0,0.0
119,1617.0,-0.0,0.0
120,3149.0,-0.0,0.0
121,3097.0,-0.0,0.0
122,3149.0,-0.025,1.0
123,3098.0,-0.022,0.7
124,3188.0,-0.0,0.0
125,3150.0,-0.0,0.0
126,3188.0,-0.025,1.0
127,3150.0,-0.035,1.9
128,3201.0,-0.0,0.0
129,3185.0,-0.0,0.0
130,3202.0,-0.032,1.7
131,3185.0,-0.021,0.7
