,Frequencies,Displacement,Reorg Energy
0,-0.0,-0.0,-0.0
1,-0.0,-0.0,-0.0
2,-0.0,-0.0,-0.0
3,-0.0,-0.0,-0.0
4,0.0,0.0,0.0
5,-0.0,0.0,-0.0
6,0.0,0.0,0.0
7,-0.0,0.0,-0.0
8,0.0,0.0,0.0
9,0.0,0.0,0.0
10,0.0,0.0,0.0
11,0.0,0.0,0.0
12,53.0,-0.0,0.0
13,63.0,-0.0,0.0
14,64.0,-0.0,0.0
15,67.0,-0.0,0.0
16,74.0,-0.0,0.0
17,87.0,-0.0,0.0
18,137.0,-0.0,0.0
19,142.0,-0.0,0.0
20,186.0,0.0,0.0
21,187.0,0.0,0.0
22,203.0,-0.0,0.0
23,206.0,-0.0,0.0
24,281.0,0.0,0.0
25,291.0,0.0,0.0
26,291.0,0.0,0.0
27,301.0,0.0,0.0
28,291.0,0.0,0.0
29,332.0,0.0,0.0
30,341.0,-0.0,0.0
31,340.0,-0.0,0.0
32,352.0,0.614,66.2
33,353.0,0.595,62.4
34,370.0,0.0,0.0
35,375.0,0.211,8.4
36,374.0,-0.0,0.0
37,377.0,-0.0,0.0
38,377.0,0.142,3.8
39,380.0,0.0,0.0
40,377.0,0.0,0.0
41,384.0,0.0,0.0
42,425.0,-0.0,0.0
43,445.0,-0.0,0.0
44,461.0,0.061,0.9
45,471.0,0.05,0.6
46,486.0,-0.0,0.0
47,509.0,-0.0,0.0
48,500.0,0.0,0.0
49,513.0,0.0,0.0
50,513.0,0.0,0.0
51,520.0,0.0,0.0
52,526.0,-0.0,0.0
53,528.0,-0.0,0.0
54,562.0,0.0,0.0
55,568.0,0.0,0.0
56,620.0,0.0,0.0
57,643.0,0.0,0.0
58,648.0,-0.0,0.0
59,643.0,-0.0,0.0
60,658.0,0.0,0.0
61,659.0,0.0,0.0
62,727.0,0.0,0.0
63,712.0,0.0,0.0
64,738.0,0.0,0.0
65,723.0,0.0,0.0
66,763.0,-0.0,0.0
67,737.0,-0.0,0.0
68,775.0,-0.0,0.0
69,754.0,-0.0,0.0
70,803.0,-0.0,0.0
71,769.0,-0.0,0.0
72,805.0,-0.203,16.5
73,798.0,-0.0,0.0
74,820.0,-0.0,0.0
75,802.0,-0.0,0.0
76,822.0,0.0,0.0
77,807.0,0.192,14.8
78,849.0,0.0,0.0
79,829.0,0.0,0.0
80,920.0,-0.0,0.0
81,912.0,-0.0,0.0
82,973.0,-0.0,0.0
83,912.0,-0.0,0.0
84,985.0,-0.0,0.0
85,918.0,-0.0,0.0
86,989.0,-0.0,0.0
87,947.0,-0.0,0.0
88,999.0,-0.0,0.0
89,950.0,-0.0,0.0
90,1003.0,0.0,0.0
91,1006.0,0.0,0.0
92,1015.0,-0.0,0.0
93,1048.0,-0.42,92.4
94,1024.0,0.519,138.0
95,1057.0,0.0,0.0
96,1051.0,0.0,0.0
97,1082.0,0.0,0.0
98,1093.0,-0.038,0.8
99,1086.0,-0.0,0.0
100,1100.0,-0.0,0.0
101,1089.0,-0.157,13.5
102,1175.0,-0.0,0.0
103,1153.0,-0.0,0.0
104,1183.0,-0.0,0.0
105,1165.0,-0.0,0.0
106,1248.0,0.0,0.0
107,1243.0,0.0,0.0
108,1256.0,-0.312,61.2
109,1253.0,-0.345,74.7
110,1258.0,0.0,0.0
111,1258.0,0.0,0.0
112,1268.0,-0.0,0.0
113,1271.0,-0.0,0.0
114,1319.0,0.027,0.5
115,1303.0,0.12,9.3
116,1338.0,-0.0,0.0
117,1339.0,-0.0,0.0
118,1347.0,-0.0,0.0
119,1359.0,-0.0,0.0
120,1417.0,0.0,0.0
121,1403.0,0.0,0.0
122,1426.0,-0.0,0.0
123,1438.0,-0.0,0.0
124,1483.0,0.0,0.0
125,1455.0,0.0,0.0
126,1497.0,-0.076,4.3
127,1482.0,-0.208,31.9
128,1520.0,0.0,0.0
129,1502.0,0.0,0.0
130,1576.0,-0.0,0.0
131,1527.0,-0.0,0.0
132,1582.0,0.0,0.0
133,1535.0,0.0,0.0
134,1599.0,-0.0,0.0
135,1564.0,-0.878,602.9
136,1599.0,0.59,278.7
137,1579.0,0.0,0.0
138,1663.0,0.0,0.0
139,1595.0,0.0,0.0
140,1678.0,0.694,403.6
141,1600.0,0.217,37.7
142,1682.0,-0.0,0.0
143,1606.0,-0.0,0.0
144,3148.0,-0.0,0.0
145,3091.0,-0.0,0.0
146,3148.0,-0.048,3.6
147,3092.0,-0.052,4.1
148,3177.0,0.0,0.0
149,3167.0,0.0,0.0
150,3177.0,0.0,0.0
151,3167.0,0.0,0.0
152,3181.0,-0.0,0.0
153,3170.0,-0.0,0.0
154,3181.0,-0.022,0.7
155,3170.0,-0.013,0.3
