,Frequencies,Displacement,Reorg Energy
0,-0.0,0.0,-0.0
1,-207.0,0.0,-0.0
2,-0.0,-0.0,-0.0
3,-206.0,-0.0,-0.0
4,-0.0,-0.0,-0.0
5,-0.0,-0.0,-0.0
6,0.0,0.0,0.0
7,-0.0,0.0,-0.0
8,0.0,0.0,0.0
9,0.0,0.0,0.0
10,0.0,-0.0,0.0
11,0.0,-0.0,0.0
12,67.0,0.0,0.0
13,0.0,0.0,0.0
14,96.0,-0.0,0.0
15,0.0,-0.0,0.0
16,140.0,-0.0,0.0
17,74.0,-0.0,0.0
18,148.0,0.0,0.0
19,106.0,0.0,0.0
20,202.0,0.754,57.4
21,133.0,0.0,0.0
22,265.0,0.0,0.0
23,152.0,0.0,0.0
24,297.0,0.0,0.0
25,202.0,0.719,52.2
26,327.0,0.481,37.8
27,253.0,0.0,0.0
28,361.0,0.625,70.6
29,279.0,0.0,0.0
30,387.0,0.0,0.0
31,316.0,0.527,44.0
32,417.0,-0.0,0.0
33,336.0,-0.0,0.0
34,469.0,-0.0,0.0
35,352.0,-0.0,0.0
36,490.0,-0.593,86.3
37,357.0,-0.564,56.9
38,540.0,-0.0,0.0
39,385.0,-0.0,0.0
40,540.0,0.0,0.0
41,490.0,0.57,79.6
42,618.0,0.0,0.0
43,502.0,0.0,0.0
44,674.0,-0.0,0.0
45,510.0,-0.0,0.0
46,691.0,-0.0,0.0
47,591.0,-0.0,0.0
48,696.0,0.882,270.6
49,630.0,0.0,0.0
50,743.0,-0.0,0.0
51,645.0,-0.0,0.0
52,754.0,-0.0,0.0
53,658.0,-0.989,322.2
54,779.0,0.0,0.0
55,715.0,0.0,0.0
56,825.0,-0.0,0.0
57,717.0,-0.0,0.0
58,833.0,-0.704,206.6
59,727.0,-0.0,0.0
60,856.0,-0.0,0.0
61,751.0,-0.0,0.0
62,877.0,-0.0,0.0
63,762.0,-0.729,202.6
64,891.0,1.049,490.0
65,802.0,0.0,0.0
66,892.0,-0.0,0.0
67,847.0,-0.0,0.0
68,895.0,0.0,0.0
69,853.0,0.963,395.5
70,1006.0,0.368,68.0
71,979.0,0.162,12.9
72,1105.0,0.0,0.0
73,1020.0,0.0,0.0
74,1124.0,-0.565,179.2
75,1080.0,-0.519,145.5
76,1197.0,-0.0,0.0
77,1151.0,-0.0,0.0
78,1232.0,0.0,0.0
79,1236.0,0.093,5.4
80,1257.0,0.39,95.7
81,1237.0,0.0,0.0
82,1301.0,-0.184,22.0
83,1278.0,-0.036,0.8
84,1383.0,0.0,0.0
85,1300.0,0.0,0.0
86,1434.0,1.086,846.4
87,1344.0,0.11,8.2
88,1445.0,-0.327,77.2
89,1368.0,-0.583,232.8
90,1455.0,-0.0,0.0
91,1406.0,-0.0,0.0
92,1560.0,-0.005,0.0
93,1461.0,-0.0,0.0
94,1562.0,-0.0,0.0
95,1522.0,-0.233,41.4
96,1742.0,1.275,1416.9
97,1556.0,1.518,1792.0
98,1765.0,0.0,0.0
99,1585.0,0.0,0.0
100,3208.0,-0.0,0.0
101,3121.0,-0.0,0.0
102,3212.0,-0.066,7.0
103,3127.0,-0.057,5.1
104,3240.0,-0.0,0.0
105,3199.0,-0.0,0.0
106,3241.0,-0.021,0.7
107,3201.0,-0.015,0.4
