,Frequencies,Displacement,Reorg Energy
0,-0.0,0.0,-0.0
1,-0.0,0.0,-0.0
2,-0.0,-0.0,-0.0
3,-0.0,-0.0,-0.0
4,0.0,0.0,0.0
5,-0.0,0.0,-0.0
6,0.0,-0.0,0.0
7,0.0,-0.0,0.0
8,0.0,-0.0,0.0
9,0.0,-0.0,0.0
10,0.0,0.0,0.0
11,0.0,0.0,0.0
12,25.0,-0.0,0.0
13,53.0,-0.0,0.0
14,85.0,-0.0,0.0
15,91.0,-0.0,0.0
16,102.0,0.0,0.0
17,123.0,0.0,0.0
18,152.0,0.0,0.0
19,157.0,0.0,0.0
20,243.0,0.365,16.2
21,245.0,0.349,14.9
22,259.0,0.0,0.0
23,273.0,0.0,0.0
24,319.0,-0.0,0.0
25,319.0,-0.0,0.0
26,366.0,0.969,171.9
27,365.0,0.97,171.9
28,386.0,0.0,0.0
29,386.0,0.0,0.0
30,389.0,-0.0,0.0
31,401.0,-0.0,0.0
32,401.0,0.383,29.4
33,414.0,0.464,44.5
34,431.0,0.0,0.0
35,441.0,0.0,0.0
36,449.0,-0.0,0.0
37,453.0,-0.0,0.0
38,463.0,-0.522,63.1
39,466.0,-0.484,54.6
40,556.0,0.0,0.0
41,565.0,0.0,0.0
42,566.0,-0.0,0.0
43,572.0,-0.0,0.0
44,616.0,-0.0,0.0
45,611.0,-0.0,0.0
46,631.0,-0.0,0.0
47,632.0,-0.0,0.0
48,683.0,0.0,0.0
49,675.0,0.0,0.0
50,693.0,0.183,11.6
51,691.0,0.187,12.0
52,718.0,-0.0,0.0
53,696.0,-0.0,0.0
54,744.0,-0.0,0.0
55,728.0,-0.0,0.0
56,781.0,0.0,0.0
57,756.0,0.0,0.0
58,796.0,-0.155,9.5
59,765.0,-0.0,0.0
60,797.0,-0.0,0.0
61,783.0,-0.0,0.0
62,844.0,0.0,0.0
63,800.0,0.123,6.1
64,897.0,-0.0,0.0
65,850.0,-0.0,0.0
66,905.0,-0.0,0.0
67,860.0,-0.0,0.0
68,937.0,-0.0,0.0
69,910.0,-0.0,0.0
70,982.0,0.0,0.0
71,930.0,0.0,0.0
72,988.0,0.0,0.0
73,933.0,0.0,0.0
74,1016.0,0.0,0.0
75,987.0,0.0,0.0
76,1016.0,0.0,0.0
77,988.0,0.0,0.0
78,1022.0,0.612,191.5
79,1010.0,0.0,0.0
80,1022.0,-0.0,0.0
81,1045.0,-0.489,125.1
82,1072.0,0.0,0.0
83,1053.0,0.0,0.0
84,1080.0,-0.008,0.0
85,1070.0,-0.269,38.8
86,1114.0,-0.143,11.4
87,1104.0,-0.223,27.4
88,1140.0,-0.0,0.0
89,1130.0,-0.0,0.0
90,1186.0,0.0,0.0
91,1165.0,0.135,10.6
92,1194.0,0.097,5.6
93,1170.0,0.0,0.0
94,1239.0,0.0,0.0
95,1230.0,0.011,0.1
96,1249.0,0.049,1.5
97,1230.0,0.0,0.0
98,1290.0,0.097,6.0
99,1257.0,0.103,6.7
100,1302.0,0.0,0.0
101,1275.0,0.0,0.0
102,1312.0,-0.221,32.0
103,1323.0,-0.269,47.7
104,1334.0,-0.0,0.0
105,1351.0,-0.0,0.0
106,1358.0,0.084,4.8
107,1363.0,0.041,1.2
108,1471.0,0.233,40.0
109,1452.0,0.0,0.0
110,1482.0,-0.0,0.0
111,1453.0,-0.202,29.6
112,1508.0,0.0,0.0
113,1488.0,0.0,0.0
114,1527.0,0.259,51.3
115,1502.0,0.077,4.5
116,1602.0,-0.148,17.5
117,1546.0,-0.0,0.0
118,1622.0,0.0,0.0
119,1548.0,0.482,180.1
120,1634.0,-0.194,30.8
121,1589.0,-0.0,0.0
122,1641.0,-0.0,0.0
123,1597.0,-0.898,643.6
124,1752.0,-0.973,830.0
125,1624.0,-0.237,45.8
126,1777.0,0.0,0.0
127,1634.0,0.0,0.0
128,3170.0,0.0,0.0
129,3130.0,0.0,0.0
130,3172.0,0.006,0.1
131,3130.0,0.017,0.4
132,3185.0,0.0,0.0
133,3147.0,0.0,0.0
134,3187.0,-0.028,1.3
135,3151.0,-0.029,1.3
136,3198.0,-0.0,0.0
137,3166.0,-0.0,0.0
138,3202.0,-0.027,1.2
139,3181.0,-0.021,0.7
140,3202.0,0.0,0.0
141,3185.0,0.0,0.0
142,3213.0,0.032,1.7
143,3185.0,0.032,1.7
