,Frequencies,Displacement,Reorg Energy
0,-0.0,0.0,-0.0
1,-0.0,0.0,-0.0
2,-0.0,0.0,-0.0
3,-0.0,0.0,-0.0
4,-0.0,0.0,-0.0
5,-0.0,0.0,-0.0
6,-0.0,-0.0,-0.0
7,-0.0,-0.0,-0.0
8,0.0,0.0,0.0
9,-0.0,0.0,-0.0
10,0.0,-0.0,0.0
11,0.0,-0.0,0.0
12,35.0,-0.0,0.0
13,53.0,-0.0,0.0
14,56.0,0.0,0.0
15,64.0,0.0,0.0
16,58.0,-0.0,0.0
17,74.0,-0.0,0.0
18,141.0,0.0,0.0
19,137.0,0.0,0.0
20,170.0,0.0,0.0
21,186.0,0.0,0.0
22,178.0,-0.0,0.0
23,203.0,-0.0,0.0
24,281.0,0.0,0.0
25,281.0,0.0,0.0
26,293.0,0.0,0.0
27,291.0,0.0,0.0
28,320.0,-0.0,0.0
29,291.0,-0.0,0.0
30,336.0,0.0,0.0
31,341.0,0.0,0.0
32,347.0,1.212,255.0
33,352.0,1.226,264.1
34,370.0,-0.0,0.0
35,370.0,-0.0,0.0
36,371.0,-0.0,0.0
37,374.0,-0.0,0.0
38,376.0,0.0,0.0
39,377.0,0.292,16.0
40,379.0,-0.357,24.1
41,377.0,-0.0,0.0
42,443.0,-0.0,0.0
43,425.0,-0.0,0.0
44,450.0,0.32,23.1
45,461.0,0.353,28.8
46,474.0,-0.0,0.0
47,486.0,-0.0,0.0
48,507.0,-0.0,0.0
49,500.0,-0.0,0.0
50,507.0,-0.0,0.0
51,513.0,-0.0,0.0
52,529.0,-0.0,0.0
53,526.0,-0.0,0.0
54,565.0,-0.0,0.0
55,562.0,-0.0,0.0
56,614.0,0.0,0.0
57,620.0,0.0,0.0
58,646.0,0.0,0.0
59,648.0,0.0,0.0
60,661.0,0.0,0.0
61,658.0,0.0,0.0
62,742.0,-0.0,0.0
63,727.0,-0.0,0.0
64,744.0,-0.0,0.0
65,738.0,-0.0,0.0
66,763.0,-0.0,0.0
67,763.0,-0.0,0.0
68,796.0,0.097,3.7
69,775.0,0.0,0.0
70,798.0,0.0,0.0
71,803.0,0.0,0.0
72,828.0,0.0,0.0
73,805.0,0.117,5.5
74,839.0,0.0,0.0
75,820.0,0.0,0.0
76,847.0,0.0,0.0
77,822.0,0.0,0.0
78,889.0,0.0,0.0
79,849.0,0.0,0.0
80,921.0,-0.0,0.0
81,920.0,-0.0,0.0
82,994.0,-0.0,0.0
83,973.0,-0.0,0.0
84,999.0,-0.0,0.0
85,985.0,-0.0,0.0
86,1018.0,-0.332,56.0
87,989.0,-0.0,0.0
88,1021.0,-0.0,0.0
89,999.0,-0.0,0.0
90,1030.0,0.0,0.0
91,1003.0,0.0,0.0
92,1031.0,-0.0,0.0
93,1015.0,-0.0,0.0
94,1052.0,-0.0,0.0
95,1024.0,-0.304,47.3
96,1060.0,0.0,0.0
97,1051.0,0.0,0.0
98,1105.0,-0.054,1.6
99,1093.0,-0.02,0.2
100,1119.0,-0.0,0.0
101,1100.0,-0.0,0.0
102,1191.0,0.0,0.0
103,1175.0,0.0,0.0
104,1192.0,0.0,0.0
105,1183.0,0.0,0.0
106,1268.0,-0.0,0.0
107,1248.0,-0.0,0.0
108,1278.0,0.0,0.0
109,1256.0,0.311,60.8
110,1282.0,-0.143,13.0
111,1258.0,-0.0,0.0
112,1289.0,-0.0,0.0
113,1268.0,-0.0,0.0
114,1307.0,0.309,62.6
115,1319.0,0.17,19.1
116,1339.0,-0.0,0.0
117,1338.0,-0.0,0.0
118,1358.0,-0.0,0.0
119,1347.0,-0.0,0.0
120,1453.0,0.0,0.0
121,1417.0,0.0,0.0
122,1478.0,-0.0,0.0
123,1426.0,-0.0,0.0
124,1494.0,0.406,123.3
125,1483.0,0.0,0.0
126,1498.0,0.0,0.0
127,1497.0,0.345,89.2
128,1600.0,-0.0,0.0
129,1520.0,-0.0,0.0
130,1618.0,0.002,0.0
131,1576.0,0.0,0.0
132,1621.0,-0.0,0.0
133,1582.0,-0.0,0.0
134,1631.0,0.0,0.0
135,1599.0,0.0,0.0
136,1754.0,0.0,0.0
137,1599.0,0.322,82.9
138,1760.0,0.814,583.1
139,1663.0,0.0,0.0
140,1780.0,0.0,0.0
141,1678.0,0.801,537.7
142,1784.0,-0.0,0.0
143,1682.0,-0.0,0.0
144,3184.0,0.0,0.0
145,3148.0,0.0,0.0
146,3184.0,-0.013,0.3
147,3148.0,-0.021,0.7
148,3198.0,0.0,0.0
149,3177.0,0.0,0.0
150,3199.0,0.0,0.0
151,3177.0,0.0,0.0
152,3204.0,-0.0,0.0
153,3181.0,-0.0,0.0
154,3204.0,-0.038,2.3
155,3181.0,-0.034,1.9
