,Frequencies,Displacement,Reorg Energy
0,-0.0,-0.0,-0.0
1,-0.0,-0.0,-0.0
2,-0.0,0.0,-0.0
3,-0.0,0.0,-0.0
4,-0.0,-0.0,-0.0
5,-0.0,-0.0,-0.0
6,0.0,-0.0,0.0
7,-0.0,-0.0,-0.0
8,0.0,0.0,0.0
9,0.0,0.0,0.0
10,0.0,0.0,0.0
11,0.0,0.0,0.0
12,37.0,0.0,0.0
13,66.0,0.0,0.0
14,84.0,-0.0,0.0
15,92.0,-0.0,0.0
16,110.0,0.0,0.0
17,123.0,0.0,0.0
18,154.0,0.0,0.0
19,141.0,0.0,0.0
20,231.0,-0.936,101.2
21,191.0,-0.0,0.0
22,258.0,-0.0,0.0
23,232.0,-0.956,105.8
24,319.0,0.0,0.0
25,292.0,0.0,0.0
26,360.0,-0.127,2.9
27,317.0,-0.0,0.0
28,381.0,0.0,0.0
29,368.0,0.126,2.9
30,395.0,0.0,0.0
31,377.0,0.0,0.0
32,401.0,-0.416,34.7
33,404.0,-0.413,34.4
34,436.0,-0.0,0.0
35,404.0,-0.0,0.0
36,441.0,-0.0,0.0
37,444.0,-0.0,0.0
38,458.0,-1.133,293.9
39,457.0,-1.136,294.7
40,564.0,-0.0,0.0
41,486.0,-0.0,0.0
42,572.0,-0.0,0.0
43,507.0,-0.0,0.0
44,623.0,0.0,0.0
45,549.0,0.0,0.0
46,632.0,0.0,0.0
47,568.0,0.0,0.0
48,680.0,0.915,284.7
49,577.0,0.0,0.0
50,713.0,0.0,0.0
51,593.0,0.0,0.0
52,766.0,-0.0,0.0
53,623.0,-0.0,0.0
54,779.0,0.0,0.0
55,634.0,0.0,0.0
56,831.0,0.14,8.2
57,637.0,1.062,359.7
58,833.0,0.0,0.0
59,672.0,0.0,0.0
60,833.0,0.0,0.0
61,688.0,0.0,0.0
62,879.0,-0.0,0.0
63,697.0,-0.0,0.0
64,938.0,-0.0,0.0
65,735.0,-0.0,0.0
66,992.0,0.0,0.0
67,737.0,0.0,0.0
68,994.0,0.0,0.0
69,780.0,0.0,0.0
70,1020.0,1.127,647.5
71,822.0,0.061,1.6
72,1020.0,-0.0,0.0
73,896.0,-0.0,0.0
74,1022.0,-0.0,0.0
75,977.0,-0.0,0.0
76,1056.0,-0.0,0.0
77,977.0,-1.07,559.7
78,1080.0,-0.171,15.8
79,992.0,-0.121,7.3
80,1105.0,0.0,0.0
81,1021.0,0.0,0.0
82,1110.0,0.085,4.0
83,1038.0,0.141,10.3
84,1134.0,-0.0,0.0
85,1043.0,-0.0,0.0
86,1207.0,0.398,95.7
87,1107.0,0.094,4.9
88,1230.0,0.0,0.0
89,1155.0,0.0,0.0
90,1283.0,0.0,0.0
91,1217.0,0.0,0.0
92,1296.0,0.941,574.2
93,1224.0,0.104,6.6
94,1305.0,0.908,537.8
95,1258.0,0.878,484.7
96,1313.0,0.0,0.0
97,1264.0,0.0,0.0
98,1344.0,-0.577,224.0
99,1298.0,-0.371,89.1
100,1449.0,-0.0,0.0
101,1340.0,-0.0,0.0
102,1454.0,0.657,313.3
103,1365.0,0.416,117.9
104,1485.0,0.307,70.1
105,1399.0,0.0,0.0
106,1491.0,-0.0,0.0
107,1418.0,-0.0,0.0
108,1592.0,-0.626,311.8
109,1424.0,-0.005,0.0
110,1606.0,0.0,0.0
111,1450.0,1.087,856.7
112,1616.0,-0.18,26.3
113,1490.0,-1.275,1210.1
114,1628.0,-0.0,0.0
115,1494.0,-1.078,867.8
116,1756.0,1.801,2847.4
117,1508.0,0.0,0.0
118,1781.0,-0.0,0.0
119,1543.0,-0.0,0.0
120,3149.0,-0.0,0.0
121,2896.0,-0.0,0.0
122,3149.0,-0.177,49.2
123,2899.0,-0.159,36.7
124,3188.0,0.0,0.0
125,2977.0,0.0,0.0
126,3188.0,-0.182,53.0
127,2979.0,-0.243,88.1
128,3201.0,-0.0,0.0
129,3137.0,-0.0,0.0
130,3202.0,-0.129,26.5
131,3137.0,-0.048,3.6
