,Frequencies,Displacement,Reorg Energy
0,-0.0,-0.0,-0.0
1,-0.0,-0.0,-0.0
2,0.0,-0.0,0.0
3,-0.0,-0.0,-0.0
4,0.0,0.0,0.0
5,-0.0,0.0,-0.0
6,0.0,0.0,0.0
7,0.0,0.0,0.0
8,0.0,0.0,0.0
9,0.0,0.0,0.0
10,0.0,-0.0,0.0
11,0.0,-0.0,0.0
12,50.0,0.001,0.0
13,62.0,0.001,0.0
14,83.0,0.0,0.0
15,85.0,0.0,0.0
16,100.0,0.0,0.0
17,100.0,0.0,0.0
18,155.0,-0.0,0.0
19,159.0,-0.0,0.0
20,240.0,0.053,0.3
21,236.0,0.05,0.3
22,247.0,0.001,0.0
23,251.0,0.001,0.0
24,317.0,-0.0,0.0
25,314.0,-0.0,0.0
26,371.0,-0.327,19.9
27,373.0,-0.344,22.0
28,380.0,0.0,0.0
29,381.0,0.0,0.0
30,385.0,-0.0,0.0
31,389.0,-0.0,0.0
32,409.0,0.0,0.0
33,413.0,0.185,7.0
34,414.0,0.203,8.5
35,414.0,0.0,0.0
36,451.0,-0.002,0.0
37,452.0,-0.321,23.3
38,456.0,0.33,24.8
39,476.0,0.002,0.0
40,509.0,0.001,0.0
41,524.0,0.001,0.0
42,558.0,-0.0,0.0
43,571.0,-0.0,0.0
44,562.0,-0.0,0.0
45,584.0,-0.0,0.0
46,596.0,-0.0,0.0
47,586.0,-0.0,0.0
48,607.0,0.0,0.0
49,609.0,0.0,0.0
50,613.0,-0.0,0.0
51,611.0,-0.0,0.0
52,631.0,0.0,0.0
53,635.0,0.001,0.0
54,657.0,0.0,0.0
55,650.0,0.0,0.0
56,670.0,0.0,0.0
57,672.0,0.096,3.1
58,676.0,-0.09,2.8
59,695.0,-0.0,0.0
60,692.0,0.001,0.0
61,709.0,0.001,0.0
62,705.0,-0.0,0.0
63,719.0,-0.0,0.0
64,753.0,0.001,0.0
65,751.0,0.084,2.7
66,789.0,-0.088,3.1
67,755.0,-0.001,0.0
68,839.0,-0.001,0.0
69,840.0,-0.0,0.0
70,845.0,0.0,0.0
71,842.0,0.0,0.0
72,847.0,-0.0,0.0
73,850.0,-0.0,0.0
74,851.0,-0.001,0.0
75,871.0,-0.0,0.0
76,917.0,-0.0,0.0
77,920.0,-0.0,0.0
78,991.0,0.0,0.0
79,950.0,0.001,0.0
80,1023.0,-0.063,2.0
81,1001.0,-0.0,0.0
82,1033.0,-0.0,0.0
83,1011.0,-0.06,1.8
84,1051.0,-0.018,0.2
85,1024.0,-0.003,0.0
86,1078.0,-0.147,11.7
87,1060.0,-0.0,0.0
88,1087.0,-0.0,0.0
89,1072.0,-0.167,15.0
90,1127.0,0.0,0.0
91,1084.0,0.0,0.0
92,1143.0,-0.107,6.5
93,1090.0,-0.025,0.3
94,1180.0,0.0,0.0
95,1158.0,0.0,0.0
96,1216.0,0.086,4.5
97,1189.0,0.111,7.4
98,1247.0,0.0,0.0
99,1236.0,0.0,0.0
100,1264.0,-0.045,1.3
101,1254.0,-0.04,1.0
102,1329.0,-0.051,1.7
103,1297.0,-0.0,0.0
104,1337.0,0.0,0.0
105,1316.0,0.06,2.4
106,1356.0,0.022,0.3
107,1350.0,0.017,0.2
108,1409.0,-0.0,0.0
109,1375.0,-0.0,0.0
110,1441.0,0.0,0.0
111,1422.0,0.0,0.0
112,1450.0,-0.008,0.1
113,1444.0,-0.007,0.0
114,1461.0,0.0,0.0
115,1456.0,0.0,0.0
116,1477.0,0.055,2.2
117,1462.0,0.031,0.7
118,1490.0,0.0,0.0
119,1479.0,0.0,0.0
120,1513.0,0.088,5.9
121,1499.0,0.115,9.9
122,1546.0,0.187,27.0
123,1528.0,0.172,22.5
124,1559.0,0.0,0.0
125,1536.0,0.0,0.0
126,1590.0,0.017,0.2
127,1577.0,0.005,0.0
128,3051.0,0.0,0.0
129,2583.0,0.0,0.0
130,3053.0,-0.175,46.9
131,2741.0,-0.232,73.8
132,3097.0,0.0,0.0
133,2778.0,0.0,0.0
134,3099.0,0.285,125.6
135,2830.0,0.255,92.2
136,3138.0,-0.0,0.0
137,2964.0,-0.0,0.0
138,3154.0,-0.0,0.0
139,2983.0,-0.144,31.0
140,3154.0,-0.024,0.9
141,3090.0,-0.0,0.0
142,3159.0,-0.215,72.8
143,3096.0,-0.06,5.5
