,Frequencies,Displacement,Reorg Energy
0,-0.0,-0.0,-0.0
1,-0.0,-0.0,-0.0
2,-0.0,0.0,-0.0
3,-0.0,0.0,-0.0
4,-0.0,-0.0,-0.0
5,-0.0,-0.0,-0.0
6,-0.0,-0.0,-0.0
7,0.0,-0.0,0.0
8,0.0,0.0,0.0
9,0.0,0.0,0.0
10,0.0,-0.0,0.0
11,0.0,-0.0,0.0
12,4.0,-0.011,0.0
13,1.0,-0.007,0.0
14,9.0,-0.009,0.0
15,5.0,-0.029,0.0
16,11.0,-0.022,0.0
17,6.0,-0.0,0.0
18,13.0,-0.001,0.0
19,13.0,-0.001,0.0
20,17.0,-0.041,0.0
21,15.0,-0.033,0.0
22,21.0,0.009,0.0
23,16.0,0.006,0.0
24,26.0,-0.022,0.0
25,17.0,-0.008,0.0
26,26.0,-0.004,0.0
27,24.0,-0.002,0.0
28,28.0,0.369,1.9
29,28.0,0.366,1.9
30,39.0,-0.036,0.0
31,39.0,-0.048,0.0
32,49.0,0.002,0.0
33,49.0,0.002,0.0
34,53.0,0.002,0.0
35,52.0,0.001,0.0
36,54.0,-0.024,0.0
37,54.0,-0.022,0.0
38,62.0,0.103,0.3
39,62.0,0.105,0.3
40,63.0,0.0,0.0
41,62.0,0.002,0.0
42,69.0,0.002,0.0
43,68.0,0.002,0.0
44,73.0,0.001,0.0
45,73.0,0.008,0.0
46,93.0,0.0,0.0
47,91.0,0.001,0.0
48,94.0,0.002,0.0
49,91.0,0.0,0.0
50,99.0,-0.001,0.0
51,97.0,-0.0,0.0
52,105.0,-0.111,0.6
53,105.0,-0.101,0.5
54,108.0,0.008,0.0
55,107.0,0.04,0.1
56,118.0,0.001,0.0
57,117.0,0.0,0.0
58,123.0,0.001,0.0
59,122.0,0.0,0.0
60,127.0,-0.043,0.1
61,128.0,-0.042,0.1
62,142.0,-0.0,0.0
63,143.0,-0.0,0.0
64,150.0,0.0,0.0
65,149.0,0.0,0.0
66,152.0,0.367,10.3
67,152.0,0.345,9.0
68,153.0,0.0,0.0
69,154.0,0.001,0.0
70,159.0,0.13,1.3
71,157.0,0.195,3.0
72,162.0,0.035,0.1
73,161.0,0.015,0.0
74,163.0,0.0,0.0
75,161.0,0.0,0.0
76,176.0,-0.04,0.1
77,174.0,-0.038,0.1
78,182.0,0.001,0.0
79,181.0,0.001,0.0
80,183.0,-0.097,0.9
81,182.0,-0.098,0.9
82,205.0,-0.0,0.0
83,206.0,-0.0,0.0
84,210.0,-0.042,0.2
85,209.0,-0.031,0.1
86,213.0,0.012,0.0
87,214.0,0.013,0.0
88,217.0,-0.0,0.0
89,216.0,-0.0,0.0
90,223.0,-0.046,0.2
91,223.0,-0.039,0.2
92,231.0,0.0,0.0
93,230.0,0.0,0.0
94,232.0,-0.003,0.0
95,233.0,-0.007,0.0
96,242.0,0.022,0.1
97,242.0,0.024,0.1
98,244.0,0.0,0.0
99,243.0,0.0,0.0
100,250.0,-0.026,0.1
101,250.0,-0.028,0.1
102,267.0,-0.0,0.0
103,268.0,-0.0,0.0
104,268.0,-0.098,1.3
105,269.0,-0.094,1.2
106,276.0,0.001,0.0
107,276.0,0.0,0.0
108,309.0,-0.0,0.0
109,310.0,-0.0,0.0
110,315.0,-0.0,0.0
111,315.0,-0.0,0.0
112,329.0,0.191,6.0
113,327.0,0.19,5.9
114,335.0,0.124,2.6
115,342.0,0.192,6.3
116,342.0,0.0,0.0
117,345.0,0.0,0.0
118,348.0,-0.211,7.8
119,348.0,-0.14,3.4
120,349.0,0.002,0.0
121,351.0,0.001,0.0
122,378.0,0.0,0.0
123,378.0,0.0,0.0
124,389.0,-0.237,10.9
125,388.0,-0.234,10.6
126,389.0,-0.02,0.1
127,389.0,-0.001,0.0
128,393.0,0.256,12.9
129,393.0,0.26,13.3
130,408.0,0.077,1.2
131,410.0,0.078,1.2
132,418.0,0.0,0.0
133,422.0,0.0,0.0
134,420.0,-0.204,8.7
135,423.0,-0.209,9.2
136,425.0,-0.0,0.0
137,428.0,-0.0,0.0
138,431.0,-0.0,0.0
139,445.0,-0.0,0.0
140,431.0,0.054,0.6
141,448.0,0.077,1.3
142,450.0,-0.0,0.0
143,453.0,-0.0,0.0
144,464.0,0.112,2.9
145,466.0,0.111,2.9
146,481.0,-0.0,0.0
147,486.0,-0.0,0.0
148,484.0,0.047,0.5
149,492.0,0.062,0.9
150,485.0,-0.0,0.0
151,502.0,-0.001,0.0
152,490.0,-0.111,3.0
153,503.0,-0.189,9.0
154,503.0,-0.001,0.0
155,504.0,-0.004,0.0
156,506.0,-0.515,67.0
157,505.0,-0.466,54.8
158,511.0,0.079,1.6
159,515.0,0.075,1.5
160,524.0,0.001,0.0
161,528.0,0.002,0.0
162,526.0,0.006,0.0
163,531.0,0.164,7.1
164,526.0,-0.173,7.9
165,532.0,-0.009,0.0
166,531.0,-0.022,0.1
167,533.0,-0.16,6.8
168,555.0,0.0,0.0
169,554.0,0.002,0.0
170,555.0,0.062,1.1
171,554.0,0.093,2.4
172,566.0,-0.0,0.0
173,569.0,-0.0,0.0
174,568.0,-0.017,0.1
175,570.0,-0.021,0.1
176,570.0,0.0,0.0
177,572.0,0.0,0.0
178,586.0,0.0,0.0
179,587.0,0.0,0.0
180,589.0,-0.086,2.2
181,590.0,-0.072,1.5
182,594.0,-0.032,0.3
183,593.0,-0.0,0.0
184,599.0,0.0,0.0
185,593.0,0.03,0.3
186,600.0,-0.003,0.0
187,596.0,-0.035,0.4
188,600.0,-0.0,0.0
189,600.0,-0.0,0.0
190,617.0,0.094,2.7
191,622.0,0.078,1.9
192,640.0,0.02,0.1
193,645.0,0.027,0.2
194,641.0,-0.0,0.0
195,650.0,-0.0,0.0
196,644.0,-0.02,0.1
197,658.0,-0.0,0.0
198,647.0,-0.0,0.0
199,659.0,-0.001,0.0
200,694.0,0.0,0.0
201,697.0,0.0,0.0
202,694.0,-0.0,0.0
203,697.0,-0.0,0.0
204,695.0,-0.0,0.0
205,699.0,-0.0,0.0
206,698.0,0.0,0.0
207,702.0,0.0,0.0
208,699.0,0.076,2.0
209,703.0,0.079,2.2
210,717.0,-0.004,0.0
211,720.0,-0.012,0.1
212,718.0,0.0,0.0
213,720.0,0.0,0.0
214,729.0,0.077,2.1
215,734.0,0.081,2.4
216,737.0,-0.041,0.6
217,740.0,-0.045,0.7
218,737.0,-0.001,0.0
219,740.0,-0.0,0.0
220,744.0,0.001,0.0
221,750.0,0.0,0.0
222,744.0,-0.001,0.0
223,750.0,-0.001,0.0
224,760.0,0.0,0.0
225,762.0,0.0,0.0
226,767.0,-0.015,0.1
227,771.0,-0.016,0.1
228,781.0,0.0,0.0
229,786.0,0.0,0.0
230,781.0,-0.0,0.0
231,787.0,-0.003,0.0
232,787.0,-0.007,0.0
233,790.0,-0.012,0.1
234,787.0,0.033,0.4
235,790.0,0.044,0.8
236,813.0,-0.001,0.0
237,828.0,-0.001,0.0
238,813.0,0.0,0.0
239,829.0,0.0,0.0
240,816.0,0.0,0.0
241,843.0,0.103,4.5
242,819.0,-0.213,18.6
243,843.0,-0.001,0.0
244,832.0,-0.0,0.0
245,844.0,-0.191,15.3
246,832.0,-0.009,0.0
247,844.0,-0.0,0.0
248,833.0,-0.0,0.0
249,853.0,-0.005,0.0
250,834.0,0.043,0.8
251,853.0,0.082,2.9
252,836.0,-0.0,0.0
253,855.0,-0.203,17.7
254,837.0,-0.169,11.9
255,856.0,-0.002,0.0
256,861.0,0.008,0.0
257,864.0,0.005,0.0
258,870.0,-0.049,1.1
259,876.0,-0.013,0.1
260,873.0,0.0,0.0
261,879.0,0.0,0.0
262,882.0,-0.0,0.0
263,891.0,-0.0,0.0
264,889.0,-0.005,0.0
265,895.0,-0.0,0.0
266,895.0,-0.0,0.0
267,895.0,-0.111,5.5
268,896.0,0.136,8.3
269,898.0,0.006,0.0
270,933.0,0.0,0.0
271,946.0,0.0,0.0
272,933.0,0.0,0.0
273,951.0,0.053,1.4
274,943.0,0.0,0.0
275,952.0,0.001,0.0
276,948.0,0.052,1.3
277,952.0,0.001,0.0
278,961.0,0.002,0.0
279,964.0,0.001,0.0
280,961.0,0.0,0.0
281,964.0,0.0,0.0
282,992.0,0.008,0.0
283,999.0,0.001,0.0
284,992.0,0.01,0.0
285,999.0,0.02,0.2
286,1002.0,0.0,0.0
287,1007.0,0.0,0.0
288,1002.0,-0.032,0.5
289,1008.0,-0.032,0.5
290,1004.0,-0.0,0.0
291,1008.0,-0.0,0.0
292,1027.0,0.032,0.5
293,1031.0,0.0,0.0
294,1028.0,0.0,0.0
295,1032.0,0.014,0.1
296,1046.0,-0.162,13.8
297,1049.0,-0.0,0.0
298,1046.0,0.001,0.0
299,1049.0,0.162,13.7
300,1074.0,-0.004,0.0
301,1075.0,-0.001,0.0
302,1079.0,0.0,0.0
303,1079.0,0.0,0.0
304,1090.0,-0.0,0.0
305,1092.0,-0.0,0.0
306,1090.0,-0.1,5.5
307,1093.0,-0.123,8.2
308,1103.0,0.002,0.0
309,1104.0,0.0,0.0
310,1104.0,0.0,0.0
311,1104.0,0.007,0.0
312,1106.0,-0.013,0.1
313,1107.0,-0.0,0.0
314,1106.0,0.0,0.0
315,1108.0,0.037,0.8
316,1139.0,0.0,0.0
317,1133.0,0.002,0.0
318,1139.0,0.035,0.7
319,1133.0,0.063,2.2
320,1151.0,0.0,0.0
321,1154.0,0.082,3.8
322,1152.0,0.076,3.4
323,1155.0,0.0,0.0
324,1156.0,-0.268,41.6
325,1156.0,-0.195,21.9
326,1167.0,-0.0,0.0
327,1170.0,-0.0,0.0
328,1193.0,0.125,9.4
329,1193.0,0.0,0.0
330,1194.0,0.0,0.0
331,1197.0,0.07,3.0
332,1224.0,0.2,24.4
333,1225.0,0.124,9.4
334,1227.0,0.0,0.0
335,1225.0,0.0,0.0
336,1232.0,0.0,0.0
337,1234.0,0.0,0.0
338,1235.0,0.009,0.1
339,1237.0,0.07,3.1
340,1246.0,-0.0,0.0
341,1262.0,-0.001,0.0
342,1253.0,0.289,52.4
343,1263.0,0.278,48.8
344,1271.0,-0.126,10.0
345,1270.0,-0.0,0.0
346,1271.0,0.0,0.0
347,1275.0,0.08,4.1
348,1289.0,-0.375,90.6
349,1307.0,-0.091,5.4
350,1294.0,0.0,0.0
351,1308.0,0.0,0.0
352,1305.0,0.034,0.7
353,1310.0,0.0,0.0
354,1308.0,0.0,0.0
355,1312.0,0.188,23.2
356,1315.0,-0.0,0.0
357,1320.0,-0.0,0.0
358,1317.0,-0.114,8.6
359,1321.0,-0.278,50.9
360,1318.0,-0.112,8.3
361,1332.0,-0.149,14.7
362,1320.0,0.0,0.0
363,1332.0,0.001,0.0
364,1341.0,-0.049,1.6
365,1341.0,-0.0,0.0
366,1341.0,0.01,0.1
367,1341.0,0.06,2.4
368,1348.0,0.009,0.1
369,1350.0,0.0,0.0
370,1349.0,0.0,0.0
371,1352.0,0.17,19.6
372,1360.0,-0.116,9.2
373,1360.0,-0.116,9.2
374,1371.0,0.0,0.0
375,1363.0,0.0,0.0
376,1374.0,0.0,0.0
377,1364.0,0.0,0.0
378,1374.0,-0.033,0.8
379,1365.0,-0.163,18.1
380,1383.0,-0.0,0.0
381,1384.0,-0.002,0.0
382,1384.0,0.053,2.0
383,1384.0,0.087,5.3
384,1386.0,0.0,0.0
385,1394.0,0.0,0.0
386,1392.0,0.257,46.1
387,1395.0,0.321,71.7
388,1402.0,0.073,3.8
389,1408.0,0.0,0.0
390,1404.0,0.0,0.0
391,1411.0,0.025,0.4
392,1408.0,0.013,0.1
393,1411.0,0.001,0.0
394,1408.0,-0.017,0.2
395,1411.0,-0.011,0.1
396,1409.0,0.023,0.4
397,1418.0,0.0,0.0
398,1413.0,0.0,0.0
399,1423.0,0.06,2.6
400,1428.0,-0.001,0.0
401,1424.0,-0.0,0.0
402,1428.0,-0.019,0.3
403,1425.0,-0.013,0.1
404,1470.0,0.074,4.1
405,1468.0,0.0,0.0
406,1472.0,-0.0,0.0
407,1468.0,-0.155,17.6
408,1475.0,0.0,0.0
409,1479.0,0.0,0.0
410,1475.0,0.049,1.8
411,1479.0,0.039,1.1
412,1489.0,0.0,0.0
413,1491.0,0.0,0.0
414,1496.0,0.001,0.0
415,1497.0,0.01,0.1
416,1496.0,0.016,0.2
417,1497.0,0.004,0.0
418,1496.0,-0.005,0.0
419,1498.0,-0.039,1.1
420,1498.0,-0.0,0.0
421,1500.0,-0.0,0.0
422,1499.0,0.0,0.0
423,1500.0,0.016,0.2
424,1499.0,0.001,0.0
425,1501.0,0.0,0.0
426,1505.0,-0.0,0.0
427,1505.0,-0.001,0.0
428,1505.0,0.003,0.0
429,1505.0,0.001,0.0
430,1510.0,0.153,17.7
431,1506.0,0.0,0.0
432,1513.0,0.0,0.0
433,1522.0,0.114,9.9
434,1520.0,0.0,0.0
435,1527.0,0.0,0.0
436,1521.0,0.053,2.1
437,1537.0,0.086,5.7
438,1533.0,-0.0,0.0
439,1544.0,-0.0,0.0
440,1544.0,0.0,0.0
441,1553.0,0.0,0.0
442,1554.0,0.261,52.8
443,1555.0,0.332,85.6
444,1563.0,0.0,0.0
445,1583.0,0.012,0.1
446,1566.0,0.202,31.9
447,1599.0,0.0,0.0
448,1574.0,0.079,4.9
449,1599.0,0.083,5.5
450,1584.0,-0.0,0.0
451,1625.0,-0.0,0.0
452,1588.0,0.201,32.0
453,1625.0,0.224,40.7
454,1633.0,-0.064,3.3
455,1641.0,-0.105,9.0
456,1734.0,-0.0,0.0
457,1769.0,-0.001,0.0
458,1737.0,0.156,21.0
459,1770.0,0.145,18.6
460,3002.0,0.004,0.0
461,3006.0,0.003,0.0
462,3002.0,0.0,0.0
463,3006.0,0.0,0.0
464,3028.0,-0.0,0.0
465,3032.0,-0.0,0.0
466,3028.0,-0.009,0.1
467,3032.0,-0.009,0.1
468,3035.0,0.001,0.0
469,3040.0,0.002,0.0
470,3035.0,0.009,0.1
471,3040.0,0.008,0.1
472,3075.0,-0.001,0.0
473,3081.0,-0.001,0.0
474,3075.0,0.005,0.0
475,3081.0,0.005,0.0
476,3091.0,-0.0,0.0
477,3097.0,-0.0,0.0
478,3091.0,-0.0,0.0
479,3097.0,-0.0,0.0
480,3102.0,-0.001,0.0
481,3107.0,-0.004,0.0
482,3102.0,0.008,0.1
483,3107.0,0.0,0.0
484,3103.0,-0.004,0.0
485,3108.0,-0.002,0.0
486,3103.0,-0.0,0.0
487,3108.0,-0.008,0.1
488,3110.0,-0.0,0.0
489,3113.0,-0.001,0.0
490,3110.0,0.001,0.0
491,3113.0,0.002,0.0
492,3134.0,0.0,0.0
493,3138.0,0.0,0.0
494,3134.0,-0.0,0.0
495,3138.0,-0.0,0.0
496,3159.0,-0.0,0.0
497,3164.0,-0.0,0.0
498,3159.0,-0.0,0.0
499,3164.0,-0.001,0.0
500,3162.0,0.0,0.0
501,3168.0,0.0,0.0
502,3164.0,-0.004,0.0
503,3169.0,-0.003,0.0
504,3183.0,-0.0,0.0
505,3191.0,-0.0,0.0
506,3183.0,-0.004,0.0
507,3191.0,-0.003,0.0
508,3200.0,-0.0,0.0
509,3205.0,-0.0,0.0
510,3200.0,0.003,0.0
511,3205.0,0.001,0.0
512,3209.0,0.0,0.0
513,3212.0,0.0,0.0
514,3209.0,-0.002,0.0
515,3212.0,-0.001,0.0
