,Frequencies,Displacement,Reorg Energy
0,-0.0,-0.0,-0.0
1,-0.0,-0.0,-0.0
2,-0.0,-0.0,-0.0
3,-0.0,-0.0,-0.0
4,0.0,0.0,0.0
5,-0.0,0.0,-0.0
6,0.0,-0.0,0.0
7,0.0,-0.0,0.0
8,0.0,0.0,0.0
9,0.0,0.0,0.0
10,0.0,0.0,0.0
11,0.0,0.0,0.0
12,20.0,-0.0,0.0
13,20.0,-0.0,0.0
14,29.0,-0.0,0.0
15,42.0,-0.0,0.0
16,50.0,0.0,0.0
17,44.0,0.0,0.0
18,54.0,-0.0,0.0
19,58.0,-0.0,0.0
20,56.0,0.0,0.0
21,69.0,0.0,0.0
22,73.0,0.0,0.0
23,113.0,0.0,0.0
24,121.0,-0.0,0.0
25,117.0,-0.0,0.0
26,125.0,-0.0,0.0
27,119.0,-0.0,0.0
28,168.0,-0.0,0.0
29,163.0,-0.0,0.0
30,175.0,-1.339,157.4
31,173.0,-1.242,133.1
32,199.0,-0.0,0.0
33,181.0,-0.0,0.0
34,257.0,0.0,0.0
35,256.0,0.0,0.0
36,338.0,1.311,290.4
37,321.0,0.0,0.0
38,349.0,0.0,0.0
39,333.0,1.235,253.5
40,387.0,0.0,0.0
41,379.0,0.0,0.0
42,405.0,-0.0,0.0
43,410.0,-0.0,0.0
44,409.0,-0.0,0.0
45,413.0,-0.0,0.0
46,414.0,-0.0,0.0
47,414.0,-0.0,0.0
48,417.0,-0.0,0.0
49,438.0,-0.0,0.0
50,433.0,0.0,0.0
51,446.0,0.0,0.0
52,458.0,-0.0,0.0
53,476.0,-0.058,0.8
54,476.0,0.189,8.5
55,495.0,0.0,0.0
56,515.0,0.0,0.0
57,508.0,0.0,0.0
58,517.0,-0.0,0.0
59,533.0,-0.0,0.0
60,570.0,0.0,0.0
61,553.0,0.0,0.0
62,606.0,0.0,0.0
63,580.0,0.0,0.0
64,631.0,0.0,0.0
65,599.0,0.0,0.0
66,645.0,0.0,0.0
67,632.0,0.0,0.0
68,660.0,-0.0,0.0
69,640.0,-0.0,0.0
70,674.0,-0.0,0.0
71,645.0,-1.613,838.1
72,679.0,1.318,589.6
73,646.0,0.0,0.0
74,709.0,-0.0,0.0
75,668.0,-0.0,0.0
76,726.0,-0.287,29.9
77,699.0,-0.0,0.0
78,769.0,0.0,0.0
79,717.0,0.451,72.9
80,797.0,-1.042,433.0
81,760.0,-0.939,335.2
82,822.0,-0.0,0.0
83,771.0,-0.0,0.0
84,827.0,0.0,0.0
85,792.0,0.0,0.0
86,838.0,0.833,290.7
87,804.0,0.0,0.0
88,844.0,0.0,0.0
89,804.0,0.46,85.0
90,858.0,-0.0,0.0
91,831.0,-0.0,0.0
92,867.0,0.0,0.0
93,844.0,0.0,0.0
94,961.0,-0.0,0.0
95,915.0,-0.0,0.0
96,995.0,-0.0,0.0
97,916.0,-0.0,0.0
98,1003.0,0.0,0.0
99,957.0,0.984,463.6
100,1006.0,0.0,0.0
101,971.0,0.0,0.0
102,1007.0,-0.0,0.0
103,982.0,-0.0,0.0
104,1010.0,-0.02,0.2
105,986.0,-0.0,0.0
106,1014.0,-0.0,0.0
107,994.0,-0.022,0.2
108,1016.0,0.0,0.0
109,998.0,0.0,0.0
110,1017.0,-0.0,0.0
111,1000.0,-0.0,0.0
112,1017.0,-0.089,4.0
113,1000.0,-0.0,0.0
114,1020.0,0.0,0.0
115,1006.0,0.185,17.2
116,1039.0,-0.835,362.1
117,1011.0,-0.0,0.0
118,1045.0,-0.597,185.9
119,1031.0,-0.082,3.5
120,1048.0,0.726,276.4
121,1038.0,0.102,5.4
122,1072.0,0.48,123.5
123,1052.0,0.195,20.0
124,1083.0,-0.218,25.8
125,1057.0,-0.0,0.0
126,1099.0,-0.0,0.0
127,1077.0,-0.103,5.7
128,1110.0,0.095,5.0
129,1088.0,0.339,62.5
130,1116.0,0.0,0.0
131,1107.0,0.0,0.0
132,1135.0,0.047,1.2
133,1117.0,0.08,3.5
134,1180.0,0.0,0.0
135,1120.0,0.0,0.0
136,1195.0,0.402,96.7
137,1182.0,0.0,0.0
138,1223.0,0.0,0.0
139,1195.0,0.324,62.6
140,1226.0,-0.0,0.0
141,1207.0,-0.0,0.0
142,1244.0,0.0,0.0
143,1240.0,0.0,0.0
144,1272.0,0.0,0.0
145,1244.0,0.0,0.0
146,1285.0,0.0,0.0
147,1266.0,0.0,0.0
148,1292.0,0.0,0.0
149,1305.0,0.255,42.4
150,1336.0,0.0,0.0
151,1308.0,0.0,0.0
152,1344.0,0.571,219.4
153,1328.0,0.0,0.0
154,1346.0,0.289,56.2
155,1335.0,0.0,0.0
156,1349.0,-0.0,0.0
157,1348.0,-0.094,6.0
158,1353.0,0.842,479.7
159,1357.0,0.0,0.0
160,1399.0,0.0,0.0
161,1392.0,0.664,307.2
162,1425.0,0.0,0.0
163,1422.0,0.0,0.0
164,1429.0,-0.556,220.7
165,1425.0,-0.473,159.6
166,1465.0,0.372,101.5
167,1446.0,0.107,8.3
168,1469.0,0.0,0.0
169,1464.0,0.0,0.0
170,1482.0,0.0,0.0
171,1472.0,0.0,0.0
172,1498.0,0.221,36.6
173,1489.0,0.231,39.7
174,1525.0,-0.359,98.1
175,1494.0,-0.0,0.0
176,1555.0,0.0,0.0
177,1507.0,0.0,0.0
178,1585.0,-0.0,0.0
179,1520.0,-0.377,108.1
180,1602.0,0.747,447.4
181,1574.0,0.673,356.7
182,1606.0,0.0,0.0
183,1575.0,0.0,0.0
184,1621.0,0.665,358.7
185,1604.0,0.0,0.0
186,1624.0,-0.0,0.0
187,1618.0,-0.912,672.3
188,1638.0,-0.277,62.9
189,1631.0,-0.564,259.5
190,1648.0,-0.343,96.9
191,1639.0,-0.404,133.7
192,3149.0,-0.008,0.1
193,3137.0,-0.009,0.1
194,3151.0,0.0,0.0
195,3138.0,0.0,0.0
196,3165.0,-0.006,0.1
197,3151.0,-0.026,1.0
198,3176.0,0.0,0.0
199,3152.0,0.0,0.0
200,3178.0,-0.0,0.0
201,3165.0,-0.006,0.1
202,3179.0,-0.012,0.2
203,3173.0,-0.0,0.0
204,3182.0,-0.0,0.0
205,3175.0,-0.0,0.0
206,3183.0,-0.002,0.0
207,3176.0,-0.005,0.0
208,3188.0,0.001,0.0
209,3184.0,0.024,0.9
210,3200.0,-0.008,0.1
211,3190.0,-0.0,0.0
212,3210.0,0.0,0.0
213,3195.0,0.016,0.4
214,3211.0,-0.015,0.3
215,3204.0,-0.01,0.2
