,Frequencies,Displacement,Reorg Energy
0,-0.0,-0.0,-0.0
1,-0.0,-0.0,-0.0
2,-0.0,-0.0,-0.0
3,-0.0,-0.0,-0.0
4,-0.0,0.0,-0.0
5,-0.0,0.0,-0.0
6,-0.0,0.0,-0.0
7,0.0,0.0,0.0
8,0.0,0.0,0.0
9,0.0,0.0,0.0
10,0.0,0.0,0.0
11,0.0,0.0,0.0
12,20.0,0.0,0.0
13,20.0,0.0,0.0
14,29.0,0.0,0.0
15,41.0,0.0,0.0
16,50.0,0.0,0.0
17,50.0,0.0,0.0
18,54.0,-0.0,0.0
19,54.0,-0.0,0.0
20,56.0,0.0,0.0
21,75.0,0.0,0.0
22,73.0,-0.0,0.0
23,107.0,-0.0,0.0
24,121.0,0.0,0.0
25,113.0,0.0,0.0
26,125.0,-0.0,0.0
27,124.0,-0.0,0.0
28,168.0,-0.0,0.0
29,158.0,-0.0,0.0
30,175.0,-0.362,11.5
31,176.0,-0.389,13.3
32,199.0,-0.0,0.0
33,196.0,-0.0,0.0
34,257.0,0.0,0.0
35,242.0,0.0,0.0
36,338.0,0.121,2.5
37,321.0,0.0,0.0
38,349.0,-0.0,0.0
39,338.0,-0.111,2.1
40,387.0,0.0,0.0
41,389.0,0.0,0.0
42,405.0,-0.0,0.0
43,398.0,-0.0,0.0
44,409.0,-0.0,0.0
45,422.0,-0.0,0.0
46,414.0,-0.0,0.0
47,423.0,-0.0,0.0
48,417.0,-0.0,0.0
49,441.0,-0.0,0.0
50,433.0,0.0,0.0
51,449.0,0.0,0.0
52,458.0,-0.0,0.0
53,455.0,-0.0,0.0
54,476.0,0.142,4.8
55,478.0,0.145,5.0
56,515.0,0.0,0.0
57,498.0,0.0,0.0
58,517.0,-0.0,0.0
59,507.0,-0.0,0.0
60,570.0,0.0,0.0
61,541.0,0.0,0.0
62,606.0,0.0,0.0
63,571.0,0.0,0.0
64,631.0,0.0,0.0
65,632.0,0.0,0.0
66,645.0,0.0,0.0
67,644.0,0.0,0.0
68,660.0,-0.0,0.0
69,658.0,-0.0,0.0
70,674.0,-0.0,0.0
71,663.0,-0.013,0.1
72,679.0,-0.05,0.9
73,672.0,-0.0,0.0
74,709.0,-0.0,0.0
75,707.0,-0.0,0.0
76,726.0,0.114,4.8
77,709.0,0.121,5.2
78,769.0,0.0,0.0
79,751.0,0.0,0.0
80,797.0,-0.112,5.0
81,755.0,-0.0,0.0
82,822.0,0.0,0.0
83,773.0,0.194,14.5
84,827.0,0.0,0.0
85,784.0,0.0,0.0
86,838.0,-0.271,30.7
87,809.0,-0.0,0.0
88,844.0,-0.0,0.0
89,810.0,-0.278,31.2
90,858.0,-0.0,0.0
91,822.0,-0.0,0.0
92,867.0,-0.0,0.0
93,854.0,-0.0,0.0
94,961.0,-0.0,0.0
95,917.0,-0.0,0.0
96,995.0,-0.0,0.0
97,955.0,-0.0,0.0
98,1003.0,0.0,0.0
99,961.0,0.0,0.0
100,1006.0,0.0,0.0
101,970.0,0.0,0.0
102,1007.0,-0.0,0.0
103,977.0,-0.242,28.7
104,1010.0,-0.3,45.4
105,984.0,-0.0,0.0
106,1014.0,0.0,0.0
107,987.0,0.0,0.0
108,1016.0,0.0,0.0
109,987.0,0.0,0.0
110,1017.0,-0.0,0.0
111,989.0,-0.0,0.0
112,1017.0,-0.073,2.7
113,990.0,-0.0,0.0
114,1020.0,0.0,0.0
115,1008.0,0.066,2.2
116,1039.0,-0.117,7.1
117,1017.0,-0.212,22.9
118,1045.0,-0.105,5.8
119,1028.0,-0.003,0.0
120,1048.0,-0.083,3.6
121,1039.0,-0.012,0.1
122,1072.0,-0.012,0.1
123,1049.0,-0.05,1.3
124,1083.0,-0.075,3.0
125,1064.0,-0.093,4.6
126,1099.0,-0.0,0.0
127,1086.0,-0.056,1.7
128,1110.0,0.028,0.4
129,1089.0,0.0,0.0
130,1116.0,0.0,0.0
131,1089.0,0.0,0.0
132,1135.0,0.119,8.0
133,1107.0,0.081,3.7
134,1180.0,0.0,0.0
135,1168.0,0.0,0.0
136,1195.0,0.021,0.3
137,1183.0,0.025,0.4
138,1223.0,0.0,0.0
139,1188.0,0.0,0.0
140,1226.0,-0.0,0.0
141,1212.0,-0.0,0.0
142,1244.0,0.0,0.0
143,1226.0,0.0,0.0
144,1272.0,0.0,0.0
145,1281.0,0.0,0.0
146,1285.0,0.0,0.0
147,1296.0,0.0,0.0
148,1292.0,0.0,0.0
149,1326.0,0.0,0.0
150,1336.0,0.0,0.0
151,1328.0,0.0,0.0
152,1344.0,0.042,1.2
153,1342.0,0.233,36.3
154,1346.0,-0.261,45.9
155,1346.0,-0.0,0.0
156,1349.0,-0.0,0.0
157,1351.0,-0.158,16.9
158,1353.0,0.527,188.2
159,1361.0,0.399,108.5
160,1399.0,-0.0,0.0
161,1395.0,-0.0,0.0
162,1425.0,0.0,0.0
163,1409.0,0.0,0.0
164,1429.0,-0.528,199.2
165,1415.0,-0.292,60.3
166,1465.0,-0.357,93.3
167,1452.0,-0.571,236.5
168,1469.0,0.0,0.0
169,1454.0,0.0,0.0
170,1482.0,0.0,0.0
171,1473.0,0.0,0.0
172,1498.0,-0.089,5.9
173,1480.0,-0.027,0.5
174,1525.0,-0.099,7.5
175,1487.0,-0.0,0.0
176,1555.0,-0.0,0.0
177,1513.0,-0.0,0.0
178,1585.0,-0.0,0.0
179,1514.0,-0.191,27.7
180,1602.0,0.769,473.5
181,1518.0,0.0,0.0
182,1606.0,0.0,0.0
183,1586.0,0.285,64.6
184,1621.0,0.108,9.4
185,1601.0,0.0,0.0
186,1624.0,-0.0,0.0
187,1613.0,-0.698,393.2
188,1638.0,0.093,7.0
189,1628.0,0.179,26.1
190,1648.0,0.081,5.4
191,1639.0,0.193,30.5
192,3149.0,-0.041,2.7
193,3092.0,-0.036,2.0
194,3151.0,0.0,0.0
195,3092.0,0.0,0.0
196,3165.0,-0.011,0.2
197,3141.0,-0.013,0.3
198,3176.0,0.0,0.0
199,3149.0,0.0,0.0
200,3178.0,-0.0,0.0
201,3151.0,-0.007,0.1
202,3179.0,-0.006,0.1
203,3151.0,-0.0,0.0
204,3182.0,-0.0,0.0
205,3164.0,-0.0,0.0
206,3183.0,0.009,0.1
207,3166.0,0.007,0.1
208,3188.0,-0.018,0.5
209,3171.0,-0.016,0.4
210,3200.0,0.007,0.1
211,3183.0,0.003,0.0
212,3210.0,0.0,0.0
213,3201.0,0.0,0.0
214,3211.0,-0.009,0.1
215,3203.0,-0.007,0.1
