,Frequencies,Displacement,Reorg Energy
0,-96.0,0.0,-0.0
1,-71.0,0.0,-0.0
2,-53.0,0.0,-0.0
3,-37.0,0.0,-0.0
4,-0.0,-0.0,-0.0
5,-0.0,-0.0,-0.0
6,-0.0,-0.0,-0.0
7,-0.0,-0.0,-0.0
8,-0.0,-0.0,-0.0
9,-0.0,-0.0,-0.0
10,0.0,-0.0,0.0
11,-0.0,-0.0,-0.0
12,0.0,0.0,0.0
13,0.0,0.0,0.0
14,0.0,-0.0,0.0
15,0.0,-0.0,0.0
16,22.0,-0.0,0.0
17,20.0,-0.0,0.0
18,50.0,0.0,0.0
19,55.0,0.0,0.0
20,58.0,-0.0,0.0
21,56.0,-0.0,0.0
22,59.0,-0.0,0.0
23,60.0,-0.0,0.0
24,120.0,-0.0,0.0
25,114.0,-0.0,0.0
26,134.0,0.0,0.0
27,137.0,0.0,0.0
28,168.0,0.0,0.0
29,156.0,0.0,0.0
30,172.0,-1.411,171.6
31,174.0,-1.424,176.7
32,223.0,0.0,0.0
33,226.0,0.0,0.0
34,255.0,0.0,0.0
35,239.0,0.0,0.0
36,336.0,-0.0,0.0
37,314.0,-0.0,0.0
38,336.0,0.172,5.0
39,337.0,0.185,5.8
40,371.0,-0.0,0.0
41,374.0,-0.0,0.0
42,387.0,-0.0,0.0
43,381.0,-0.0,0.0
44,407.0,-0.0,0.0
45,391.0,-0.0,0.0
46,410.0,0.0,0.0
47,394.0,0.0,0.0
48,418.0,-0.0,0.0
49,411.0,-0.0,0.0
50,446.0,-0.0,0.0
51,439.0,-0.0,0.0
52,454.0,-0.0,0.0
53,447.0,-0.0,0.0
54,485.0,0.107,2.8
55,479.0,0.0,0.0
56,488.0,-0.0,0.0
57,488.0,-0.0,0.0
58,510.0,-0.0,0.0
59,491.0,-0.107,2.8
60,555.0,-0.0,0.0
61,542.0,-0.0,0.0
62,573.0,-0.0,0.0
63,569.0,-0.0,0.0
64,631.0,0.0,0.0
65,613.0,0.0,0.0
66,641.0,0.068,1.5
67,627.0,0.0,0.0
68,642.0,0.0,0.0
69,636.0,0.065,1.4
70,655.0,-0.0,0.0
71,644.0,-0.0,0.0
72,668.0,-0.0,0.0
73,654.0,-0.0,0.0
74,695.0,-0.0,0.0
75,669.0,-0.0,0.0
76,708.0,-0.113,4.5
77,707.0,-0.098,3.4
78,729.0,-0.0,0.0
79,727.0,-0.0,0.0
80,744.0,-0.0,0.0
81,747.0,-0.0,0.0
82,770.0,-0.133,6.8
83,765.0,-0.163,10.2
84,780.0,0.0,0.0
85,793.0,0.0,0.0
86,807.0,-0.0,0.0
87,798.0,-0.0,0.0
88,812.0,-0.493,98.6
89,807.0,-0.516,107.5
90,817.0,0.0,0.0
91,820.0,0.0,0.0
92,826.0,0.0,0.0
93,825.0,0.0,0.0
94,836.0,-0.0,0.0
95,828.0,-0.0,0.0
96,850.0,0.0,0.0
97,833.0,0.0,0.0
98,854.0,-0.0,0.0
99,864.0,-0.0,0.0
100,880.0,0.0,0.0
101,888.0,0.0,0.0
102,919.0,0.0,0.0
103,945.0,0.0,0.0
104,949.0,0.0,0.0
105,978.0,0.0,0.0
106,957.0,-0.0,0.0
107,983.0,-0.0,0.0
108,973.0,0.0,0.0
109,995.0,0.011,0.1
110,996.0,-0.0,0.0
111,996.0,-0.0,0.0
112,997.0,-0.0,0.0
113,1003.0,-0.035,0.6
114,998.0,0.0,0.0
115,1008.0,0.05,1.2
116,1002.0,-0.0,0.0
117,1008.0,-0.0,0.0
118,1008.0,-0.0,0.0
119,1012.0,-0.176,15.6
120,1008.0,-0.055,1.5
121,1015.0,-0.0,0.0
122,1013.0,0.071,2.6
123,1017.0,0.0,0.0
124,1018.0,0.003,0.0
125,1019.0,0.05,1.3
126,1023.0,0.171,15.0
127,1024.0,0.0,0.0
128,1034.0,-0.045,1.1
129,1027.0,-0.0,0.0
130,1055.0,0.006,0.0
131,1030.0,0.064,2.1
132,1065.0,0.08,3.4
133,1051.0,0.08,3.4
134,1075.0,0.069,2.5
135,1068.0,0.088,4.1
136,1111.0,0.0,0.0
137,1106.0,0.191,20.1
138,1112.0,-0.0,0.0
139,1122.0,-0.0,0.0
140,1113.0,-0.194,20.9
141,1122.0,-0.0,0.0
142,1143.0,0.0,0.0
143,1152.0,0.0,0.0
144,1168.0,-0.0,0.0
145,1172.0,-0.0,0.0
146,1188.0,0.0,0.0
147,1195.0,0.0,0.0
148,1207.0,0.074,3.3
149,1212.0,0.05,1.5
150,1219.0,0.019,0.2
151,1223.0,0.008,0.0
152,1237.0,0.0,0.0
153,1257.0,0.0,0.0
154,1251.0,-0.507,160.7
155,1261.0,-0.473,141.0
156,1275.0,0.0,0.0
157,1280.0,0.0,0.0
158,1288.0,-0.288,53.4
159,1306.0,-0.0,0.0
160,1293.0,-0.0,0.0
161,1309.0,-0.0,0.0
162,1303.0,-0.06,2.3
163,1326.0,-0.226,33.7
164,1310.0,-0.0,0.0
165,1338.0,-0.26,45.4
166,1327.0,0.0,0.0
167,1340.0,0.0,0.0
168,1342.0,0.0,0.0
169,1355.0,0.078,4.1
170,1354.0,-0.051,1.7
171,1355.0,-0.0,0.0
172,1361.0,0.0,0.0
173,1362.0,0.0,0.0
174,1370.0,-0.0,0.0
175,1375.0,-0.0,0.0
176,1433.0,0.0,0.0
177,1435.0,0.088,5.5
178,1445.0,-0.0,0.0
179,1457.0,-0.0,0.0
180,1449.0,-0.1,7.2
181,1467.0,-0.0,0.0
182,1468.0,-0.0,0.0
183,1470.0,-0.0,0.0
184,1484.0,0.0,0.0
185,1496.0,0.0,0.0
186,1522.0,-0.019,0.3
187,1501.0,-0.003,0.0
188,1543.0,0.108,9.1
189,1527.0,0.128,12.5
190,1571.0,0.044,1.5
191,1531.0,0.0,0.0
192,1580.0,0.0,0.0
193,1539.0,0.0,0.0
194,1596.0,0.0,0.0
195,1553.0,0.037,1.1
196,1614.0,0.067,3.6
197,1585.0,0.0,0.0
198,1614.0,-0.0,0.0
199,1594.0,-0.0,0.0
200,1623.0,-0.0,0.0
201,1595.0,-0.021,0.3
202,1638.0,0.528,228.4
203,1619.0,0.039,1.2
204,1647.0,0.203,33.8
205,1640.0,0.01,0.1
206,1659.0,0.096,7.7
207,1646.0,0.543,243.0
208,3142.0,0.02,0.6
209,3167.0,0.021,0.7
210,3144.0,0.0,0.0
211,3169.0,0.0,0.0
212,3162.0,0.01,0.2
213,3185.0,0.007,0.1
214,3170.0,-0.0,0.0
215,3193.0,-0.0,0.0
216,3181.0,0.006,0.1
217,3202.0,0.012,0.2
218,3183.0,0.0,0.0
219,3207.0,0.003,0.0
220,3186.0,-0.008,0.1
221,3207.0,-0.0,0.0
222,3191.0,0.0,0.0
223,3212.0,0.007,0.1
224,3192.0,-0.005,0.0
225,3212.0,-0.0,0.0
226,3201.0,-0.0,0.0
227,3213.0,-0.008,0.1
228,3202.0,-0.008,0.1
229,3220.0,-0.0,0.0
230,3202.0,0.001,0.0
231,3220.0,0.008,0.1
232,3207.0,0.0,0.0
233,3228.0,0.0,0.0
234,3209.0,0.017,0.5
235,3229.0,0.004,0.0
236,3212.0,-0.0,0.0
237,3235.0,-0.0,0.0
238,3214.0,-0.039,2.5
239,3237.0,-0.039,2.5
