,Frequencies,Displacement,Reorg Energy
0,-79.0,-0.0,-0.0
1,-72.0,-0.0,-0.0
2,-0.0,-0.0,-0.0
3,-0.0,-0.0,-0.0
4,0.0,0.0,0.0
5,-0.0,0.0,-0.0
6,0.0,-0.0,0.0
7,-0.0,-0.0,-0.0
8,0.0,0.0,0.0
9,-0.0,0.0,-0.0
10,0.0,0.0,0.0
11,0.0,0.0,0.0
12,0.0,-0.0,0.0
13,0.0,-0.0,0.0
14,21.0,-0.0,0.0
15,21.0,-0.0,0.0
16,33.0,0.0,0.0
17,44.0,0.0,0.0
18,53.0,-0.0,0.0
19,54.0,-0.0,0.0
20,59.0,0.0,0.0
21,59.0,0.0,0.0
22,67.0,0.0,0.0
23,113.0,0.0,0.0
24,119.0,0.0,0.0
25,117.0,0.0,0.0
26,133.0,0.0,0.0
27,123.0,0.0,0.0
28,166.0,0.0,0.0
29,165.0,0.0,0.0
30,174.0,1.778,274.6
31,170.0,1.658,233.5
32,213.0,0.0,0.0
33,198.0,0.0,0.0
34,258.0,-0.0,0.0
35,240.0,-0.0,0.0
36,337.0,0.0,0.0
37,323.0,0.0,0.0
38,338.0,-0.453,34.7
39,336.0,-0.476,38.0
40,381.0,0.0,0.0
41,373.0,0.0,0.0
42,396.0,-0.0,0.0
43,399.0,-0.0,0.0
44,407.0,0.0,0.0
45,417.0,0.0,0.0
46,414.0,-0.0,0.0
47,419.0,-0.0,0.0
48,418.0,-0.0,0.0
49,421.0,-0.0,0.0
50,442.0,0.0,0.0
51,433.0,0.0,0.0
52,446.0,0.0,0.0
53,477.0,0.893,190.2
54,481.0,0.895,192.4
55,477.0,0.0,0.0
56,509.0,0.0,0.0
57,493.0,0.0,0.0
58,515.0,0.0,0.0
59,540.0,0.0,0.0
60,561.0,-0.0,0.0
61,555.0,-0.0,0.0
62,593.0,0.0,0.0
63,556.0,0.0,0.0
64,631.0,0.0,0.0
65,600.0,0.0,0.0
66,645.0,-0.0,0.0
67,628.0,-0.0,0.0
68,656.0,0.0,0.0
69,630.0,0.0,0.0
70,656.0,-1.043,356.6
71,632.0,-1.458,671.0
72,671.0,0.0,0.0
73,651.0,0.0,0.0
74,696.0,0.0,0.0
75,655.0,0.0,0.0
76,721.0,-0.728,191.2
77,694.0,-0.0,0.0
78,740.0,0.0,0.0
79,698.0,0.588,120.6
80,776.0,-0.603,141.0
81,728.0,-0.0,0.0
82,779.0,-0.0,0.0
83,757.0,-0.867,284.7
84,819.0,-0.0,0.0
85,776.0,-0.0,0.0
86,824.0,-0.0,0.0
87,789.0,-0.0,0.0
88,827.0,0.0,0.0
89,789.0,0.599,141.4
90,830.0,-1.096,498.2
91,804.0,-0.0,0.0
92,843.0,0.0,0.0
93,807.0,0.0,0.0
94,854.0,0.0,0.0
95,837.0,0.0,0.0
96,879.0,-0.0,0.0
97,839.0,-0.0,0.0
98,923.0,0.0,0.0
99,911.0,0.0,0.0
100,970.0,0.0,0.0
101,919.0,0.0,0.0
102,993.0,0.0,0.0
103,950.0,0.892,378.0
104,998.0,0.0,0.0
105,956.0,0.0,0.0
106,999.0,0.0,0.0
107,960.0,0.0,0.0
108,1003.0,0.0,0.0
109,962.0,0.0,0.0
110,1004.0,-0.0,0.0
111,973.0,-0.0,0.0
112,1009.0,-0.522,137.5
113,986.0,-0.0,0.0
114,1013.0,0.0,0.0
115,993.0,0.061,1.9
116,1014.0,0.085,3.7
117,994.0,0.0,0.0
118,1016.0,-0.0,0.0
119,999.0,-0.0,0.0
120,1022.0,-0.135,9.3
121,1008.0,-0.125,7.8
122,1033.0,-0.16,13.2
123,1012.0,-0.227,26.0
124,1045.0,-1.034,558.3
125,1025.0,-0.106,5.8
126,1064.0,0.026,0.4
127,1042.0,0.0,0.0
128,1075.0,0.538,155.5
129,1058.0,0.012,0.1
130,1093.0,0.215,25.3
131,1061.0,0.052,1.4
132,1112.0,0.0,0.0
133,1077.0,0.235,29.7
134,1114.0,0.0,0.0
135,1100.0,0.225,27.8
136,1129.0,-0.014,0.1
137,1105.0,-0.0,0.0
138,1147.0,0.0,0.0
139,1111.0,0.0,0.0
140,1188.0,-0.0,0.0
141,1160.0,-0.0,0.0
142,1204.0,-0.344,71.2
143,1186.0,-0.0,0.0
144,1225.0,0.0,0.0
145,1201.0,0.359,77.3
146,1235.0,0.481,142.6
147,1223.0,0.0,0.0
148,1238.0,-0.0,0.0
149,1228.0,-0.382,89.6
150,1272.0,-0.0,0.0
151,1251.0,-0.0,0.0
152,1286.0,-0.165,17.5
153,1258.0,-0.0,0.0
154,1290.0,-0.0,0.0
155,1289.0,-0.11,7.8
156,1303.0,-0.0,0.0
157,1296.0,-0.0,0.0
158,1331.0,-0.0,0.0
159,1309.0,-0.159,16.5
160,1341.0,0.0,0.0
161,1325.0,0.0,0.0
162,1346.0,0.147,14.6
163,1334.0,0.0,0.0
164,1357.0,-1.015,699.7
165,1340.0,-0.0,0.0
166,1373.0,-0.0,0.0
167,1370.0,-0.0,0.0
168,1412.0,0.0,0.0
169,1395.0,0.409,116.4
170,1434.0,0.8,459.2
171,1433.0,0.621,276.4
172,1438.0,0.0,0.0
173,1455.0,0.0,0.0
174,1467.0,-0.0,0.0
175,1466.0,-0.0,0.0
176,1484.0,-0.0,0.0
177,1472.0,-0.277,56.5
178,1486.0,0.51,193.5
179,1478.0,0.0,0.0
180,1524.0,-0.308,72.4
181,1506.0,-0.0,0.0
182,1558.0,0.311,75.4
183,1520.0,0.27,55.4
184,1562.0,-0.0,0.0
185,1541.0,-0.0,0.0
186,1599.0,0.0,0.0
187,1554.0,0.234,42.6
188,1606.0,-0.788,499.0
189,1568.0,-0.0,0.0
190,1608.0,0.0,0.0
191,1603.0,0.327,85.7
192,1624.0,0.0,0.0
193,1615.0,0.0,0.0
194,1630.0,0.794,513.3
195,1622.0,0.535,232.1
196,1642.0,-0.212,37.1
197,1640.0,-1.228,1236.5
198,1656.0,-0.161,21.6
199,1651.0,-0.77,489.7
200,3148.0,0.006,0.1
201,3136.0,0.006,0.1
202,3150.0,0.0,0.0
203,3137.0,0.0,0.0
204,3159.0,-0.003,0.0
205,3145.0,-0.027,1.2
206,3168.0,0.0,0.0
207,3145.0,0.0,0.0
208,3182.0,-0.0,0.0
209,3160.0,-0.001,0.0
210,3182.0,-0.001,0.0
211,3168.0,-0.0,0.0
212,3183.0,0.001,0.0
213,3178.0,0.019,0.6
214,3190.0,-0.0,0.0
215,3180.0,-0.0,0.0
216,3191.0,-0.004,0.0
217,3186.0,-0.005,0.0
218,3204.0,0.007,0.1
219,3194.0,0.0,0.0
220,3204.0,-0.0,0.0
221,3196.0,-0.016,0.4
222,3205.0,0.008,0.1
223,3206.0,0.01,0.2
224,3213.0,0.0,0.0
225,3209.0,0.0,0.0
226,3215.0,-0.007,0.1
227,3211.0,-0.004,0.0
