,Frequencies,Displacement,Reorg Energy
0,-0.0,0.0,-0.0
1,-0.0,0.0,-0.0
2,-0.0,0.0,-0.0
3,-0.0,0.0,-0.0
4,-0.0,-0.0,-0.0
5,-0.0,-0.0,-0.0
6,0.0,0.0,0.0
7,0.0,0.0,0.0
8,0.0,-0.0,0.0
9,0.0,-0.0,0.0
10,0.0,0.0,0.0
11,0.0,0.0,0.0
12,15.0,2.46,45.4
13,16.0,4.524,165.3
14,20.0,6.844,475.4
15,20.0,4.747,223.6
16,26.0,18.505,4483.2
17,29.0,16.952,4154.4
18,37.0,-4.695,411.2
19,47.0,-15.008,5250.3
20,60.0,-5.471,893.2
21,61.0,-4.386,588.1
22,74.0,5.252,1016.4
23,65.0,0.007,0.0
24,79.0,-0.358,5.1
25,82.0,-1.3,69.1
26,91.0,0.68,21.0
27,97.0,1.182,67.8
28,105.0,-1.749,160.1
29,107.0,-2.745,404.0
30,121.0,0.005,0.0
31,122.0,0.747,34.1
32,146.0,0.266,5.2
33,146.0,0.63,29.0
34,155.0,-2.275,401.6
35,167.0,-0.589,28.9
36,169.0,-0.054,0.2
37,170.0,-0.877,65.2
38,184.0,-0.017,0.0
39,180.0,-1.145,118.2
40,204.0,0.17,3.0
41,210.0,0.939,92.7
42,214.0,-0.659,46.6
43,219.0,-1.118,136.6
44,222.0,4.134,1892.9
45,237.0,1.062,133.9
46,253.0,0.281,10.0
47,256.0,0.023,0.1
48,258.0,0.345,15.3
49,267.0,0.276,10.1
50,271.0,-0.582,46.0
51,268.0,-0.432,25.0
52,278.0,0.142,2.8
53,281.0,0.163,3.7
54,305.0,-0.562,48.1
55,304.0,-1.187,213.8
56,317.0,0.523,43.3
57,319.0,0.031,0.2
58,320.0,-0.043,0.3
59,321.0,-0.063,0.6
60,338.0,-0.177,5.3
61,324.0,-0.006,0.0
62,340.0,0.035,0.2
63,335.0,0.476,38.0
64,350.0,-0.03,0.2
65,351.0,-0.016,0.0
66,356.0,1.533,418.3
67,362.0,0.837,126.7
68,376.0,-0.076,1.1
69,367.0,-0.266,13.0
70,394.0,-0.023,0.1
71,395.0,-0.003,0.0
72,414.0,-0.075,1.2
73,412.0,-0.699,100.8
74,420.0,-1.46,447.8
75,416.0,-0.841,147.1
76,436.0,0.413,37.1
77,429.0,0.031,0.2
78,444.0,-0.111,2.7
79,436.0,-0.269,15.8
80,459.0,0.948,206.4
81,452.0,0.147,4.9
82,463.0,-1.055,257.9
83,459.0,-0.287,18.9
84,469.0,0.018,0.1
85,480.0,0.364,31.7
86,479.0,0.397,37.7
87,497.0,0.081,1.6
88,491.0,0.745,136.0
89,498.0,0.057,0.8
90,498.0,0.838,174.7
91,500.0,0.04,0.4
92,500.0,0.596,88.8
93,511.0,0.134,4.6
94,515.0,0.605,94.2
95,521.0,0.106,2.9
96,521.0,-2.505,1635.9
97,528.0,-0.37,36.0
98,528.0,-0.993,260.3
99,541.0,-0.423,48.4
100,543.0,-0.638,110.7
101,554.0,-0.105,3.0
102,555.0,0.148,6.1
103,569.0,0.297,25.0
104,575.0,0.61,106.8
105,584.0,0.216,13.7
106,607.0,0.287,25.0
107,598.0,1.109,368.0
108,611.0,0.177,9.6
109,608.0,0.673,137.7
110,635.0,1.022,331.6
111,612.0,0.314,30.2
112,656.0,0.021,0.1
113,673.0,0.024,0.2
114,674.0,0.033,0.4
115,688.0,0.308,32.6
116,689.0,-0.133,6.1
117,692.0,-0.13,5.9
118,698.0,-0.793,219.3
119,697.0,-0.056,1.1
120,710.0,-0.16,9.1
121,708.0,-0.043,0.6
122,715.0,-0.094,3.2
123,721.0,-0.087,2.7
124,737.0,-0.002,0.0
125,729.0,-0.029,0.3
126,755.0,-0.152,8.7
127,731.0,-0.01,0.0
128,758.0,-0.214,17.3
129,741.0,-0.038,0.5
130,771.0,-0.307,36.4
131,752.0,-0.037,0.5
132,774.0,0.203,16.0
133,753.0,0.04,0.6
134,797.0,0.375,56.0
135,757.0,0.059,1.3
136,800.0,-0.03,0.4
137,771.0,-0.071,2.0
138,804.0,-0.037,0.5
139,786.0,-0.442,76.7
140,817.0,-0.085,2.9
141,790.0,-0.031,0.4
142,818.0,0.0,0.0
143,797.0,0.075,2.2
144,819.0,0.066,1.8
145,825.0,0.024,0.2
146,829.0,-0.344,49.0
147,825.0,-0.023,0.2
148,836.0,0.022,0.2
149,833.0,0.004,0.0
150,850.0,-0.01,0.0
151,842.0,-0.007,0.0
152,859.0,-0.015,0.1
153,850.0,-0.007,0.0
154,868.0,0.061,1.6
155,856.0,0.001,0.0
156,869.0,-0.005,0.0
157,861.0,-0.003,0.0
158,877.0,-0.003,0.0
159,868.0,-0.127,7.0
160,896.0,0.336,50.7
161,871.0,0.085,3.2
162,898.0,-0.073,2.4
163,873.0,-0.256,28.5
164,910.0,0.069,2.2
165,877.0,0.007,0.0
166,916.0,-0.606,168.4
167,887.0,-0.015,0.1
168,921.0,0.106,5.2
169,893.0,0.037,0.6
170,927.0,-0.005,0.0
171,917.0,-0.017,0.1
172,947.0,0.003,0.0
173,924.0,0.007,0.0
174,950.0,-0.044,0.9
175,934.0,-0.033,0.5
176,954.0,0.485,112.0
177,942.0,0.007,0.0
178,959.0,-0.16,12.3
179,952.0,-0.008,0.0
180,969.0,0.001,0.0
181,957.0,0.065,2.0
182,980.0,0.093,4.3
183,961.0,0.006,0.0
184,982.0,0.057,1.6
185,979.0,0.342,57.4
186,986.0,-0.156,11.9
187,984.0,-0.126,7.8
188,987.0,0.041,0.8
189,989.0,0.313,48.5
190,997.0,0.025,0.3
191,993.0,0.008,0.0
192,1028.0,0.274,38.7
193,1001.0,0.1,5.0
194,1041.0,0.423,93.1
195,1011.0,0.208,21.8
196,1052.0,-0.022,0.2
197,1030.0,-0.21,22.6
198,1065.0,0.004,0.0
199,1049.0,0.0,0.0
200,1066.0,0.07,2.6
201,1063.0,0.22,25.7
202,1083.0,0.256,35.4
203,1070.0,0.208,23.2
204,1088.0,0.035,0.7
205,1087.0,0.0,0.0
206,1088.0,0.0,0.0
207,1088.0,0.08,3.5
208,1096.0,0.106,6.1
209,1091.0,0.093,4.7
210,1097.0,-0.032,0.5
211,1102.0,-0.048,1.3
212,1106.0,-0.114,7.2
213,1112.0,-0.01,0.1
214,1119.0,-0.016,0.1
215,1119.0,-0.016,0.1
216,1129.0,0.129,9.4
217,1126.0,0.082,3.8
218,1136.0,-0.095,5.2
219,1133.0,-0.013,0.1
220,1137.0,0.186,19.8
221,1135.0,0.016,0.1
222,1149.0,0.034,0.7
223,1152.0,0.007,0.0
224,1150.0,0.031,0.5
225,1156.0,0.082,3.9
226,1153.0,0.05,1.4
227,1158.0,0.035,0.7
228,1165.0,0.121,8.6
229,1177.0,0.1,5.9
230,1188.0,-0.149,13.1
231,1187.0,-0.013,0.1
232,1196.0,0.007,0.0
233,1194.0,0.007,0.0
234,1208.0,-0.236,33.6
235,1202.0,-0.08,3.8
236,1218.0,0.105,6.7
237,1213.0,0.035,0.8
238,1224.0,-0.007,0.0
239,1214.0,-0.008,0.0
240,1224.0,-0.031,0.6
241,1219.0,-0.022,0.3
242,1231.0,-0.001,0.0
243,1224.0,-0.02,0.2
244,1241.0,-0.271,45.7
245,1232.0,-0.032,0.6
246,1243.0,-0.196,23.9
247,1244.0,-0.006,0.0
248,1249.0,-0.122,9.3
249,1249.0,-0.148,13.8
250,1258.0,0.051,1.7
251,1260.0,0.056,2.0
252,1265.0,-0.01,0.1
253,1275.0,-0.004,0.0
254,1272.0,-0.024,0.4
255,1277.0,-0.075,3.6
256,1279.0,-0.499,159.3
257,1283.0,-0.023,0.3
258,1292.0,0.002,0.0
259,1289.0,0.011,0.1
260,1298.0,0.033,0.7
261,1299.0,0.184,21.9
262,1304.0,-0.263,45.3
263,1305.0,-0.192,24.1
264,1315.0,0.057,2.1
265,1307.0,0.014,0.1
266,1316.0,-0.003,0.0
267,1320.0,-0.008,0.0
268,1324.0,0.009,0.0
269,1321.0,0.185,22.7
270,1326.0,-0.015,0.1
271,1327.0,-0.173,19.9
272,1333.0,0.033,0.7
273,1331.0,0.21,29.5
274,1341.0,-0.195,25.6
275,1339.0,-0.14,13.2
276,1351.0,0.754,383.8
277,1341.0,0.286,54.8
278,1357.0,0.118,9.5
279,1352.0,0.012,0.1
280,1359.0,-0.03,0.6
281,1354.0,-0.056,2.1
282,1364.0,0.215,31.6
283,1369.0,0.037,0.9
284,1369.0,0.006,0.0
285,1372.0,0.007,0.0
286,1374.0,0.266,48.7
287,1374.0,0.13,11.7
288,1375.0,-0.004,0.0
289,1377.0,-0.152,16.0
290,1377.0,-0.011,0.1
291,1379.0,-0.005,0.0
292,1380.0,0.196,26.5
293,1382.0,0.086,5.1
294,1382.0,0.124,10.5
295,1388.0,0.016,0.2
296,1387.0,0.239,39.6
297,1389.0,0.065,3.0
298,1390.0,0.005,0.0
299,1390.0,0.125,10.9
300,1396.0,0.263,48.2
301,1393.0,0.002,0.0
302,1405.0,-0.243,41.5
303,1419.0,-0.36,92.1
304,1433.0,0.409,119.9
305,1435.0,0.015,0.2
306,1440.0,0.078,4.3
307,1440.0,0.132,12.6
308,1442.0,0.155,17.3
309,1445.0,0.248,44.5
310,1459.0,0.145,15.4
311,1469.0,0.008,0.0
312,1486.0,0.025,0.5
313,1488.0,0.002,0.0
314,1488.0,0.003,0.0
315,1489.0,0.035,0.9
316,1489.0,0.09,6.0
317,1490.0,0.062,2.8
318,1489.0,0.005,0.0
319,1491.0,0.119,10.6
320,1490.0,-0.029,0.6
321,1495.0,-0.056,2.3
322,1495.0,0.014,0.1
323,1496.0,0.003,0.0
324,1495.0,-0.019,0.3
325,1496.0,-0.027,0.5
326,1501.0,-0.169,21.6
327,1502.0,-0.011,0.1
328,1505.0,-0.001,0.0
329,1505.0,-0.002,0.0
330,1506.0,0.02,0.3
331,1506.0,0.07,3.7
332,1520.0,0.018,0.3
333,1524.0,0.006,0.0
334,1534.0,-0.043,1.4
335,1538.0,-0.024,0.5
336,1555.0,0.041,1.3
337,1555.0,0.195,29.6
338,1561.0,0.272,57.9
339,1576.0,0.115,10.5
340,1578.0,-0.041,1.3
341,1583.0,-0.109,9.4
342,1585.0,0.231,42.1
343,1600.0,0.187,28.1
344,1614.0,0.476,182.5
345,1619.0,0.221,39.6
346,1636.0,-0.075,4.6
347,1640.0,-0.131,14.0
348,2915.0,0.059,5.2
349,3011.0,0.003,0.0
350,2920.0,-0.304,134.9
351,3011.0,-0.005,0.0
352,3004.0,-0.012,0.2
353,3023.0,-0.002,0.0
354,3004.0,0.027,1.1
355,3023.0,0.008,0.1
356,3009.0,-0.008,0.1
357,3032.0,-0.006,0.1
358,3009.0,-0.01,0.1
359,3032.0,-0.006,0.1
360,3015.0,0.02,0.6
361,3041.0,0.004,0.0
362,3015.0,0.002,0.0
363,3049.0,0.07,7.4
364,3019.0,0.011,0.2
365,3061.0,0.03,1.4
366,3021.0,0.009,0.1
367,3062.0,0.052,4.1
368,3029.0,-0.039,2.3
369,3075.0,-0.011,0.2
370,3029.0,-0.021,0.7
371,3075.0,-0.016,0.4
372,3053.0,-0.001,0.0
373,3078.0,-0.023,0.8
374,3053.0,-0.036,1.9
375,3078.0,-0.03,1.4
376,3056.0,0.001,0.0
377,3080.0,0.026,1.0
378,3056.0,0.004,0.0
379,3081.0,0.031,1.5
380,3065.0,-0.026,1.0
381,3104.0,-0.058,5.2
382,3066.0,0.006,0.1
383,3105.0,0.001,0.0
384,3094.0,-0.008,0.1
385,3109.0,-0.009,0.1
386,3095.0,0.028,1.2
387,3109.0,0.012,0.2
388,3159.0,0.018,0.5
389,3135.0,0.014,0.3
390,3160.0,-0.004,0.0
391,3140.0,-0.003,0.0
392,3161.0,-0.011,0.2
393,3141.0,-0.011,0.2
394,3165.0,0.006,0.1
395,3147.0,0.005,0.0
396,3167.0,-0.007,0.1
397,3158.0,-0.006,0.1
398,3171.0,-0.004,0.0
399,3161.0,-0.0,0.0
400,3179.0,0.012,0.2
401,3163.0,0.015,0.4
402,3181.0,-0.044,3.1
403,3166.0,-0.001,0.0
404,3185.0,0.017,0.5
405,3171.0,0.017,0.5
406,3187.0,-0.021,0.7
407,3187.0,-0.016,0.4
408,3192.0,-0.028,1.2
409,3193.0,-0.031,1.5
410,3196.0,0.018,0.5
411,3195.0,0.103,16.9
