,Frequencies,Displacement,Reorg Energy
0,-99.0,-0.0,-0.0
1,-219.0,-0.0,-0.0
2,-58.0,0.0,-0.0
3,-0.0,0.0,-0.0
4,-0.0,0.0,-0.0
5,-0.0,0.0,-0.0
6,-0.0,0.0,-0.0
7,-0.0,0.0,-0.0
8,-0.0,0.0,-0.0
9,-0.0,0.0,-0.0
10,-0.0,-0.0,-0.0
11,0.0,-0.0,0.0
12,0.0,0.0,0.0
13,0.0,0.0,0.0
14,0.0,-0.0,0.0
15,37.0,-0.0,0.0
16,38.0,-0.0,0.0
17,47.0,-0.0,0.0
18,98.0,0.0,0.0
19,59.0,0.0,0.0
20,114.0,-0.0,0.0
21,96.0,-0.0,0.0
22,187.0,0.0,0.0
23,103.0,0.0,0.0
24,216.0,-0.0,0.0
25,216.0,-0.0,0.0
26,229.0,-1.694,329.1
27,230.0,-1.717,338.7
28,309.0,-0.0,0.0
29,287.0,-0.0,0.0
30,382.0,0.0,0.0
31,357.0,0.0,0.0
32,385.0,-0.0,0.0
33,391.0,-0.0,0.0
34,404.0,0.0,0.0
35,393.0,0.0,0.0
36,416.0,0.0,0.0
37,401.0,0.0,0.0
38,433.0,0.0,0.0
39,401.0,0.0,0.0
40,454.0,-0.0,0.0
41,403.0,-0.0,0.0
42,461.0,-0.0,0.0
43,457.0,-0.0,0.0
44,528.0,0.0,0.0
45,476.0,0.0,0.0
46,558.0,-0.0,0.0
47,513.0,-0.0,0.0
48,626.0,0.142,6.3
49,607.0,0.0,0.0
50,629.0,-0.0,0.0
51,616.0,-0.123,4.6
52,636.0,-0.0,0.0
53,616.0,-0.0,0.0
54,664.0,0.0,0.0
55,635.0,0.0,0.0
56,693.0,-0.0,0.0
57,673.0,-0.0,0.0
58,697.0,-0.0,0.0
59,673.0,-0.0,0.0
60,711.0,0.0,0.0
61,708.0,0.0,0.0
62,729.0,-0.0,0.0
63,734.0,-0.0,0.0
64,764.0,0.0,0.0
65,758.0,0.0,0.0
66,791.0,0.541,115.5
67,777.0,0.575,128.5
68,793.0,-0.0,0.0
69,810.0,-0.0,0.0
70,805.0,-0.0,0.0
71,812.0,-0.0,0.0
72,834.0,-0.0,0.0
73,843.0,-0.0,0.0
74,848.0,-0.0,0.0
75,847.0,-0.0,0.0
76,853.0,-0.0,0.0
77,848.0,-0.0,0.0
78,919.0,0.0,0.0
79,912.0,0.0,0.0
80,919.0,0.0,0.0
81,952.0,0.0,0.0
82,946.0,0.0,0.0
83,974.0,0.0,0.0
84,955.0,0.0,0.0
85,980.0,0.0,0.0
86,970.0,0.0,0.0
87,988.0,0.091,4.1
88,975.0,0.0,0.0
89,1004.0,0.412,85.3
90,997.0,0.0,0.0
91,1010.0,0.0,0.0
92,998.0,-0.0,0.0
93,1013.0,-0.0,0.0
94,1011.0,-0.201,20.4
95,1020.0,-0.0,0.0
96,1015.0,-0.0,0.0
97,1020.0,-0.0,0.0
98,1019.0,-0.0,0.0
99,1027.0,-0.0,0.0
100,1024.0,0.392,78.8
101,1030.0,0.0,0.0
102,1053.0,0.0,0.0
103,1043.0,0.26,35.2
104,1065.0,0.0,0.0
105,1049.0,0.0,0.0
106,1065.0,-0.213,24.1
107,1090.0,-0.0,0.0
108,1111.0,-0.0,0.0
109,1102.0,-0.0,0.0
110,1113.0,-0.0,0.0
111,1113.0,-0.0,0.0
112,1164.0,-0.0,0.0
113,1125.0,-0.0,0.0
114,1185.0,0.0,0.0
115,1138.0,0.227,29.3
116,1190.0,0.0,0.0
117,1168.0,0.0,0.0
118,1207.0,-0.113,7.7
119,1176.0,-0.0,0.0
120,1220.0,-0.0,0.0
121,1177.0,-0.0,0.0
122,1253.0,-0.862,466.0
123,1250.0,-0.626,244.9
124,1287.0,0.147,14.0
125,1278.0,0.0,0.0
126,1292.0,-0.0,0.0
127,1279.0,-0.0,0.0
128,1302.0,-0.0,0.0
129,1328.0,-0.0,0.0
130,1308.0,0.0,0.0
131,1337.0,0.0,0.0
132,1321.0,0.0,0.0
133,1342.0,0.342,78.7
134,1351.0,0.0,0.0
135,1350.0,0.0,0.0
136,1367.0,-0.0,0.0
137,1369.0,-0.0,0.0
138,1374.0,-0.0,0.0
139,1377.0,-0.0,0.0
140,1438.0,0.0,0.0
141,1459.0,0.0,0.0
142,1472.0,-0.0,0.0
143,1462.0,-0.0,0.0
144,1489.0,-0.0,0.0
145,1483.0,-0.0,0.0
146,1518.0,0.0,0.0
147,1495.0,0.0,0.0
148,1535.0,-0.155,18.3
149,1507.0,-0.0,0.0
150,1568.0,0.0,0.0
151,1526.0,0.174,23.1
152,1594.0,0.0,0.0
153,1533.0,0.0,0.0
154,1621.0,0.0,0.0
155,1580.0,0.0,0.0
156,1625.0,-0.0,0.0
157,1581.0,-0.0,0.0
158,1638.0,-0.394,127.3
159,1603.0,-0.0,0.0
160,1645.0,-0.0,0.0
161,1622.0,-0.074,4.4
162,1656.0,-0.153,19.5
163,1641.0,-0.509,212.6
164,3161.0,-0.0,0.0
165,2546.0,-0.0,0.0
166,3162.0,-0.02,0.6
167,2593.0,-0.0,0.0
168,3169.0,0.0,0.0
169,2785.0,0.198,54.6
170,3170.0,0.0,0.0
171,2899.0,0.0,0.0
172,3181.0,-0.0,0.0
173,2911.0,-0.0,0.0
174,3184.0,0.0,0.0
175,3006.0,0.0,0.0
176,3185.0,0.035,1.9
177,3008.0,0.0,0.0
178,3188.0,-0.0,0.0
179,3039.0,-0.236,84.3
180,3193.0,-0.0,0.0
181,3097.0,-0.0,0.0
182,3196.0,0.038,2.4
183,3115.0,0.128,25.6
184,3204.0,-0.0,0.0
185,3121.0,-0.0,0.0
186,3205.0,-0.0,0.0
187,3124.0,-0.087,11.8
188,3210.0,0.0,0.0
189,3131.0,0.0,0.0
190,3213.0,0.39,244.1
191,3131.0,0.0,0.0
