,Frequencies,Displacement,Reorg Energy
0,-0.0,0.0,-0.0
1,-0.0,0.0,-0.0
2,-0.0,0.0,-0.0
3,-0.0,0.0,-0.0
4,-0.0,-0.0,-0.0
5,-0.0,-0.0,-0.0
6,-0.0,-0.0,-0.0
7,0.0,-0.0,0.0
8,-0.0,-0.0,-0.0
9,0.0,-0.0,0.0
10,0.0,0.0,0.0
11,0.0,0.0,0.0
12,15.0,22.777,3801.3
13,15.0,21.981,3553.5
14,19.0,-25.105,5951.4
15,19.0,-26.516,6539.8
16,26.0,7.677,761.9
17,25.0,4.335,233.0
18,38.0,5.931,673.3
19,38.0,4.682,413.0
20,57.0,0.002,0.0
21,57.0,0.112,0.4
22,69.0,-1.818,114.2
23,69.0,-1.801,112.0
24,81.0,-10.214,4214.0
25,81.0,-10.168,4175.6
26,102.0,-5.257,1413.3
27,102.0,-5.195,1381.0
28,118.0,-7.823,3598.0
29,118.0,-7.973,3740.5
30,124.0,2.438,369.7
31,124.0,2.519,394.8
32,142.0,-1.861,246.2
33,142.0,-1.902,256.6
34,159.0,-1.554,191.7
35,159.0,-1.536,187.0
36,198.0,1.391,191.5
37,198.0,1.457,210.0
38,213.0,0.557,33.1
39,213.0,0.591,37.3
40,222.0,2.952,967.8
41,222.0,3.05,1033.2
42,234.0,0.648,49.1
43,234.0,0.617,44.5
44,241.0,0.565,38.4
45,241.0,0.575,39.9
46,252.0,0.721,65.6
47,252.0,0.754,71.7
48,265.0,-1.839,448.5
49,265.0,-1.876,466.9
50,315.0,0.719,81.4
51,315.0,0.776,94.7
52,333.0,-0.961,153.7
53,333.0,-0.956,151.8
54,358.0,-0.502,45.0
55,358.0,-0.516,47.7
56,370.0,-1.132,236.9
57,370.0,-1.16,248.5
58,379.0,0.172,5.6
59,379.0,0.192,7.0
60,402.0,0.451,40.9
61,402.0,0.456,41.8
62,415.0,0.262,14.3
63,415.0,0.281,16.4
64,424.0,-0.207,9.0
65,424.0,-0.21,9.3
66,430.0,-0.564,68.5
67,430.0,-0.588,74.4
68,432.0,-0.493,52.6
69,432.0,-0.483,50.5
70,440.0,-0.606,80.9
71,440.0,-0.626,86.2
72,457.0,-0.386,34.1
73,457.0,-0.374,32.0
74,459.0,-0.119,3.2
75,459.0,-0.123,3.5
76,480.0,0.013,0.0
77,480.0,0.0,0.0
78,499.0,0.022,0.1
79,499.0,0.019,0.1
80,507.0,-0.162,6.6
81,507.0,-0.162,6.7
82,514.0,-0.695,124.4
83,514.0,-0.723,134.6
84,517.0,-0.466,56.1
85,517.0,-0.471,57.2
86,522.0,0.306,24.4
87,522.0,0.312,25.4
88,530.0,-0.14,5.2
89,530.0,-0.155,6.4
90,546.0,0.351,33.6
91,547.0,0.359,35.2
92,553.0,0.366,37.0
93,553.0,0.391,42.4
94,567.0,0.313,27.8
95,567.0,0.303,26.0
96,577.0,-0.258,19.2
97,577.0,-0.246,17.4
98,586.0,0.746,163.1
99,586.0,0.738,159.5
100,606.0,0.43,56.1
101,606.0,0.414,51.9
102,618.0,-0.548,92.7
103,618.0,-0.549,93.3
104,624.0,0.628,123.2
105,624.0,0.65,131.8
106,646.0,-0.572,105.6
107,646.0,-0.6,116.3
108,653.0,0.221,16.0
109,652.0,0.24,18.7
110,670.0,-0.241,19.5
111,669.0,-0.252,21.2
112,689.0,-0.225,17.5
113,689.0,-0.232,18.6
114,691.0,-0.161,9.0
115,691.0,-0.172,10.2
116,692.0,0.074,1.9
117,692.0,0.073,1.8
118,701.0,-0.302,31.9
119,701.0,-0.299,31.3
120,703.0,0.11,4.3
121,703.0,0.121,5.1
122,705.0,0.037,0.5
123,705.0,0.035,0.4
124,735.0,-0.296,32.2
125,735.0,-0.324,38.5
126,747.0,0.087,2.8
127,747.0,0.101,3.8
128,748.0,-0.372,51.6
129,748.0,-0.388,56.2
130,758.0,-0.013,0.1
131,758.0,-0.013,0.1
132,760.0,-0.103,4.0
133,759.0,-0.102,3.9
134,765.0,0.189,13.6
135,765.0,0.191,14.0
136,770.0,0.262,26.5
137,770.0,0.276,29.2
138,804.0,0.111,4.9
139,804.0,0.094,3.5
140,828.0,-0.347,50.0
141,828.0,-0.366,55.5
142,832.0,-0.093,3.6
143,832.0,-0.084,2.9
144,839.0,0.33,45.7
145,839.0,0.346,50.2
146,844.0,0.041,0.7
147,844.0,0.04,0.7
148,849.0,0.156,10.3
149,849.0,0.151,9.7
150,850.0,-0.019,0.2
151,850.0,-0.018,0.1
152,856.0,-0.032,0.4
153,856.0,-0.022,0.2
154,861.0,0.14,8.5
155,861.0,0.132,7.5
156,870.0,0.607,160.3
157,870.0,0.6,156.5
158,878.0,0.041,0.7
159,878.0,0.043,0.8
160,902.0,-0.061,1.7
161,902.0,-0.07,2.2
162,930.0,0.025,0.3
163,930.0,0.017,0.1
164,947.0,-0.111,5.8
165,947.0,-0.11,5.8
166,960.0,-0.014,0.1
167,960.0,-0.004,0.0
168,960.0,0.035,0.6
169,960.0,0.033,0.5
170,965.0,0.577,160.7
171,965.0,0.539,140.1
172,970.0,0.527,134.5
173,970.0,0.525,133.6
174,975.0,0.644,202.4
175,976.0,0.661,213.3
176,981.0,0.301,44.5
177,981.0,0.333,54.3
178,984.0,-0.344,58.1
179,984.0,-0.356,62.3
180,987.0,0.055,1.5
181,987.0,0.046,1.0
182,988.0,-0.428,90.5
183,988.0,-0.443,97.0
184,1006.0,-0.102,5.2
185,1006.0,-0.101,5.1
186,1024.0,-0.339,58.9
187,1024.0,-0.331,56.2
188,1044.0,-0.13,8.8
189,1044.0,-0.132,9.1
190,1047.0,0.006,0.0
191,1047.0,0.004,0.0
192,1072.0,0.006,0.0
193,1072.0,0.006,0.0
194,1079.0,-0.031,0.5
195,1079.0,-0.021,0.2
196,1083.0,0.055,1.7
197,1083.0,0.053,1.5
198,1095.0,-0.064,2.2
199,1095.0,-0.069,2.6
200,1124.0,0.029,0.5
201,1124.0,0.031,0.5
202,1131.0,-0.087,4.3
203,1131.0,-0.095,5.1
204,1142.0,0.006,0.0
205,1142.0,0.004,0.0
206,1150.0,0.102,5.9
207,1150.0,0.103,6.1
208,1165.0,0.017,0.2
209,1165.0,0.013,0.1
210,1174.0,-0.061,2.2
211,1174.0,-0.075,3.3
212,1186.0,-0.012,0.1
213,1186.0,-0.014,0.1
214,1191.0,-0.007,0.0
215,1191.0,-0.01,0.1
216,1195.0,-0.09,4.9
217,1195.0,-0.097,5.6
218,1199.0,-0.153,13.9
219,1199.0,-0.154,14.3
220,1208.0,-0.069,2.9
221,1208.0,-0.075,3.4
222,1240.0,0.094,5.5
223,1240.0,0.099,6.1
224,1253.0,0.006,0.0
225,1253.0,0.012,0.1
226,1262.0,0.101,6.4
227,1262.0,0.106,7.1
228,1266.0,0.058,2.1
229,1266.0,0.054,1.9
230,1269.0,-0.172,18.8
231,1269.0,-0.183,21.2
232,1281.0,-0.1,6.5
233,1281.0,-0.108,7.5
234,1286.0,-0.291,54.3
235,1286.0,-0.294,55.6
236,1310.0,0.008,0.0
237,1310.0,0.01,0.1
238,1318.0,0.002,0.0
239,1318.0,0.0,0.0
240,1327.0,0.169,19.0
241,1327.0,0.159,16.8
242,1336.0,0.005,0.0
243,1336.0,0.005,0.0
244,1343.0,-0.179,21.6
245,1343.0,-0.189,24.0
246,1358.0,0.031,0.6
247,1358.0,0.025,0.4
248,1366.0,-0.038,1.0
249,1366.0,-0.034,0.8
250,1376.0,-0.04,1.1
251,1376.0,-0.037,0.9
252,1378.0,0.132,12.0
253,1378.0,0.13,11.6
254,1400.0,-0.499,174.1
255,1400.0,-0.489,167.2
256,1408.0,0.042,1.3
257,1408.0,0.036,0.9
258,1428.0,-0.252,45.4
259,1428.0,-0.253,45.8
260,1440.0,0.416,124.5
261,1440.0,0.423,128.9
262,1442.0,-0.015,0.2
263,1442.0,-0.02,0.3
264,1443.0,0.073,3.9
265,1443.0,0.073,3.8
266,1459.0,0.221,35.5
267,1459.0,0.222,36.0
268,1474.0,-0.002,0.0
269,1474.0,-0.001,0.0
270,1476.0,-0.05,1.8
271,1476.0,-0.042,1.3
272,1488.0,-0.267,53.2
273,1488.0,-0.268,53.5
274,1505.0,0.092,6.4
275,1505.0,0.092,6.3
276,1516.0,-0.188,26.9
277,1516.0,-0.182,25.0
278,1526.0,0.184,25.8
279,1526.0,0.187,26.5
280,1550.0,0.066,3.4
281,1550.0,0.063,3.1
282,1552.0,-0.017,0.2
283,1552.0,-0.019,0.3
284,1568.0,-0.073,4.2
285,1568.0,-0.072,4.0
286,1590.0,0.303,73.1
287,1590.0,0.303,72.8
288,1614.0,-0.002,0.0
289,1614.0,-0.002,0.0
290,1618.0,0.083,5.6
291,1618.0,0.085,5.8
292,1627.0,0.143,16.7
293,1627.0,0.144,16.9
294,1636.0,0.02,0.3
295,1636.0,0.02,0.3
296,1643.0,0.183,27.5
297,1643.0,0.183,27.5
298,1670.0,-0.553,254.9
299,1670.0,-0.555,257.5
300,3151.0,-0.009,0.1
301,3150.0,-0.009,0.1
302,3153.0,0.018,0.5
303,3153.0,0.018,0.5
304,3156.0,-0.004,0.0
305,3156.0,-0.009,0.1
306,3156.0,-0.024,0.9
307,3156.0,-0.024,0.9
308,3163.0,-0.002,0.0
309,3163.0,-0.002,0.0
310,3164.0,-0.051,4.1
311,3164.0,-0.05,4.0
312,3166.0,0.024,0.9
313,3166.0,0.024,0.9
314,3171.0,0.005,0.0
315,3170.0,0.006,0.0
316,3173.0,0.002,0.0
317,3173.0,0.002,0.0
318,3173.0,-0.0,0.0
319,3173.0,-0.001,0.0
320,3179.0,0.005,0.0
321,3179.0,0.005,0.0
322,3180.0,-0.0,0.0
323,3180.0,-0.001,0.0
324,3189.0,0.001,0.0
325,3189.0,0.001,0.0
326,3189.0,-0.001,0.0
327,3189.0,-0.0,0.0
328,3199.0,-0.085,11.6
329,3199.0,-0.094,14.3
330,3202.0,-0.002,0.0
331,3203.0,-0.001,0.0
332,3203.0,-0.004,0.0
333,3203.0,-0.005,0.0
334,3208.0,-0.037,2.2
335,3208.0,-0.038,2.3
336,3209.0,0.012,0.2
337,3209.0,0.012,0.2
338,3244.0,-0.004,0.0
339,3244.0,-0.004,0.0
