,Frequencies,Displacement,Reorg Energy
0,-0.0,0.0,-0.0
1,-0.0,0.0,-0.0
2,-0.0,0.0,-0.0
3,-0.0,0.0,-0.0
4,-0.0,0.0,-0.0
5,-0.0,0.0,-0.0
6,-0.0,-0.0,-0.0
7,0.0,-0.0,0.0
8,0.0,-0.0,0.0
9,0.0,-0.0,0.0
10,0.0,-0.0,0.0
11,0.0,-0.0,0.0
12,21.0,-0.151,0.2
13,29.0,-0.077,0.1
14,28.0,-6.708,634.4
15,31.0,-6.993,746.1
16,32.0,0.057,0.1
17,32.0,0.043,0.0
18,54.0,-6.515,1144.1
19,58.0,-4.504,587.0
20,91.0,0.002,0.0
21,93.0,0.007,0.0
22,112.0,0.019,0.0
23,101.0,0.002,0.0
24,139.0,0.776,41.7
25,148.0,0.541,21.6
26,155.0,2.04,323.5
27,151.0,0.588,26.2
28,159.0,0.014,0.0
29,157.0,0.008,0.0
30,205.0,1.898,369.7
31,206.0,0.399,16.4
32,207.0,-0.024,0.1
33,210.0,-0.002,0.0
34,225.0,-0.004,0.0
35,224.0,-0.004,0.0
36,237.0,0.007,0.0
37,236.0,0.002,0.0
38,258.0,-0.002,0.0
39,237.0,-0.0,0.0
40,300.0,-0.719,77.5
41,267.0,-0.189,4.8
42,330.0,-0.725,86.6
43,343.0,-0.685,80.6
44,355.0,0.467,38.7
45,366.0,1.171,251.0
46,358.0,-0.007,0.0
47,382.0,-0.0,0.0
48,407.0,0.002,0.0
49,382.0,0.003,0.0
50,409.0,-0.0,0.0
51,416.0,-0.001,0.0
52,430.0,-0.264,14.9
53,424.0,-0.488,50.6
54,436.0,-0.072,1.1
55,446.0,-1.037,239.7
56,436.0,0.694,104.9
57,449.0,0.001,0.0
58,451.0,0.004,0.0
59,455.0,0.179,7.3
60,465.0,-0.608,86.0
61,456.0,-0.003,0.0
62,478.0,0.027,0.2
63,473.0,0.068,1.1
64,509.0,-0.045,0.5
65,493.0,-0.001,0.0
66,514.0,-0.021,0.1
67,508.0,-0.0,0.0
68,515.0,-0.306,24.1
69,511.0,-0.036,0.3
70,535.0,-1.034,285.7
71,512.0,-0.19,9.2
72,538.0,0.008,0.0
73,520.0,0.343,30.5
74,542.0,-0.001,0.0
75,532.0,-0.001,0.0
76,546.0,-0.001,0.0
77,544.0,-0.0,0.0
78,554.0,0.213,12.6
79,551.0,0.223,13.7
80,583.0,0.319,29.6
81,599.0,0.347,36.0
82,601.0,-0.194,11.3
83,605.0,-0.343,35.6
84,610.0,0.001,0.0
85,611.0,0.0,0.0
86,667.0,-0.098,3.2
87,650.0,-0.0,0.0
88,667.0,-0.003,0.0
89,663.0,-0.001,0.0
90,688.0,-0.0,0.0
91,668.0,-0.038,0.5
92,701.0,-0.388,52.9
93,694.0,-0.057,1.1
94,711.0,-0.0,0.0
95,698.0,-0.0,0.0
96,726.0,-0.001,0.0
97,706.0,-0.001,0.0
98,732.0,-0.074,2.0
99,716.0,-0.361,46.7
100,742.0,0.0,0.0
101,716.0,0.0,0.0
102,758.0,-0.003,0.0
103,722.0,-0.001,0.0
104,760.0,-0.126,6.1
105,735.0,-0.0,0.0
106,760.0,-0.185,13.1
107,755.0,-0.152,8.7
108,771.0,-0.0,0.0
109,767.0,-0.129,6.3
110,777.0,-0.061,1.4
111,768.0,-0.002,0.0
112,817.0,0.001,0.0
113,773.0,0.0,0.0
114,828.0,0.005,0.0
115,778.0,0.0,0.0
116,828.0,-0.441,80.4
117,780.0,-0.027,0.3
118,844.0,-0.551,127.9
119,817.0,-0.0,0.0
120,852.0,-0.001,0.0
121,819.0,-0.0,0.0
122,863.0,0.002,0.0
123,820.0,0.267,29.2
124,865.0,-0.236,24.1
125,844.0,-0.457,88.2
126,895.0,0.0,0.0
127,855.0,0.0,0.0
128,907.0,0.001,0.0
129,862.0,0.001,0.0
130,921.0,0.002,0.0
131,865.0,0.001,0.0
132,941.0,-0.073,2.5
133,906.0,-0.0,0.0
134,941.0,0.015,0.1
135,914.0,0.0,0.0
136,950.0,-0.001,0.0
137,936.0,-0.001,0.0
138,978.0,0.012,0.1
139,955.0,0.0,0.0
140,978.0,0.003,0.0
141,969.0,0.077,2.9
142,980.0,0.0,0.0
143,970.0,0.001,0.0
144,984.0,-0.0,0.0
145,988.0,-0.201,20.0
146,992.0,0.0,0.0
147,990.0,0.011,0.1
148,997.0,0.001,0.0
149,1005.0,0.337,57.2
150,1015.0,0.249,31.4
151,1013.0,0.076,2.9
152,1021.0,-0.162,13.5
153,1013.0,-0.0,0.0
154,1061.0,-0.0,0.0
155,1051.0,-0.0,0.0
156,1065.0,0.011,0.1
157,1060.0,0.512,139.1
158,1080.0,-0.0,0.0
159,1077.0,-0.0,0.0
160,1092.0,-0.345,65.1
161,1097.0,-0.016,0.1
162,1105.0,-0.207,23.8
163,1111.0,-0.2,22.3
164,1134.0,0.001,0.0
165,1137.0,0.018,0.2
166,1147.0,-0.0,0.0
167,1140.0,-0.141,11.4
168,1152.0,0.073,3.1
169,1146.0,0.0,0.0
170,1164.0,0.236,32.4
171,1156.0,0.281,45.7
172,1172.0,-0.018,0.2
173,1172.0,-0.003,0.0
174,1182.0,-0.061,2.2
175,1185.0,-0.053,1.7
176,1186.0,-0.002,0.0
177,1187.0,-0.009,0.0
178,1189.0,-0.189,21.2
179,1193.0,-0.0,0.0
180,1204.0,-0.001,0.0
181,1205.0,-0.219,28.8
182,1221.0,-0.005,0.0
183,1212.0,-0.006,0.0
184,1252.0,0.576,207.6
185,1233.0,0.01,0.1
186,1259.0,-0.002,0.0
187,1253.0,-0.478,143.1
188,1262.0,-0.002,0.0
189,1265.0,-0.305,58.7
190,1266.0,0.24,36.5
191,1265.0,0.014,0.1
192,1294.0,0.027,0.5
193,1279.0,0.307,60.3
194,1315.0,0.001,0.0
195,1300.0,0.014,0.1
196,1326.0,0.001,0.0
197,1312.0,0.001,0.0
198,1329.0,-0.253,42.5
199,1316.0,-0.298,58.4
200,1338.0,0.102,6.9
201,1339.0,0.001,0.0
202,1340.0,0.156,16.3
203,1346.0,0.144,13.9
204,1352.0,0.06,2.4
205,1357.0,0.031,0.6
206,1398.0,0.025,0.4
207,1369.0,0.115,9.0
208,1405.0,-0.024,0.4
209,1376.0,-0.021,0.3
210,1432.0,0.396,112.2
211,1383.0,0.375,97.3
212,1449.0,0.017,0.2
213,1425.0,0.043,1.3
214,1465.0,0.103,7.7
215,1439.0,0.019,0.3
216,1467.0,-0.0,0.0
217,1447.0,-0.0,0.0
218,1476.0,0.078,4.5
219,1453.0,0.033,0.8
220,1486.0,0.045,1.5
221,1473.0,0.087,5.6
222,1493.0,0.001,0.0
223,1478.0,0.0,0.0
224,1494.0,-0.024,0.4
225,1501.0,-0.158,18.9
226,1519.0,0.636,306.9
227,1513.0,0.039,1.1
228,1529.0,0.038,1.1
229,1515.0,0.279,59.0
230,1600.0,0.328,85.9
231,1551.0,0.356,98.0
232,1604.0,-0.0,0.0
233,1552.0,-0.022,0.4
234,1615.0,0.0,0.0
235,1569.0,0.0,0.0
236,1619.0,-0.193,30.2
237,1574.0,-0.117,10.8
238,1622.0,0.029,0.7
239,1598.0,0.017,0.2
240,1633.0,-0.389,123.8
241,1603.0,-0.309,76.7
242,1641.0,0.0,0.0
243,1624.0,0.001,0.0
244,1643.0,0.003,0.0
245,1640.0,0.433,153.9
246,1671.0,0.616,317.4
247,1646.0,0.524,226.2
248,3159.0,-0.001,0.0
249,3141.0,-0.006,0.1
250,3160.0,0.006,0.1
251,3143.0,0.0,0.0
252,3161.0,-0.019,0.6
253,3143.0,-0.021,0.7
254,3168.0,-0.0,0.0
255,3161.0,-0.0,0.0
256,3168.0,0.012,0.2
257,3163.0,0.009,0.1
258,3169.0,0.0,0.0
259,3164.0,0.001,0.0
260,3176.0,-0.009,0.1
261,3174.0,-0.003,0.0
262,3176.0,-0.002,0.0
263,3178.0,-0.0,0.0
264,3176.0,-0.016,0.4
265,3178.0,-0.004,0.0
266,3178.0,-0.01,0.1
267,3181.0,-0.0,0.0
268,3178.0,-0.003,0.0
269,3185.0,-0.012,0.2
270,3185.0,0.017,0.4
271,3194.0,0.003,0.0
272,3185.0,0.003,0.0
273,3194.0,0.0,0.0
274,3192.0,-0.0,0.0
275,3207.0,-0.0,0.0
276,3192.0,0.009,0.1
277,3207.0,0.026,1.1
278,3212.0,-0.003,0.0
279,3255.0,-0.011,0.2
280,3213.0,0.018,0.5
281,3255.0,0.036,2.1
