,Frequencies,Displacement,Reorg Energy
0,-102.0,-0.0,-0.0
1,-78.0,-0.0,-0.0
2,-81.0,-0.0,-0.0
3,-65.0,-0.0,-0.0
4,-43.0,0.0,-0.0
5,-30.0,0.0,-0.0
6,-0.0,0.0,-0.0
7,-0.0,0.0,-0.0
8,-0.0,-0.0,-0.0
9,-0.0,-0.0,-0.0
10,-0.0,-0.0,-0.0
11,-0.0,-0.0,-0.0
12,0.0,0.0,0.0
13,-0.0,0.0,-0.0
14,0.0,-0.0,0.0
15,-0.0,-0.0,-0.0
16,0.0,0.0,0.0
17,0.0,0.0,0.0
18,21.0,0.0,0.0
19,19.0,0.0,0.0
20,58.0,-0.0,0.0
21,53.0,-0.0,0.0
22,59.0,-0.0,0.0
23,61.0,-0.0,0.0
24,123.0,0.0,0.0
25,115.0,0.0,0.0
26,142.0,-0.0,0.0
27,146.0,-0.0,0.0
28,172.0,-0.0,0.0
29,157.0,-0.0,0.0
30,173.0,1.448,181.9
31,176.0,1.462,187.8
32,230.0,0.0,0.0
33,234.0,0.0,0.0
34,257.0,-0.0,0.0
35,238.0,-0.0,0.0
36,336.0,-0.0,0.0
37,321.0,-0.0,0.0
38,344.0,-0.0,0.0
39,338.0,-0.0,0.0
40,366.0,0.0,0.0
41,369.0,0.0,0.0
42,382.0,-0.0,0.0
43,381.0,-0.0,0.0
44,395.0,-0.0,0.0
45,384.0,-0.0,0.0
46,409.0,0.0,0.0
47,395.0,0.0,0.0
48,416.0,0.0,0.0
49,396.0,0.0,0.0
50,431.0,0.0,0.0
51,433.0,0.0,0.0
52,457.0,0.0,0.0
53,443.0,0.0,0.0
54,476.0,-0.0,0.0
55,477.0,-0.0,0.0
56,477.0,-0.153,5.6
57,480.0,-0.0,0.0
58,509.0,0.0,0.0
59,484.0,0.158,6.0
60,553.0,-0.0,0.0
61,538.0,-0.0,0.0
62,556.0,0.0,0.0
63,555.0,0.0,0.0
64,626.0,0.0,0.0
65,615.0,0.0,0.0
66,631.0,0.0,0.0
67,621.0,0.0,0.0
68,633.0,-0.0,0.0
69,621.0,-0.0,0.0
70,654.0,-0.0,0.0
71,638.0,-0.0,0.0
72,669.0,0.0,0.0
73,654.0,0.0,0.0
74,688.0,0.161,8.9
75,674.0,0.0,0.0
76,693.0,0.0,0.0
77,676.0,0.0,0.0
78,697.0,0.0,0.0
79,688.0,0.15,7.7
80,727.0,0.0,0.0
81,722.0,0.0,0.0
82,732.0,-0.0,0.0
83,738.0,-0.0,0.0
84,754.0,0.0,0.0
85,749.0,0.0,0.0
86,772.0,0.0,0.0
87,784.0,0.0,0.0
88,788.0,0.0,0.0
89,796.0,0.0,0.0
90,800.0,-0.0,0.0
91,799.0,-0.496,98.5
92,805.0,0.466,87.5
93,800.0,0.0,0.0
94,816.0,0.0,0.0
95,806.0,0.0,0.0
96,839.0,0.0,0.0
97,830.0,0.0,0.0
98,842.0,-0.0,0.0
99,831.0,-0.0,0.0
100,846.0,-0.0,0.0
101,853.0,-0.0,0.0
102,859.0,0.0,0.0
103,868.0,0.0,0.0
104,919.0,0.0,0.0
105,942.0,0.0,0.0
106,919.0,-0.0,0.0
107,942.0,-0.0,0.0
108,938.0,-0.0,0.0
109,967.0,-0.0,0.0
110,949.0,-0.0,0.0
111,973.0,-0.0,0.0
112,957.0,0.0,0.0
113,982.0,0.0,0.0
114,960.0,0.0,0.0
115,986.0,0.0,0.0
116,973.0,0.0,0.0
117,993.0,0.0,0.0
118,975.0,0.0,0.0
119,996.0,0.0,0.0
120,998.0,0.0,0.0
121,996.0,0.0,0.0
122,998.0,-0.0,0.0
123,1003.0,-0.021,0.2
124,1011.0,0.0,0.0
125,1004.0,0.0,0.0
126,1015.0,0.135,9.2
127,1012.0,0.162,13.4
128,1016.0,-0.0,0.0
129,1013.0,-0.0,0.0
130,1021.0,0.14,10.0
131,1023.0,0.0,0.0
132,1022.0,-0.0,0.0
133,1023.0,-0.0,0.0
134,1045.0,0.05,1.3
135,1028.0,0.133,9.2
136,1061.0,-0.0,0.0
137,1039.0,-0.0,0.0
138,1065.0,-0.111,6.6
139,1053.0,-0.0,0.0
140,1065.0,0.0,0.0
141,1054.0,0.113,6.7
142,1112.0,-0.0,0.0
143,1121.0,-0.0,0.0
144,1112.0,-0.0,0.0
145,1121.0,-0.0,0.0
146,1156.0,0.0,0.0
147,1167.0,0.0,0.0
148,1172.0,-0.0,0.0
149,1175.0,-0.0,0.0
150,1187.0,-0.0,0.0
151,1195.0,-0.0,0.0
152,1190.0,0.0,0.0
153,1196.0,0.0,0.0
154,1209.0,0.0,0.0
155,1215.0,0.0,0.0
156,1215.0,0.063,2.4
157,1221.0,0.035,0.8
158,1242.0,0.0,0.0
159,1245.0,0.0,0.0
160,1251.0,-0.602,226.3
161,1261.0,-0.568,203.1
162,1289.0,-0.0,0.0
163,1306.0,-0.0,0.0
164,1290.0,0.0,0.0
165,1308.0,0.0,0.0
166,1295.0,0.187,22.5
167,1310.0,0.0,0.0
168,1296.0,-0.0,0.0
169,1312.0,-0.0,0.0
170,1311.0,-0.039,1.0
171,1333.0,-0.193,24.8
172,1312.0,-0.0,0.0
173,1347.0,-0.0,0.0
174,1320.0,-0.0,0.0
175,1348.0,-0.201,27.4
176,1348.0,0.0,0.0
177,1352.0,0.0,0.0
178,1357.0,0.0,0.0
179,1356.0,0.0,0.0
180,1367.0,0.0,0.0
181,1370.0,0.0,0.0
182,1374.0,0.0,0.0
183,1378.0,0.0,0.0
184,1436.0,0.0,0.0
185,1465.0,0.0,0.0
186,1445.0,0.0,0.0
187,1472.0,0.0,0.0
188,1478.0,-0.0,0.0
189,1480.0,-0.0,0.0
190,1487.0,0.0,0.0
191,1497.0,0.0,0.0
192,1519.0,-0.0,0.0
193,1501.0,-0.0,0.0
194,1529.0,0.069,3.7
195,1520.0,0.089,6.1
196,1553.0,0.0,0.0
197,1540.0,0.0,0.0
198,1575.0,-0.004,0.0
199,1541.0,-0.0,0.0
200,1584.0,0.0,0.0
201,1545.0,0.0,0.0
202,1605.0,-0.0,0.0
203,1562.0,-0.016,0.2
204,1623.0,-0.0,0.0
205,1592.0,-0.0,0.0
206,1624.0,-0.0,0.0
207,1592.0,-0.0,0.0
208,1635.0,-0.562,258.7
209,1614.0,-0.0,0.0
210,1642.0,0.0,0.0
211,1630.0,0.093,7.0
212,1650.0,0.187,28.9
213,1640.0,0.551,249.2
214,1660.0,-0.0,0.0
215,1648.0,-0.0,0.0
216,3160.0,0.0,0.0
217,3182.0,0.0,0.0
218,3160.0,-0.013,0.3
219,3182.0,-0.01,0.2
220,3168.0,-0.0,0.0
221,3190.0,-0.0,0.0
222,3168.0,-0.0,0.0
223,3190.0,-0.0,0.0
224,3179.0,0.0,0.0
225,3199.0,0.0,0.0
226,3181.0,-0.0,0.0
227,3199.0,-0.017,0.5
228,3183.0,0.015,0.3
229,3204.0,0.0,0.0
230,3185.0,0.0,0.0
231,3204.0,0.0,0.0
232,3188.0,0.0,0.0
233,3208.0,0.0,0.0
234,3190.0,-0.011,0.2
235,3209.0,-0.015,0.3
236,3194.0,-0.0,0.0
237,3212.0,-0.0,0.0
238,3196.0,-0.0,0.0
239,3213.0,-0.0,0.0
240,3201.0,-0.0,0.0
241,3223.0,-0.007,0.1
242,3202.0,-0.005,0.0
243,3223.0,-0.0,0.0
244,3208.0,0.0,0.0
245,3230.0,0.0,0.0
246,3210.0,-0.0,0.0
247,3231.0,-0.0,0.0
248,3211.0,-0.0,0.0
249,3234.0,-0.0,0.0
250,3214.0,-0.045,3.3
251,3236.0,-0.042,2.8
