,Frequencies,Displacement,Reorg Energy
0,-104.0,-0.0,-0.0
1,-70.0,-0.0,-0.0
2,-91.0,0.0,-0.0
3,-67.0,0.0,-0.0
4,-67.0,-0.0,-0.0
5,-41.0,-0.0,-0.0
6,-34.0,-0.0,-0.0
7,-15.0,-0.0,-0.0
8,-0.0,-0.0,-0.0
9,-0.0,-0.0,-0.0
10,-0.0,-0.0,-0.0
11,-0.0,-0.0,-0.0
12,-0.0,0.0,-0.0
13,-0.0,0.0,-0.0
14,-0.0,-0.0,-0.0
15,0.0,-0.0,0.0
16,0.0,-0.0,0.0
17,0.0,-0.0,0.0
18,0.0,-0.0,0.0
19,0.0,-0.0,0.0
20,14.0,-0.0,0.0
21,12.0,-0.0,0.0
22,37.0,-0.0,0.0
23,33.0,-0.0,0.0
24,38.0,-0.0,0.0
25,39.0,-0.0,0.0
26,73.0,0.0,0.0
27,63.0,0.0,0.0
28,97.0,-0.0,0.0
29,98.0,-0.0,0.0
30,129.0,-0.0,0.0
31,119.0,-0.0,0.0
32,139.0,0.948,62.7
33,140.0,0.931,60.8
34,163.0,0.0,0.0
35,141.0,0.0,0.0
36,171.0,-0.0,0.0
37,171.0,-0.0,0.0
38,230.0,-0.0,0.0
39,202.0,-0.0,0.0
40,238.0,-0.0,0.0
41,237.0,-0.0,0.0
42,273.0,-0.0,0.0
43,262.0,-0.0,0.0
44,296.0,-0.0,0.0
45,272.0,-0.0,0.0
46,356.0,-0.0,0.0
47,321.0,-0.0,0.0
48,364.0,0.0,0.0
49,361.0,0.0,0.0
50,380.0,0.0,0.0
51,397.0,0.0,0.0
52,389.0,0.0,0.0
53,398.0,0.034,0.2
54,396.0,0.036,0.3
55,398.0,0.0,0.0
56,401.0,-0.0,0.0
57,405.0,-0.0,0.0
58,410.0,-0.0,0.0
59,408.0,-0.0,0.0
60,412.0,-0.0,0.0
61,409.0,-0.0,0.0
62,416.0,0.0,0.0
63,411.0,0.0,0.0
64,454.0,0.0,0.0
65,421.0,0.0,0.0
66,459.0,0.0,0.0
67,454.0,0.0,0.0
68,482.0,-0.0,0.0
69,463.0,-0.0,0.0
70,497.0,0.0,0.0
71,480.0,0.0,0.0
72,502.0,0.0,0.0
73,500.0,0.0,0.0
74,540.0,0.0,0.0
75,507.0,0.0,0.0
76,555.0,-0.0,0.0
77,529.0,-0.0,0.0
78,557.0,-0.0,0.0
79,530.0,-0.0,0.0
80,627.0,-0.003,0.0
81,614.0,-0.0,0.0
82,631.0,-0.0,0.0
83,621.0,-0.0,0.0
84,632.0,-0.0,0.0
85,625.0,-0.0,0.0
86,648.0,0.0,0.0
87,634.0,0.0,0.0
88,662.0,0.0,0.0
89,650.0,0.0,0.0
90,672.0,0.0,0.0
91,659.0,0.0,0.0
92,674.0,-0.0,0.0
93,670.0,-0.0,0.0
94,695.0,-0.0,0.0
95,680.0,-0.0,0.0
96,695.0,0.0,0.0
97,681.0,0.0,0.0
98,726.0,0.0,0.0
99,703.0,0.0,0.0
100,726.0,0.0,0.0
101,714.0,0.0,0.0
102,729.0,0.028,0.3
103,719.0,0.068,1.6
104,739.0,0.0,0.0
105,733.0,0.0,0.0
106,776.0,-0.0,0.0
107,756.0,-0.0,0.0
108,777.0,0.0,0.0
109,762.0,0.0,0.0
110,785.0,-0.0,0.0
111,770.0,-0.0,0.0
112,798.0,-0.0,0.0
113,775.0,-0.0,0.0
114,809.0,-0.0,0.0
115,780.0,-0.0,0.0
116,812.0,-0.469,89.5
117,781.0,-0.0,0.0
118,824.0,-0.0,0.0
119,795.0,-0.515,105.4
120,836.0,0.0,0.0
121,814.0,0.0,0.0
122,842.0,-0.0,0.0
123,820.0,-0.0,0.0
124,846.0,-0.0,0.0
125,821.0,-0.0,0.0
126,852.0,0.0,0.0
127,828.0,0.0,0.0
128,862.0,0.0,0.0
129,828.0,0.0,0.0
130,919.0,-0.0,0.0
131,900.0,-0.0,0.0
132,919.0,-0.0,0.0
133,900.0,-0.0,0.0
134,934.0,-0.0,0.0
135,920.0,-0.0,0.0
136,947.0,0.0,0.0
137,927.0,0.0,0.0
138,949.0,-0.0,0.0
139,939.0,-0.0,0.0
140,955.0,-0.0,0.0
141,944.0,-0.0,0.0
142,963.0,0.0,0.0
143,952.0,0.0,0.0
144,963.0,0.0,0.0
145,954.0,0.0,0.0
146,974.0,-0.0,0.0
147,970.0,-0.0,0.0
148,975.0,0.0,0.0
149,970.0,0.0,0.0
150,998.0,-0.0,0.0
151,985.0,-0.033,0.5
152,998.0,0.0,0.0
153,990.0,0.0,0.0
154,1012.0,-0.132,8.9
155,990.0,-0.0,0.0
156,1013.0,-0.0,0.0
157,990.0,-0.0,0.0
158,1015.0,0.0,0.0
159,994.0,0.0,0.0
160,1019.0,-0.168,14.4
161,997.0,-0.026,0.3
162,1021.0,0.137,9.6
163,1003.0,0.0,0.0
164,1022.0,-0.0,0.0
165,1007.0,-0.188,17.8
166,1041.0,0.0,0.0
167,1011.0,0.0,0.0
168,1054.0,0.038,0.8
169,1029.0,0.156,12.5
170,1064.0,0.0,0.0
171,1033.0,0.0,0.0
172,1065.0,-0.141,10.6
173,1052.0,-0.0,0.0
174,1066.0,-0.0,0.0
175,1053.0,-0.12,7.6
176,1112.0,-0.0,0.0
177,1111.0,-0.0,0.0
178,1112.0,-0.0,0.0
179,1111.0,-0.0,0.0
180,1152.0,-0.0,0.0
181,1155.0,-0.0,0.0
182,1164.0,-0.0,0.0
183,1157.0,-0.0,0.0
184,1176.0,0.0,0.0
185,1162.0,0.0,0.0
186,1188.0,0.0,0.0
187,1184.0,0.0,0.0
188,1189.0,-0.0,0.0
189,1184.0,-0.0,0.0
190,1209.0,0.025,0.4
191,1208.0,0.016,0.1
192,1213.0,-0.0,0.0
193,1211.0,-0.0,0.0
194,1231.0,-0.011,0.1
195,1225.0,-0.0,0.0
196,1249.0,-0.922,530.7
197,1230.0,-0.012,0.1
198,1251.0,-0.0,0.0
199,1268.0,-0.687,299.3
200,1287.0,0.0,0.0
201,1281.0,0.0,0.0
202,1290.0,-0.0,0.0
203,1297.0,-0.0,0.0
204,1292.0,0.0,0.0
205,1297.0,0.0,0.0
206,1297.0,-0.16,16.6
207,1300.0,-0.0,0.0
208,1300.0,0.0,0.0
209,1304.0,0.0,0.0
210,1303.0,0.343,76.8
211,1321.0,0.165,18.1
212,1313.0,0.0,0.0
213,1338.0,0.0,0.0
214,1314.0,-0.0,0.0
215,1340.0,-0.0,0.0
216,1319.0,0.0,0.0
217,1341.0,0.0,0.0
218,1347.0,0.0,0.0
219,1349.0,0.0,0.0
220,1353.0,0.0,0.0
221,1359.0,0.0,0.0
222,1358.0,0.0,0.0
223,1368.0,0.0,0.0
224,1371.0,0.0,0.0
225,1369.0,0.0,0.0
226,1373.0,-0.0,0.0
227,1371.0,-0.603,249.6
228,1437.0,0.0,0.0
229,1456.0,0.0,0.0
230,1437.0,-0.0,0.0
231,1462.0,-0.0,0.0
232,1452.0,0.0,0.0
233,1468.0,0.0,0.0
234,1480.0,0.0,0.0
235,1479.0,0.0,0.0
236,1485.0,-0.0,0.0
237,1489.0,-0.0,0.0
238,1519.0,-0.0,0.0
239,1495.0,-0.0,0.0
240,1526.0,0.179,24.4
241,1509.0,0.0,0.0
242,1544.0,-0.0,0.0
243,1513.0,-0.226,38.8
244,1563.0,0.049,1.9
245,1514.0,0.0,0.0
246,1578.0,-0.0,0.0
247,1524.0,-0.0,0.0
248,1579.0,-0.0,0.0
249,1530.0,-0.0,0.0
250,1597.0,0.0,0.0
251,1541.0,0.013,0.1
252,1610.0,0.0,0.0
253,1555.0,0.0,0.0
254,1623.0,-0.0,0.0
255,1589.0,-0.0,0.0
256,1623.0,-0.0,0.0
257,1589.0,-0.0,0.0
258,1634.0,-0.924,696.7
259,1591.0,-0.0,0.0
260,1640.0,-0.0,0.0
261,1626.0,-0.12,11.7
262,1646.0,0.202,33.6
263,1643.0,0.0,0.0
264,1654.0,-0.0,0.0
265,1654.0,-0.066,3.6
266,1661.0,-0.028,0.6
267,1673.0,-1.017,864.6
268,3161.0,0.0,0.0
269,3160.0,0.0,0.0
270,3161.0,-0.006,0.1
271,3160.0,-0.006,0.1
272,3168.0,-0.0,0.0
273,3165.0,-0.0,0.0
274,3168.0,0.0,0.0
275,3165.0,0.0,0.0
276,3179.0,-0.0,0.0
277,3180.0,-0.0,0.0
278,3179.0,-0.0,0.0
279,3181.0,-0.0,0.0
280,3182.0,-0.002,0.0
281,3184.0,-0.002,0.0
282,3183.0,0.0,0.0
283,3185.0,0.0,0.0
284,3185.0,-0.0,0.0
285,3187.0,-0.0,0.0
286,3188.0,0.0,0.0
287,3189.0,0.002,0.0
288,3188.0,-0.0,0.0
289,3190.0,-0.0,0.0
290,3191.0,-0.0,0.0
291,3193.0,-0.0,0.0
292,3193.0,-0.0,0.0
293,3196.0,-0.0,0.0
294,3196.0,-0.001,0.0
295,3198.0,-0.002,0.0
296,3200.0,-0.0,0.0
297,3202.0,-0.0,0.0
298,3200.0,0.0,0.0
299,3203.0,0.0,0.0
300,3205.0,-0.0,0.0
301,3208.0,-0.0,0.0
302,3206.0,0.004,0.0
303,3210.0,0.005,0.0
304,3208.0,-0.0,0.0
305,3212.0,-0.0,0.0
306,3211.0,-0.0,0.0
307,3214.0,-0.0,0.0
308,3211.0,0.0,0.0
309,3215.0,0.0,0.0
310,3214.0,-0.022,0.8
311,3218.0,-0.021,0.7
