,Frequencies,Displacement,Reorg Energy
0,-0.0,-0.0,-0.0
1,-0.0,-0.0,-0.0
2,-0.0,0.0,-0.0
3,-0.0,0.0,-0.0
4,-0.0,-0.0,-0.0
5,0.0,-0.0,0.0
6,0.0,0.0,0.0
7,0.0,0.0,0.0
8,0.0,0.0,0.0
9,0.0,0.0,0.0
10,0.0,0.0,0.0
11,0.0,0.0,0.0
12,12.0,16.388,1613.6
13,13.0,17.946,2045.8
14,17.0,-12.933,1445.4
15,20.0,-15.797,2478.0
16,24.0,3.934,186.4
17,26.0,4.64,274.6
18,41.0,8.255,1395.3
19,35.0,7.685,1025.4
20,59.0,5.859,1004.4
21,65.0,7.766,1974.5
22,68.0,3.224,351.6
23,71.0,0.122,0.5
24,78.0,5.738,1290.1
25,74.0,3.174,371.0
26,104.0,-0.34,6.0
27,101.0,-3.397,584.5
28,117.0,-0.825,39.9
29,115.0,-0.429,10.6
30,124.0,-6.909,2967.0
31,123.0,-3.959,966.6
32,144.0,4.384,1386.8
33,139.0,5.18,1865.1
34,147.0,5.102,1916.2
35,155.0,1.727,231.3
36,173.0,7.408,4750.3
37,181.0,3.814,1317.5
38,196.0,-3.221,1016.8
39,185.0,-3.723,1282.6
40,212.0,1.073,122.2
41,204.0,2.189,489.2
42,221.0,0.523,30.2
43,213.0,0.891,84.6
44,248.0,-0.862,92.3
45,220.0,-0.997,109.5
46,262.0,-0.958,120.3
47,239.0,-1.668,333.0
48,266.0,-0.876,101.9
49,261.0,-2.34,713.3
50,275.0,0.066,0.6
51,269.0,0.551,40.9
52,299.0,-0.101,1.5
53,286.0,-0.545,42.4
54,320.0,1.37,300.7
55,308.0,0.451,31.3
56,332.0,-0.113,2.1
57,342.0,-0.676,78.3
58,355.0,0.819,119.0
59,356.0,0.74,97.5
60,369.0,-0.557,57.3
61,381.0,-0.281,15.1
62,385.0,-0.157,4.7
63,394.0,-0.717,101.2
64,414.0,-0.583,70.3
65,408.0,-0.076,1.2
66,418.0,0.262,14.4
67,413.0,0.436,39.3
68,421.0,-0.519,56.6
69,427.0,-1.148,281.7
70,432.0,-0.207,9.2
71,432.0,-0.325,22.8
72,443.0,0.217,10.4
73,439.0,0.33,24.0
74,446.0,0.69,106.1
75,447.0,0.471,49.5
76,449.0,-0.266,15.9
77,455.0,-1.011,232.4
78,462.0,0.846,165.1
79,459.0,0.696,111.2
80,473.0,-0.129,3.9
81,474.0,-0.192,8.7
82,485.0,0.571,79.0
83,482.0,0.44,46.7
84,511.0,-0.543,75.4
85,491.0,-0.46,51.9
86,514.0,-0.26,17.4
87,501.0,-0.062,1.0
88,519.0,-0.128,4.2
89,501.0,-0.111,3.1
90,522.0,0.014,0.0
91,518.0,0.124,4.0
92,527.0,0.337,29.9
93,526.0,0.174,8.0
94,549.0,-0.444,54.2
95,533.0,-0.716,136.6
96,555.0,-0.047,0.6
97,548.0,-0.003,0.0
98,567.0,-0.565,90.6
99,557.0,-0.128,4.6
100,578.0,0.231,15.4
101,575.0,0.016,0.1
102,599.0,0.075,1.7
103,582.0,0.297,25.7
104,616.0,0.765,180.4
105,609.0,0.158,7.6
106,626.0,-0.862,232.4
107,610.0,-0.304,28.2
108,630.0,-0.193,11.7
109,615.0,-0.223,15.3
110,652.0,0.443,63.9
111,650.0,0.142,6.6
112,660.0,-0.307,31.2
113,651.0,-0.239,18.6
114,691.0,0.624,134.5
115,676.0,0.072,1.7
116,694.0,0.055,1.1
117,686.0,0.478,78.3
118,705.0,0.097,3.3
119,698.0,0.01,0.0
120,714.0,0.226,18.2
121,702.0,0.06,1.3
122,725.0,-0.367,48.7
123,715.0,-0.552,108.8
124,737.0,-0.132,6.4
125,719.0,-0.102,3.8
126,740.0,-0.009,0.0
127,726.0,-0.032,0.4
128,746.0,-0.78,227.0
129,735.0,-0.042,0.6
130,760.0,0.08,2.4
131,747.0,0.134,6.7
132,765.0,-0.308,36.4
133,748.0,-0.101,3.8
134,770.0,0.144,8.0
135,765.0,0.174,11.6
136,776.0,-0.075,2.2
137,769.0,-0.048,0.9
138,810.0,-0.014,0.1
139,773.0,-0.014,0.1
140,820.0,0.321,42.2
141,801.0,0.046,0.9
142,829.0,-0.152,9.6
143,821.0,-0.092,3.5
144,833.0,-0.085,3.0
145,823.0,-0.351,50.7
146,839.0,-0.065,1.8
147,826.0,-0.27,30.2
148,848.0,-0.124,6.6
149,828.0,-0.126,6.6
150,855.0,0.434,80.6
151,831.0,0.175,12.7
152,856.0,-0.353,53.2
153,842.0,-0.034,0.5
154,860.0,-0.102,4.5
155,846.0,-0.032,0.4
156,863.0,0.03,0.4
157,851.0,0.158,10.6
158,871.0,0.131,7.4
159,855.0,0.133,7.6
160,889.0,-0.208,19.2
161,857.0,-0.178,13.6
162,908.0,0.469,99.8
163,890.0,0.149,9.8
164,911.0,-0.035,0.5
165,896.0,-0.09,3.6
166,937.0,0.216,21.9
167,927.0,0.023,0.2
168,952.0,-0.406,78.6
169,938.0,-0.02,0.2
170,965.0,0.014,0.1
171,943.0,0.052,1.3
172,977.0,0.04,0.8
173,954.0,0.014,0.1
174,978.0,0.009,0.0
175,961.0,0.07,2.4
176,978.0,0.021,0.2
177,967.0,0.158,12.0
178,983.0,-0.209,21.6
179,976.0,-0.298,43.3
180,986.0,0.205,20.7
181,981.0,0.134,8.7
182,987.0,-0.102,5.1
183,988.0,-0.173,14.8
184,995.0,0.041,0.8
185,1000.0,0.049,1.2
186,1019.0,0.157,12.5
187,1006.0,0.132,8.8
188,1035.0,0.124,8.0
189,1015.0,0.162,13.3
190,1060.0,-0.377,75.2
191,1044.0,-0.537,150.7
192,1061.0,-0.083,3.7
193,1048.0,-0.491,126.2
194,1067.0,0.029,0.4
195,1061.0,0.158,13.2
196,1069.0,0.132,9.3
197,1073.0,0.029,0.4
198,1097.0,0.032,0.6
199,1092.0,0.052,1.5
200,1126.0,1.57,1387.6
201,1107.0,0.111,6.8
202,1127.0,0.228,29.2
203,1129.0,0.318,57.2
204,1135.0,-0.108,6.6
205,1132.0,-2.926,4845.7
206,1141.0,-3.566,7257.7
207,1133.0,-0.466,122.8
208,1142.0,0.05,1.4
209,1139.0,1.821,1887.7
210,1151.0,-0.851,417.1
211,1151.0,-0.199,22.8
212,1162.0,0.471,128.6
213,1157.0,0.037,0.8
214,1169.0,-0.062,2.3
215,1167.0,-0.356,73.8
216,1182.0,0.078,3.5
217,1178.0,0.005,0.0
218,1182.0,-0.674,268.3
219,1193.0,-0.174,18.0
220,1188.0,0.456,123.4
221,1195.0,0.085,4.3
222,1201.0,0.056,1.9
223,1203.0,0.324,63.1
224,1211.0,0.134,10.8
225,1207.0,0.927,519.1
226,1216.0,0.025,0.4
227,1215.0,0.584,207.1
228,1242.0,-0.056,2.0
229,1233.0,-0.13,10.4
230,1263.0,-0.348,76.4
231,1245.0,-0.185,21.2
232,1269.0,-0.088,4.9
233,1262.0,-0.013,0.1
234,1270.0,-0.037,0.9
235,1267.0,-0.267,45.3
236,1282.0,-0.127,10.3
237,1274.0,-0.692,304.6
238,1285.0,-0.045,1.3
239,1282.0,-0.062,2.4
240,1294.0,-0.41,109.0
241,1297.0,-0.114,8.4
242,1300.0,-0.14,12.7
243,1300.0,-0.104,7.1
244,1312.0,-0.169,18.8
245,1310.0,-0.081,4.3
246,1321.0,0.082,4.5
247,1324.0,0.015,0.2
248,1327.0,-0.081,4.3
249,1330.0,-0.284,53.8
250,1332.0,0.53,186.9
251,1338.0,0.091,5.5
252,1340.0,0.382,97.8
253,1341.0,0.023,0.4
254,1359.0,-0.075,3.8
255,1348.0,-0.273,50.3
256,1361.0,0.11,8.2
257,1362.0,0.174,20.7
258,1388.0,0.053,2.0
259,1365.0,0.157,16.9
260,1408.0,-0.174,21.2
261,1378.0,-0.157,16.9
262,1416.0,-0.078,4.3
263,1395.0,-0.117,9.6
264,1431.0,0.123,10.8
265,1413.0,0.129,11.8
266,1440.0,-0.075,4.1
267,1435.0,-0.014,0.1
268,1445.0,0.058,2.4
269,1444.0,0.006,0.0
270,1462.0,-0.06,2.6
271,1456.0,-0.265,51.1
272,1463.0,-0.738,398.2
273,1459.0,-0.254,47.0
274,1476.0,0.082,4.9
275,1467.0,0.316,73.3
276,1485.0,-0.033,0.8
277,1475.0,-0.084,5.2
278,1496.0,-0.851,541.4
279,1478.0,-0.461,156.8
280,1498.0,3.59,9653.5
281,1495.0,0.073,3.9
282,1518.0,0.296,66.7
283,1504.0,2.476,4611.5
284,1522.0,0.085,5.5
285,1513.0,0.215,34.8
286,1526.0,-0.767,449.5
287,1517.0,-2.365,4241.8
288,1537.0,0.255,50.1
289,1520.0,2.112,3389.4
290,1551.0,0.332,85.4
291,1530.0,0.593,268.7
292,1571.0,-0.05,1.9
293,1536.0,-0.574,253.1
294,1583.0,-0.099,7.8
295,1544.0,-0.158,19.3
296,1599.0,-0.058,2.7
297,1554.0,-0.146,16.5
298,1614.0,0.096,7.4
299,1579.0,0.191,28.9
300,1619.0,0.001,0.0
301,1583.0,0.11,9.7
302,1621.0,-0.023,0.4
303,1588.0,-0.173,23.9
304,1631.0,0.172,24.1
305,1599.0,0.123,12.2
306,1643.0,-0.184,27.8
307,1614.0,-0.008,0.0
308,1647.0,0.123,12.4
309,1624.0,0.072,4.2
310,1650.0,-0.146,17.6
311,1639.0,-0.019,0.3
312,1668.0,0.356,105.8
313,1646.0,0.572,269.3
314,2975.0,-0.185,50.9
315,3036.0,-0.009,0.1
316,3085.0,0.217,72.7
317,3129.0,0.354,196.3
318,3125.0,-0.006,0.1
319,3141.0,-0.001,0.0
320,3156.0,-0.002,0.0
321,3143.0,-0.01,0.2
322,3158.0,-0.012,0.2
323,3147.0,-0.003,0.0
324,3162.0,-0.011,0.2
325,3148.0,-0.004,0.0
326,3162.0,-0.004,0.0
327,3151.0,-0.029,1.4
328,3165.0,0.043,3.0
329,3155.0,0.049,3.7
330,3166.0,0.026,1.1
331,3158.0,0.001,0.0
332,3167.0,0.006,0.1
333,3162.0,0.043,2.9
334,3168.0,0.021,0.7
335,3163.0,0.001,0.0
336,3175.0,-0.004,0.0
337,3168.0,-0.015,0.4
338,3177.0,-0.008,0.1
339,3171.0,-0.006,0.1
340,3177.0,-0.002,0.0
341,3182.0,-0.018,0.5
342,3179.0,-0.002,0.0
343,3186.0,-0.004,0.0
344,3181.0,-0.002,0.0
345,3189.0,-0.012,0.2
346,3183.0,0.006,0.1
347,3191.0,0.044,3.0
348,3183.0,0.009,0.1
349,3192.0,0.019,0.6
350,3185.0,-0.02,0.6
351,3200.0,-0.004,0.0
352,3192.0,0.018,0.5
353,3202.0,0.014,0.3
354,3202.0,0.002,0.0
355,3209.0,0.002,0.0
356,3203.0,-0.063,6.3
357,3217.0,-0.165,43.6
358,3203.0,-0.092,13.6
359,3228.0,-0.169,46.3
