,Frequencies,Displacement,Reorg Energy
0,-527.0,0.0,-0.0
1,-509.0,0.0,-0.0
2,-492.0,-0.0,-0.0
3,-468.0,-0.0,-0.0
4,-173.0,0.0,-0.0
5,-163.0,0.0,-0.0
6,-66.0,0.0,-0.0
7,-66.0,0.0,-0.0
8,-63.0,-0.0,-0.0
9,-38.0,-0.0,-0.0
10,-37.0,-0.0,-0.0
11,-16.0,-0.0,-0.0
12,-6.0,-0.0,-0.0
13,-0.0,-0.0,-0.0
14,-0.0,-0.0,-0.0
15,-0.0,-0.0,-0.0
16,-0.0,-0.0,-0.0
17,-0.0,-0.0,-0.0
18,-0.0,-0.0,-0.0
19,-0.0,-0.0,-0.0
20,-0.0,0.0,-0.0
21,0.0,0.0,0.0
22,0.0,0.0,0.0
23,0.0,0.0,0.0
24,0.0,0.0,0.0
25,5.0,0.0,0.0
26,53.0,-0.071,0.1
27,53.0,-0.073,0.1
28,74.0,0.0,0.0
29,75.0,0.0,0.0
30,137.0,-0.0,0.0
31,137.0,-0.0,0.0
32,140.0,-0.334,7.8
33,140.0,-0.349,8.5
34,149.0,-0.0,0.0
35,147.0,-0.0,0.0
36,164.0,0.0,0.0
37,170.0,0.383,12.5
38,170.0,-0.394,13.2
39,171.0,-0.0,0.0
40,203.0,0.0,0.0
41,198.0,0.0,0.0
42,211.0,0.0,0.0
43,206.0,0.0,0.0
44,232.0,0.067,0.5
45,232.0,0.051,0.3
46,246.0,0.369,16.7
47,245.0,0.36,15.9
48,247.0,0.0,0.0
49,246.0,0.0,0.0
50,278.0,0.0,0.0
51,278.0,0.0,0.0
52,304.0,-0.0,0.0
53,305.0,-0.0,0.0
54,307.0,-0.175,4.7
55,306.0,-0.176,4.7
56,321.0,0.428,29.4
57,322.0,0.441,31.4
58,339.0,-0.0,0.0
59,347.0,-0.0,0.0
60,373.0,-0.0,0.0
61,381.0,-0.0,0.0
62,386.0,-0.282,15.3
63,387.0,-0.019,0.1
64,386.0,-0.049,0.5
65,388.0,-0.3,17.4
66,393.0,0.0,0.0
67,400.0,0.0,0.0
68,427.0,-0.0,0.0
69,421.0,-0.0,0.0
70,430.0,-0.094,1.9
71,431.0,-0.095,2.0
72,435.0,-0.069,1.0
73,436.0,-0.062,0.8
74,458.0,-0.0,0.0
75,466.0,-0.0,0.0
76,479.0,-0.015,0.1
77,479.0,-0.025,0.2
78,483.0,-0.078,1.5
79,482.0,-0.101,2.4
80,499.0,-0.0,0.0
81,492.0,-0.0,0.0
82,500.0,0.264,17.5
83,496.0,0.237,14.0
84,517.0,0.0,0.0
85,510.0,0.0,0.0
86,519.0,0.114,3.4
87,514.0,0.0,0.0
88,534.0,0.0,0.0
89,518.0,0.095,2.3
90,537.0,-0.0,0.0
91,540.0,-0.0,0.0
92,553.0,0.0,0.0
93,558.0,0.039,0.4
94,559.0,-0.033,0.3
95,566.0,-0.0,0.0
96,560.0,0.0,0.0
97,570.0,0.0,0.0
98,576.0,-0.098,2.7
99,573.0,-0.098,2.7
100,586.0,0.0,0.0
101,589.0,0.0,0.0
102,615.0,-0.013,0.1
103,616.0,-0.001,0.0
104,626.0,0.0,0.0
105,627.0,0.0,0.0
106,633.0,0.001,0.0
107,628.0,0.001,0.0
108,664.0,-0.111,4.1
109,662.0,-0.116,4.5
110,670.0,0.0,0.0
111,671.0,0.0,0.0
112,686.0,0.021,0.1
113,680.0,0.021,0.1
114,687.0,0.0,0.0
115,685.0,0.0,0.0
116,696.0,-0.0,0.0
117,700.0,-0.0,0.0
118,705.0,-0.101,3.6
119,705.0,-0.105,3.9
120,714.0,0.0,0.0
121,714.0,0.023,0.2
122,716.0,-0.035,0.4
123,721.0,-0.0,0.0
124,731.0,-0.0,0.0
125,729.0,-0.0,0.0
126,733.0,0.006,0.0
127,734.0,0.0,0.0
128,733.0,0.0,0.0
129,744.0,0.046,0.8
130,745.0,-0.132,6.5
131,746.0,-0.125,5.8
132,749.0,-0.0,0.0
133,754.0,-0.0,0.0
134,767.0,0.0,0.0
135,772.0,0.0,0.0
136,781.0,0.032,0.4
137,781.0,0.033,0.4
138,783.0,0.0,0.0
139,794.0,0.0,0.0
140,800.0,-0.0,0.0
141,808.0,-0.0,0.0
142,807.0,-0.0,0.0
143,817.0,-0.0,0.0
144,820.0,-0.0,0.0
145,826.0,-0.0,0.0
146,829.0,0.03,0.4
147,828.0,0.034,0.5
148,837.0,0.0,0.0
149,832.0,0.0,0.0
150,852.0,-0.0,0.0
151,857.0,-0.135,7.8
152,855.0,-0.126,6.8
153,862.0,-0.0,0.0
154,861.0,-0.0,0.0
155,864.0,-0.024,0.2
156,862.0,-0.02,0.2
157,878.0,-0.0,0.0
158,889.0,0.013,0.1
159,891.0,0.016,0.1
160,890.0,-0.0,0.0
161,909.0,-0.0,0.0
162,908.0,0.0,0.0
163,933.0,0.0,0.0
164,911.0,0.0,0.0
165,938.0,0.0,0.0
166,913.0,0.0,0.0
167,940.0,0.0,0.0
168,950.0,-0.0,0.0
169,964.0,-0.0,0.0
170,956.0,-0.0,0.0
171,971.0,-0.0,0.0
172,970.0,-0.0,0.0
173,988.0,-0.012,0.1
174,971.0,0.0,0.0
175,994.0,0.0,0.0
176,977.0,0.0,0.0
177,998.0,0.038,0.7
178,987.0,0.0,0.0
179,999.0,0.0,0.0
180,989.0,-0.026,0.3
181,999.0,-0.0,0.0
182,996.0,0.021,0.2
183,1006.0,0.0,0.0
184,1026.0,0.007,0.0
185,1021.0,0.016,0.1
186,1059.0,0.002,0.0
187,1055.0,0.062,2.0
188,1078.0,-0.069,2.6
189,1056.0,-0.037,0.7
190,1089.0,0.026,0.4
191,1074.0,0.099,5.3
192,1096.0,-0.049,1.3
193,1086.0,-0.015,0.1
194,1106.0,-0.171,16.1
195,1098.0,-0.043,1.0
196,1116.0,-0.095,5.1
197,1103.0,-0.005,0.0
198,1128.0,-0.007,0.0
199,1120.0,-0.167,15.5
200,1130.0,-0.011,0.1
201,1138.0,-0.131,9.8
202,1136.0,0.161,14.7
203,1140.0,0.096,5.2
204,1159.0,-0.072,3.0
205,1160.0,-0.182,19.3
206,1162.0,0.08,3.7
207,1169.0,0.004,0.0
208,1171.0,0.008,0.0
209,1176.0,0.047,1.3
210,1175.0,0.072,3.1
211,1184.0,0.009,0.0
212,1179.0,-0.07,2.9
213,1185.0,-0.074,3.3
214,1186.0,-0.011,0.1
215,1192.0,-0.02,0.2
216,1202.0,-0.079,3.7
217,1210.0,-0.083,4.2
218,1211.0,-0.126,9.6
219,1220.0,-0.154,14.5
220,1223.0,0.063,2.4
221,1227.0,0.04,1.0
222,1235.0,-0.138,11.8
223,1238.0,-0.131,10.7
224,1249.0,0.027,0.5
225,1246.0,0.066,2.7
226,1251.0,0.073,3.4
227,1253.0,0.053,1.8
228,1262.0,0.186,21.7
229,1262.0,0.148,13.9
230,1273.0,0.006,0.0
231,1278.0,0.069,3.1
232,1283.0,-0.053,1.8
233,1286.0,-0.051,1.7
234,1296.0,-0.069,3.1
235,1299.0,-0.129,10.9
236,1299.0,-0.157,15.9
237,1303.0,-0.1,6.5
238,1306.0,0.001,0.0
239,1318.0,0.062,2.6
240,1311.0,0.066,2.9
241,1325.0,0.046,1.4
242,1334.0,-0.031,0.6
243,1342.0,-0.044,1.3
244,1353.0,0.091,5.6
245,1364.0,0.072,3.5
246,1369.0,0.029,0.6
247,1373.0,0.015,0.2
248,1389.0,-0.059,2.4
249,1391.0,-0.068,3.2
250,1402.0,-0.037,1.0
251,1399.0,-0.029,0.6
252,1409.0,-0.024,0.4
253,1405.0,-0.036,0.9
254,1427.0,0.042,1.2
255,1428.0,0.046,1.5
256,1439.0,0.004,0.0
257,1444.0,0.003,0.0
258,1446.0,-0.02,0.3
259,1448.0,-0.021,0.3
260,1463.0,0.031,0.7
261,1461.0,0.033,0.8
262,1466.0,-0.045,1.5
263,1465.0,-0.025,0.5
264,1472.0,0.056,2.3
265,1473.0,0.04,1.2
266,1494.0,-0.038,1.1
267,1482.0,-0.082,5.0
268,1506.0,0.072,3.9
269,1505.0,0.027,0.5
270,1520.0,0.052,2.1
271,1509.0,0.028,0.6
272,1522.0,0.021,0.3
273,1514.0,0.042,1.4
274,1544.0,0.108,8.9
275,1543.0,0.106,8.6
276,1577.0,0.003,0.0
277,1563.0,0.003,0.0
278,1587.0,-0.031,0.8
279,1572.0,-0.02,0.3
280,1594.0,0.096,7.3
281,1589.0,0.07,3.8
282,1621.0,-0.038,1.2
283,1606.0,-0.18,26.1
284,1625.0,0.0,0.0
285,1614.0,0.058,2.8
286,1629.0,0.209,35.7
287,1621.0,0.015,0.2
288,1632.0,-0.06,2.9
289,1624.0,-0.058,2.7
290,1638.0,0.105,9.0
291,1628.0,0.136,15.0
292,1640.0,-0.056,2.5
293,1631.0,-0.002,0.0
294,1645.0,0.127,13.2
295,1641.0,0.027,0.6
296,1654.0,-0.041,1.4
297,1644.0,-0.019,0.3
298,1668.0,0.151,19.1
299,1646.0,0.204,34.1
300,3156.0,0.009,0.1
301,3170.0,0.009,0.1
302,3157.0,0.0,0.0
303,3170.0,0.0,0.0
304,3158.0,0.0,0.0
305,3173.0,0.0,0.0
306,3160.0,-0.003,0.0
307,3174.0,-0.003,0.0
308,3162.0,-0.005,0.0
309,3176.0,-0.005,0.0
310,3165.0,0.01,0.2
311,3180.0,0.001,0.0
312,3168.0,0.004,0.0
313,3182.0,0.009,0.1
314,3174.0,0.001,0.0
315,3190.0,0.003,0.0
316,3175.0,0.003,0.0
317,3190.0,0.011,0.2
318,3177.0,-0.011,0.2
319,3190.0,-0.005,0.0
320,3185.0,0.013,0.3
321,3198.0,0.013,0.3
322,3199.0,0.003,0.0
323,3213.0,0.005,0.0
324,3199.0,-0.014,0.3
325,3213.0,-0.013,0.3
326,3209.0,-0.002,0.0
327,3223.0,-0.002,0.0
328,3247.0,0.012,0.3
329,3261.0,0.012,0.2
330,3273.0,0.006,0.1
331,3285.0,0.005,0.0
332,3341.0,0.006,0.1
333,3348.0,0.006,0.1
334,3442.0,0.0,0.0
335,3451.0,0.0,0.0
336,3444.0,0.0,0.0
337,3452.0,0.0,0.0
338,3582.0,0.009,0.1
339,3588.0,0.01,0.2
340,3583.0,-0.003,0.0
341,3589.0,-0.001,0.0
