,Frequencies,Displacement,Reorg Energy
0,-0.0,0.0,-0.0
1,-69.0,7.787,-2095.6
2,-0.0,0.0,-0.0
3,-0.0,0.0,-0.0
4,-0.0,0.0,-0.0
5,-0.0,0.0,-0.0
6,-0.0,-0.0,-0.0
7,-0.0,-0.0,-0.0
8,0.0,-0.0,0.0
9,0.0,-0.0,0.0
10,0.0,-0.0,0.0
11,0.0,-0.0,0.0
12,21.0,-0.133,0.2
13,0.0,-0.0,0.0
14,28.0,-6.739,640.3
15,18.0,-0.002,0.0
16,32.0,0.079,0.1
17,29.0,0.0,0.0
18,54.0,-6.746,1226.8
19,51.0,-3.761,361.3
20,91.0,0.009,0.0
21,66.0,0.004,0.0
22,112.0,0.013,0.0
23,92.0,8.296,3149.3
24,139.0,0.902,56.4
25,92.0,0.006,0.0
26,155.0,1.745,236.7
27,152.0,0.361,9.9
28,159.0,0.015,0.0
29,157.0,0.005,0.0
30,205.0,1.641,276.4
31,199.0,1.241,153.5
32,207.0,-0.022,0.1
33,201.0,-0.007,0.0
34,225.0,-0.002,0.0
35,210.0,-0.001,0.0
36,237.0,0.008,0.0
37,227.0,0.0,0.0
38,258.0,0.004,0.0
39,252.0,0.005,0.0
40,300.0,-1.267,240.6
41,266.0,-0.801,85.5
42,330.0,-0.814,109.4
43,335.0,-0.229,8.8
44,355.0,0.086,1.3
45,361.0,0.001,0.0
46,358.0,0.001,0.0
47,369.0,0.759,106.2
48,407.0,0.001,0.0
49,381.0,0.001,0.0
50,409.0,-0.001,0.0
51,396.0,-0.01,0.0
52,430.0,-0.064,0.9
53,401.0,-0.001,0.0
54,436.0,-0.023,0.1
55,405.0,-1.37,380.1
56,436.0,0.239,12.4
57,408.0,0.001,0.0
58,451.0,0.003,0.0
59,443.0,0.267,15.8
60,465.0,-0.295,20.2
61,446.0,-0.005,0.0
62,478.0,-0.064,1.0
63,448.0,-0.432,41.9
64,509.0,-0.149,5.7
65,476.0,-0.652,101.4
66,514.0,-0.02,0.1
67,500.0,-0.723,130.7
68,515.0,-0.294,22.3
69,509.0,-0.106,2.9
70,535.0,-0.974,253.5
71,513.0,-0.003,0.0
72,538.0,0.013,0.0
73,519.0,0.302,23.6
74,542.0,-0.001,0.0
75,535.0,-0.313,26.1
76,546.0,-0.0,0.0
77,540.0,-0.002,0.0
78,554.0,0.198,10.9
79,545.0,0.0,0.0
80,583.0,0.265,20.4
81,587.0,0.199,11.6
82,601.0,0.11,3.6
83,599.0,0.045,0.6
84,610.0,0.001,0.0
85,608.0,0.002,0.0
86,667.0,-0.324,35.1
87,630.0,-0.001,0.0
88,667.0,-0.015,0.1
89,648.0,-0.002,0.0
90,688.0,0.001,0.0
91,659.0,0.711,166.5
92,701.0,-0.339,40.3
93,660.0,-0.265,23.3
94,711.0,-0.004,0.0
95,686.0,-0.037,0.5
96,726.0,-0.003,0.0
97,686.0,-0.001,0.0
98,732.0,0.043,0.7
99,705.0,0.002,0.0
100,742.0,0.001,0.0
101,712.0,0.376,50.2
102,758.0,-0.003,0.0
103,721.0,-0.001,0.0
104,760.0,0.212,17.1
105,755.0,0.0,0.0
106,760.0,-0.31,36.4
107,756.0,-0.218,18.0
108,771.0,-0.0,0.0
109,771.0,-0.0,0.0
110,777.0,-0.05,1.0
111,779.0,-0.041,0.7
112,817.0,0.001,0.0
113,789.0,0.002,0.0
114,828.0,0.002,0.0
115,793.0,0.145,8.3
116,828.0,-0.243,24.5
117,814.0,-0.001,0.0
118,844.0,-0.474,94.8
119,825.0,-0.001,0.0
120,852.0,-0.0,0.0
121,826.0,-0.241,24.0
122,863.0,0.0,0.0
123,839.0,0.283,33.5
124,865.0,-0.176,13.5
125,850.0,-0.001,0.0
126,895.0,0.0,0.0
127,888.0,0.002,0.0
128,907.0,0.0,0.0
129,898.0,0.001,0.0
130,921.0,0.001,0.0
131,914.0,0.0,0.0
132,941.0,-0.104,5.1
133,928.0,-0.057,1.5
134,941.0,0.02,0.2
135,929.0,0.0,0.0
136,950.0,-0.001,0.0
137,932.0,-0.001,0.0
138,978.0,0.01,0.1
139,936.0,0.001,0.0
140,978.0,0.001,0.0
141,937.0,0.158,11.6
142,980.0,-0.0,0.0
143,978.0,-0.0,0.0
144,984.0,-0.0,0.0
145,982.0,-0.0,0.0
146,992.0,0.0,0.0
147,991.0,0.0,0.0
148,997.0,-0.008,0.0
149,997.0,-0.013,0.1
150,1015.0,0.022,0.3
151,1009.0,0.074,2.8
152,1021.0,0.183,17.1
153,1011.0,0.001,0.0
154,1061.0,-0.001,0.0
155,1015.0,-0.062,2.0
156,1065.0,-0.296,46.6
157,1024.0,-0.634,205.4
158,1080.0,0.0,0.0
159,1078.0,0.0,0.0
160,1092.0,-0.733,293.2
161,1101.0,-0.377,78.0
162,1105.0,-0.37,75.5
163,1107.0,-0.787,343.2
164,1134.0,0.004,0.0
165,1137.0,0.09,4.6
166,1147.0,-0.0,0.0
167,1145.0,-0.001,0.0
168,1152.0,0.392,88.6
169,1151.0,0.501,144.3
170,1164.0,0.207,24.9
171,1171.0,0.221,28.6
172,1172.0,0.0,0.0
173,1172.0,0.024,0.3
174,1182.0,0.479,135.5
175,1182.0,0.166,16.2
176,1186.0,-0.005,0.0
177,1182.0,-0.008,0.0
178,1189.0,-0.393,91.6
179,1195.0,-0.34,69.0
180,1204.0,-0.008,0.0
181,1205.0,-0.075,3.4
182,1221.0,-0.026,0.4
183,1210.0,-0.002,0.0
184,1252.0,0.403,101.6
185,1223.0,0.05,1.5
186,1259.0,-0.011,0.1
187,1257.0,-0.415,108.1
188,1262.0,-0.001,0.0
189,1259.0,-0.035,0.8
190,1266.0,-0.039,1.0
191,1267.0,-0.052,1.7
192,1294.0,-0.1,6.5
193,1280.0,-0.0,0.0
194,1315.0,0.001,0.0
195,1322.0,0.197,25.6
196,1326.0,0.001,0.0
197,1323.0,0.002,0.0
198,1329.0,-0.187,23.1
199,1340.0,-0.001,0.0
200,1338.0,0.065,2.8
201,1341.0,0.031,0.6
202,1340.0,0.11,8.1
203,1351.0,0.012,0.1
204,1352.0,-0.018,0.2
205,1384.0,-0.12,10.0
206,1398.0,0.018,0.2
207,1408.0,0.041,1.2
208,1405.0,0.016,0.2
209,1416.0,0.184,23.8
210,1432.0,-0.002,0.0
211,1431.0,-0.038,1.1
212,1449.0,0.017,0.2
213,1447.0,0.014,0.1
214,1465.0,-0.022,0.4
215,1450.0,-0.007,0.0
216,1467.0,0.0,0.0
217,1450.0,0.083,5.0
218,1476.0,0.05,1.8
219,1465.0,0.023,0.4
220,1486.0,-0.006,0.0
221,1478.0,-0.002,0.0
222,1493.0,0.001,0.0
223,1485.0,0.031,0.7
224,1494.0,-0.038,1.1
225,1492.0,-0.237,42.0
226,1519.0,0.807,494.3
227,1495.0,0.069,3.5
228,1529.0,0.046,1.6
229,1525.0,0.001,0.0
230,1600.0,0.036,1.1
231,1528.0,0.032,0.8
232,1604.0,0.0,0.0
233,1563.0,0.233,42.5
234,1615.0,0.0,0.0
235,1577.0,0.978,753.7
236,1619.0,-0.843,575.8
237,1594.0,-0.002,0.0
238,1622.0,0.064,3.4
239,1598.0,0.025,0.5
240,1633.0,-0.387,122.5
241,1630.0,-0.099,7.9
242,1641.0,0.334,91.3
243,1635.0,0.005,0.0
244,1643.0,0.151,18.7
245,1663.0,0.233,45.1
246,1671.0,-0.015,0.2
247,1674.0,-0.032,0.9
248,3159.0,-0.001,0.0
249,3156.0,-0.0,0.0
250,3160.0,0.001,0.0
251,3156.0,0.013,0.3
252,3161.0,-0.0,0.0
253,3160.0,-0.002,0.0
254,3168.0,-0.0,0.0
255,3161.0,-0.005,0.0
256,3168.0,0.007,0.1
257,3162.0,0.0,0.0
258,3169.0,-0.0,0.0
259,3170.0,-0.008,0.1
260,3176.0,-0.006,0.1
261,3179.0,-0.001,0.0
262,3176.0,0.001,0.0
263,3179.0,0.013,0.2
264,3176.0,0.006,0.1
265,3179.0,0.001,0.0
266,3178.0,-0.003,0.0
267,3179.0,-0.001,0.0
268,3178.0,0.002,0.0
269,3185.0,0.0,0.0
270,3185.0,0.002,0.0
271,3186.0,0.004,0.0
272,3185.0,0.002,0.0
273,3187.0,0.004,0.0
274,3192.0,-0.001,0.0
275,3196.0,-0.0,0.0
276,3192.0,0.017,0.4
277,3196.0,0.028,1.3
278,3212.0,0.001,0.0
279,3215.0,0.001,0.0
280,3213.0,-0.006,0.1
281,3216.0,-0.02,0.6
