,Frequencies,Displacement,Reorg Energy
0,-0.0,-0.0,-0.0
1,-0.0,-0.0,-0.0
2,-0.0,0.0,-0.0
3,-0.0,0.0,-0.0
4,-0.0,0.0,-0.0
5,-0.0,0.0,-0.0
6,0.0,0.0,0.0
7,0.0,0.0,0.0
8,0.0,0.0,0.0
9,0.0,0.0,0.0
10,0.0,-0.0,0.0
11,0.0,-0.0,0.0
12,100.0,0.0,0.0
13,97.0,0.0,0.0
14,145.0,-0.0,0.0
15,139.0,-0.0,0.0
16,200.0,0.0,0.0
17,202.0,0.0,0.0
18,245.0,0.0,0.0
19,204.0,0.0,0.0
20,254.0,0.0,0.0
21,254.0,0.0,0.0
22,354.0,-0.0,0.0
23,334.0,-0.0,0.0
24,398.0,0.0,0.0
25,369.0,0.0,0.0
26,414.0,-0.355,26.2
27,410.0,-0.351,25.2
28,459.0,0.0,0.0
29,435.0,0.0,0.0
30,469.0,-0.0,0.0
31,452.0,-0.0,0.0
32,480.0,-0.0,0.0
33,472.0,-0.0,0.0
34,501.0,0.0,0.0
35,497.0,0.0,0.0
36,504.0,-0.0,0.0
37,506.0,-0.0,0.0
38,539.0,-0.0,0.0
39,507.0,-0.0,0.0
40,540.0,-0.0,0.0
41,516.0,-0.0,0.0
42,549.0,-0.0,0.0
43,540.0,-0.0,0.0
44,601.0,-0.46,63.7
45,594.0,-0.463,63.8
46,676.0,-0.0,0.0
47,641.0,-0.0,0.0
48,695.0,0.0,0.0
49,682.0,0.0,0.0
50,697.0,0.0,0.0
51,687.0,0.0,0.0
52,742.0,-0.0,0.0
53,714.0,-0.0,0.0
54,761.0,0.0,0.0
55,727.0,0.0,0.0
56,782.0,-0.0,0.0
57,728.0,-0.0,0.0
58,816.0,-0.246,24.6
59,768.0,-0.0,0.0
60,824.0,0.0,0.0
61,795.0,0.0,0.0
62,831.0,-0.0,0.0
63,812.0,-0.237,22.9
64,843.0,0.0,0.0
65,812.0,0.0,0.0
66,877.0,-0.0,0.0
67,820.0,-0.0,0.0
68,949.0,-0.0,0.0
69,836.0,-0.0,0.0
70,961.0,0.0,0.0
71,848.0,0.0,0.0
72,993.0,0.0,0.0
73,911.0,0.0,0.0
74,995.0,0.0,0.0
75,911.0,0.0,0.0
76,1004.0,-0.0,0.0
77,957.0,-0.0,0.0
78,1004.0,-0.0,0.0
79,957.0,-0.0,0.0
80,1015.0,-0.0,0.0
81,973.0,-0.0,0.0
82,1018.0,0.0,0.0
83,989.0,0.0,0.0
84,1096.0,-0.032,0.6
85,1082.0,-0.0,0.0
86,1122.0,-0.0,0.0
87,1084.0,-0.026,0.4
88,1145.0,-0.0,0.0
89,1110.0,-0.0,0.0
90,1169.0,0.14,11.5
91,1136.0,0.0,0.0
92,1171.0,-0.0,0.0
93,1142.0,-0.147,12.3
94,1203.0,-0.0,0.0
95,1168.0,-0.0,0.0
96,1214.0,0.0,0.0
97,1189.0,0.0,0.0
98,1236.0,0.0,0.0
99,1208.0,0.0,0.0
100,1249.0,0.0,0.0
101,1222.0,0.0,0.0
102,1265.0,-0.077,3.8
103,1247.0,-0.017,0.2
104,1267.0,-0.0,0.0
105,1262.0,-0.0,0.0
106,1365.0,0.173,20.5
107,1295.0,0.0,0.0
108,1371.0,-0.0,0.0
109,1300.0,-0.0,0.0
110,1374.0,-0.0,0.0
111,1352.0,-0.161,17.5
112,1425.0,0.246,43.0
113,1408.0,0.233,38.1
114,1449.0,0.0,0.0
115,1418.0,0.0,0.0
116,1452.0,0.0,0.0
117,1433.0,0.0,0.0
118,1464.0,0.0,0.0
119,1438.0,0.0,0.0
120,1466.0,-0.0,0.0
121,1448.0,-0.0,0.0
122,1517.0,0.0,0.0
123,1500.0,0.0,0.0
124,1521.0,0.0,0.0
125,1503.0,0.0,0.0
126,1561.0,0.075,4.3
127,1530.0,0.0,0.0
128,1582.0,-0.0,0.0
129,1534.0,-0.093,6.6
130,1587.0,-0.0,0.0
131,1567.0,-0.0,0.0
132,1593.0,-0.0,0.0
133,1575.0,-0.0,0.0
134,1659.0,-0.095,7.6
135,1611.0,-0.128,13.2
136,3183.0,0.0,0.0
137,3160.0,0.0,0.0
138,3183.0,0.0,0.0
139,3161.0,0.018,0.5
140,3184.0,0.013,0.3
141,3162.0,0.0,0.0
142,3185.0,-0.0,0.0
143,3163.0,-0.0,0.0
144,3188.0,0.0,0.0
145,3171.0,0.0,0.0
146,3189.0,-0.0,0.0
147,3171.0,-0.0,0.0
148,3197.0,-0.0,0.0
149,3178.0,-0.0,0.0
150,3197.0,-0.003,0.0
151,3179.0,-0.0,0.0
152,3208.0,0.0,0.0
153,3185.0,0.0,0.0
154,3208.0,-0.019,0.6
155,3186.0,-0.013,0.3
