,Frequencies,Displacement,Reorg Energy
0,-390.0,-0.0,-0.0
1,-0.0,-0.0,-0.0
2,-0.0,0.0,-0.0
3,-0.0,0.0,-0.0
4,-0.0,0.0,-0.0
5,-0.0,0.0,-0.0
6,0.0,0.0,0.0
7,0.0,0.0,0.0
8,0.0,0.0,0.0
9,0.0,0.0,0.0
10,0.0,0.0,0.0
11,0.0,0.0,0.0
12,0.0,0.0,0.0
13,53.0,0.002,0.0
14,47.0,-0.003,0.0
15,98.0,-0.006,0.0
16,93.0,0.005,0.0
17,149.0,0.0,0.0
18,204.0,0.0,0.0
19,251.0,0.0,0.0
20,232.0,-0.0,0.0
21,315.0,-0.231,8.4
22,274.0,0.006,0.0
23,429.0,0.033,0.2
24,297.0,0.002,0.0
25,437.0,0.0,0.0
26,297.0,-0.209,6.5
27,440.0,-0.008,0.0
28,425.0,0.024,0.1
29,584.0,0.002,0.0
30,443.0,0.0,0.0
31,584.0,0.0,0.0
32,446.0,0.0,0.0
33,615.0,0.599,110.5
34,497.0,-0.004,0.0
35,653.0,-0.0,0.0
36,513.0,-0.0,0.0
37,723.0,-0.004,0.0
38,549.0,-0.003,0.0
39,725.0,-0.0,0.0
40,587.0,-0.591,102.5
41,726.0,-0.0,0.0
42,593.0,0.001,0.0
43,776.0,0.37,53.1
44,613.0,0.0,0.0
45,788.0,0.001,0.0
46,688.0,-0.003,0.0
47,798.0,-0.0,0.0
48,705.0,0.0,0.0
49,851.0,0.0,0.0
50,712.0,0.0,0.0
51,914.0,0.007,0.0
52,721.0,-0.304,33.2
53,916.0,-0.0,0.0
54,838.0,-0.0,0.0
55,924.0,-0.0,0.0
56,885.0,0.674,200.7
57,927.0,0.401,74.7
58,940.0,-0.096,4.3
59,946.0,-0.52,127.7
60,1034.0,0.0,0.0
61,1036.0,0.0,0.0
62,1036.0,0.0,0.0
63,1127.0,0.437,107.8
64,1099.0,-0.438,105.4
65,1128.0,-0.0,0.0
66,1126.0,0.0,0.0
67,1199.0,0.0,0.0
68,1205.0,-0.235,33.3
69,1236.0,-0.253,39.7
70,1277.0,0.102,6.7
71,1293.0,0.164,17.5
72,1278.0,0.002,0.0
73,1309.0,0.0,0.0
74,1286.0,-0.0,0.0
75,1374.0,-0.479,157.3
76,1336.0,-0.0,0.0
77,1378.0,-0.0,0.0
78,1395.0,-0.294,60.3
79,1518.0,-0.382,110.7
80,1429.0,0.593,251.4
81,1550.0,0.0,0.0
82,1573.0,0.288,65.1
83,1581.0,0.411,133.5
84,3226.0,-0.0,0.0
85,3226.0,-0.0,0.0
86,3227.0,-0.0,0.0
87,3226.0,-0.006,0.1
88,3253.0,-0.0,0.0
89,3248.0,-0.009,0.1
90,3265.0,-0.051,4.2
91,3250.0,-0.0,0.0
92,3266.0,-0.0,0.0
93,3252.0,-0.0,0.0
