,Frequencies,Displacement,Reorg Energy
0,-0.0,-0.0,-0.0
1,-0.0,-0.0,-0.0
2,-0.0,-0.0,-0.0
3,-0.0,-0.0,-0.0
4,-0.0,0.0,-0.0
5,-0.0,0.0,-0.0
6,-0.0,0.0,-0.0
7,-0.0,0.0,-0.0
8,0.0,-0.0,0.0
9,0.0,-0.0,0.0
10,0.0,-0.0,0.0
11,0.0,-0.0,0.0
12,27.0,-0.0,0.0
13,104.0,-0.0,0.0
14,115.0,0.0,0.0
15,138.0,0.0,0.0
16,199.0,-0.309,9.5
17,209.0,-0.31,10.0
18,202.0,-0.0,0.0
19,253.0,-0.0,0.0
20,215.0,0.0,0.0
21,291.0,0.0,0.0
22,339.0,-0.0,0.0
23,424.0,-0.0,0.0
24,405.0,0.0,0.0
25,438.0,0.0,0.0
26,435.0,-0.0,0.0
27,463.0,-0.248,14.2
28,445.0,-0.204,9.3
29,473.0,-0.0,0.0
30,498.0,-0.0,0.0
31,568.0,-0.0,0.0
32,534.0,-0.0,0.0
33,572.0,-0.0,0.0
34,565.0,-0.68,130.5
35,596.0,-0.706,148.2
36,611.0,0.0,0.0
37,649.0,0.0,0.0
38,621.0,0.0,0.0
39,654.0,0.0,0.0
40,624.0,-0.0,0.0
41,703.0,-0.161,9.1
42,632.0,0.0,0.0
43,762.0,0.0,0.0
44,673.0,0.246,20.4
45,765.0,0.0,0.0
46,759.0,0.0,0.0
47,793.0,0.0,0.0
48,791.0,0.645,164.6
49,824.0,0.646,172.1
50,861.0,0.0,0.0
51,901.0,0.0,0.0
52,867.0,0.0,0.0
53,919.0,0.0,0.0
54,909.0,-0.0,0.0
55,940.0,-0.0,0.0
56,936.0,0.083,3.2
57,956.0,0.0,0.0
58,961.0,0.0,0.0
59,977.0,0.107,5.6
60,966.0,-0.0,0.0
61,1001.0,-0.0,0.0
62,1077.0,-0.056,1.7
63,1097.0,-0.0,0.0
64,1088.0,0.0,0.0
65,1097.0,0.061,2.0
66,1117.0,0.0,0.0
67,1169.0,0.0,0.0
68,1199.0,-0.0,0.0
69,1206.0,-0.0,0.0
70,1212.0,-0.0,0.0
71,1251.0,-0.232,33.8
72,1226.0,0.216,28.6
73,1277.0,0.0,0.0
74,1302.0,-0.098,6.3
75,1319.0,-0.087,5.0
76,1310.0,-0.0,0.0
77,1330.0,-0.0,0.0
78,1397.0,-0.205,29.3
79,1406.0,-0.0,0.0
80,1403.0,-0.0,0.0
81,1419.0,-0.265,49.7
82,1456.0,-0.11,8.8
83,1452.0,-0.026,0.5
84,1492.0,-0.0,0.0
85,1490.0,-0.288,61.9
86,1497.0,0.06,2.7
87,1497.0,0.0,0.0
88,1549.0,0.313,75.7
89,1525.0,0.216,35.6
90,2829.0,0.0,0.0
91,3042.0,0.122,22.7
92,2866.0,-0.101,14.6
93,3072.0,-0.0,0.0
94,3193.0,0.0,0.0
95,3220.0,0.001,0.0
96,3194.0,0.019,0.6
97,3220.0,0.03,1.5
98,3239.0,-0.001,0.0
99,3237.0,-0.0,0.0
