,Frequencies,Displacement,Reorg Energy
0,-0.0,0.0,-0.0
1,-0.0,0.0,-0.0
2,-0.0,0.0,-0.0
3,-0.0,0.0,-0.0
4,-0.0,0.0,-0.0
5,0.0,0.0,0.0
6,0.0,0.0,0.0
7,0.0,0.0,0.0
8,0.0,0.0,0.0
9,0.0,0.0,0.0
10,0.0,-0.0,0.0
11,0.0,-0.0,0.0
12,9.0,0.097,0.0
13,11.0,0.185,0.2
14,13.0,4.19,109.9
15,14.0,4.25,130.0
16,17.0,-1.081,9.8
17,21.0,-2.607,71.8
18,30.0,2.172,70.5
19,27.0,1.535,31.7
20,49.0,-0.605,9.0
21,46.0,-1.53,53.8
22,52.0,-1.7,75.2
23,51.0,-0.748,14.3
24,56.0,-3.334,308.7
25,65.0,-1.859,112.1
26,69.0,1.47,74.2
27,70.0,2.549,226.2
28,95.0,0.771,28.4
29,88.0,1.875,154.9
30,98.0,-0.178,1.6
31,103.0,-0.096,0.5
32,105.0,-0.676,24.0
33,105.0,-0.847,37.7
34,108.0,-1.499,121.5
35,111.0,-0.004,0.0
36,117.0,0.556,18.0
37,117.0,2.421,342.0
38,121.0,-0.624,23.6
39,128.0,-0.29,5.4
40,145.0,0.054,0.2
41,141.0,0.126,1.1
42,152.0,0.153,1.8
43,153.0,0.33,8.3
44,165.0,0.175,2.5
45,159.0,0.088,0.6
46,180.0,-0.066,0.4
47,187.0,-0.232,5.0
48,209.0,-0.28,8.2
49,195.0,-0.034,0.1
50,212.0,-0.173,3.2
51,211.0,-0.12,1.5
52,222.0,-0.273,8.3
53,221.0,-0.095,1.0
54,226.0,0.168,3.2
55,227.0,0.173,3.4
56,245.0,0.081,0.8
57,233.0,0.105,1.3
58,252.0,0.326,13.4
59,248.0,0.005,0.0
60,253.0,0.14,2.5
61,249.0,0.221,6.1
62,254.0,0.16,3.2
63,252.0,0.023,0.1
64,264.0,0.189,4.7
65,265.0,0.378,19.0
66,278.0,0.075,0.8
67,277.0,0.061,0.5
68,290.0,0.062,0.6
69,286.0,0.024,0.1
70,296.0,-0.13,2.5
71,293.0,-0.04,0.2
72,299.0,0.089,1.2
73,297.0,0.17,4.3
74,322.0,-0.137,3.0
75,306.0,-0.071,0.8
76,328.0,0.039,0.3
77,320.0,0.267,11.5
78,339.0,-0.514,44.9
79,334.0,-0.473,37.3
80,361.0,0.039,0.3
81,351.0,0.159,4.4
82,378.0,-0.056,0.6
83,370.0,-0.07,0.9
84,382.0,0.055,0.6
85,380.0,0.204,7.9
86,404.0,-0.01,0.0
87,409.0,-0.025,0.1
88,421.0,-0.033,0.2
89,414.0,-0.025,0.1
90,423.0,0.13,3.6
91,416.0,0.062,0.8
92,426.0,0.06,0.8
93,423.0,0.046,0.4
94,437.0,0.071,1.1
95,428.0,0.094,1.9
96,440.0,-0.131,3.8
97,440.0,-0.058,0.7
98,456.0,0.216,10.7
99,451.0,0.03,0.2
100,460.0,0.041,0.4
101,454.0,0.23,12.0
102,476.0,-0.023,0.1
103,465.0,-0.008,0.0
104,485.0,0.048,0.6
105,482.0,0.019,0.1
106,507.0,0.235,14.0
107,491.0,0.033,0.3
108,509.0,-0.103,2.7
109,502.0,-0.287,20.7
110,516.0,0.08,1.6
111,510.0,0.001,0.0
112,521.0,0.032,0.3
113,516.0,0.043,0.5
114,526.0,0.037,0.4
115,524.0,0.019,0.1
116,527.0,-0.08,1.7
117,527.0,-0.075,1.5
118,560.0,0.189,10.0
119,543.0,0.132,4.7
120,563.0,-0.172,8.3
121,553.0,-0.286,22.6
122,564.0,0.03,0.3
123,559.0,0.059,1.0
124,582.0,-0.062,1.1
125,571.0,-0.075,1.6
126,584.0,0.267,20.8
127,574.0,0.291,24.3
128,593.0,0.138,5.7
129,581.0,0.061,1.1
130,612.0,0.029,0.3
131,611.0,0.217,14.4
132,629.0,-0.111,3.9
133,622.0,-0.282,24.8
134,637.0,0.014,0.1
135,632.0,0.068,1.4
136,643.0,-0.32,33.0
137,638.0,-0.442,62.4
138,661.0,0.168,9.3
139,648.0,0.009,0.0
140,670.0,-0.13,5.6
141,662.0,-0.213,15.0
142,676.0,-0.011,0.0
143,674.0,-0.064,1.4
144,686.0,-0.292,29.2
145,676.0,-0.159,8.6
146,704.0,0.001,0.0
147,678.0,0.146,7.3
148,705.0,-0.084,2.5
149,700.0,-0.039,0.5
150,711.0,0.027,0.3
151,710.0,0.022,0.2
152,731.0,0.012,0.1
153,712.0,0.205,15.0
154,736.0,-0.443,72.3
155,717.0,-0.065,1.5
156,742.0,-0.226,19.0
157,725.0,-0.415,62.5
158,745.0,-0.009,0.0
159,739.0,-0.001,0.0
160,751.0,-0.212,16.9
161,745.0,-0.021,0.2
162,758.0,0.029,0.3
163,748.0,0.025,0.2
164,770.0,-0.071,1.9
165,753.0,-0.057,1.2
166,782.0,-0.063,1.5
167,778.0,-0.026,0.3
168,784.0,0.115,5.2
169,780.0,0.041,0.7
170,797.0,-0.004,0.0
171,783.0,-0.001,0.0
172,822.0,0.017,0.1
173,811.0,0.384,59.7
174,827.0,-0.094,3.7
175,816.0,-0.096,3.8
176,840.0,-0.02,0.2
177,820.0,-0.165,11.1
178,848.0,0.008,0.0
179,821.0,0.043,0.8
180,853.0,-0.032,0.4
181,834.0,-0.022,0.2
182,858.0,-0.023,0.2
183,840.0,-0.019,0.2
184,863.0,0.093,3.7
185,844.0,0.121,6.2
186,866.0,0.062,1.7
187,847.0,0.036,0.5
188,869.0,0.014,0.1
189,859.0,0.078,2.6
190,877.0,0.091,3.7
191,866.0,0.002,0.0
192,886.0,0.043,0.8
193,874.0,0.038,0.6
194,894.0,-0.199,17.7
195,879.0,-0.018,0.1
196,905.0,0.0,0.0
197,880.0,0.249,27.2
198,909.0,0.004,0.0
199,900.0,0.005,0.0
200,915.0,-0.007,0.0
201,904.0,-0.0,0.0
202,916.0,-0.101,4.6
203,913.0,-0.116,6.2
204,934.0,0.003,0.0
205,929.0,0.001,0.0
206,962.0,-0.001,0.0
207,947.0,-0.089,3.8
208,962.0,0.002,0.0
209,961.0,0.002,0.0
210,967.0,0.058,1.6
211,962.0,0.001,0.0
212,987.0,-0.016,0.1
213,979.0,-0.041,0.8
214,992.0,0.042,0.9
215,988.0,0.05,1.2
216,995.0,-0.009,0.0
217,990.0,-0.03,0.5
218,999.0,0.065,2.1
219,996.0,0.017,0.2
220,1002.0,0.039,0.8
221,996.0,0.102,5.2
222,1003.0,0.081,3.3
223,999.0,0.013,0.1
224,1009.0,0.018,0.2
225,1006.0,0.015,0.1
226,1017.0,0.032,0.5
227,1008.0,0.14,9.8
228,1020.0,0.018,0.2
229,1012.0,0.117,7.0
230,1024.0,0.092,4.3
231,1013.0,0.111,6.2
232,1030.0,-0.167,14.3
233,1019.0,-0.017,0.1
234,1037.0,0.001,0.0
235,1035.0,0.0,0.0
236,1037.0,-0.0,0.0
237,1037.0,-0.0,0.0
238,1055.0,0.076,3.0
239,1037.0,0.059,1.8
240,1095.0,0.187,19.1
241,1084.0,0.201,22.0
242,1112.0,-0.039,0.8
243,1104.0,-0.094,4.9
244,1113.0,0.086,4.2
245,1110.0,0.038,0.8
246,1117.0,-0.091,4.7
247,1111.0,-0.018,0.2
248,1133.0,-0.006,0.0
249,1136.0,-0.132,9.9
250,1145.0,0.003,0.0
251,1138.0,0.102,6.0
252,1150.0,0.088,4.4
253,1150.0,0.053,1.6
254,1169.0,0.077,3.4
255,1173.0,0.057,1.9
256,1174.0,0.0,0.0
257,1174.0,0.061,2.2
258,1181.0,0.015,0.1
259,1182.0,0.005,0.0
260,1188.0,0.001,0.0
261,1187.0,0.006,0.0
262,1189.0,-0.002,0.0
263,1188.0,-0.006,0.0
264,1189.0,0.016,0.2
265,1193.0,0.021,0.3
266,1213.0,-0.012,0.1
267,1195.0,-0.015,0.1
268,1220.0,-0.247,37.2
269,1213.0,-0.008,0.0
270,1227.0,-0.09,4.9
271,1219.0,-0.22,29.4
272,1234.0,-0.185,21.1
273,1225.0,-0.106,6.9
274,1252.0,-0.002,0.0
275,1238.0,-0.111,7.6
276,1257.0,0.011,0.1
277,1252.0,0.108,7.3
278,1260.0,0.129,10.5
279,1253.0,0.037,0.9
280,1265.0,0.166,17.4
281,1259.0,0.274,47.3
282,1269.0,-0.036,0.8
283,1264.0,-0.123,9.6
284,1274.0,-0.072,3.3
285,1271.0,-0.034,0.7
286,1278.0,0.044,1.3
287,1279.0,0.005,0.0
288,1281.0,0.075,3.6
289,1287.0,0.034,0.7
290,1292.0,-0.031,0.6
291,1300.0,-0.041,1.1
292,1306.0,0.102,6.8
293,1304.0,0.067,2.9
294,1316.0,-0.138,12.5
295,1319.0,-0.082,4.4
296,1328.0,-0.026,0.4
297,1339.0,-0.041,1.1
298,1341.0,-0.031,0.7
299,1344.0,-0.007,0.0
300,1363.0,-0.037,0.9
301,1363.0,-0.183,22.9
302,1374.0,-0.073,3.7
303,1379.0,-0.067,3.1
304,1386.0,-0.32,70.8
305,1385.0,-0.052,1.9
306,1403.0,-0.0,0.0
307,1402.0,-0.455,144.9
308,1403.0,0.001,0.0
309,1403.0,0.002,0.0
310,1405.0,0.002,0.0
311,1404.0,0.003,0.0
312,1419.0,-0.058,2.4
313,1406.0,-0.255,45.7
314,1423.0,0.05,1.8
315,1415.0,0.328,75.9
316,1432.0,0.012,0.1
317,1424.0,0.002,0.0
318,1433.0,0.017,0.2
319,1426.0,0.034,0.8
320,1442.0,-0.271,52.8
321,1430.0,-0.205,30.1
322,1448.0,0.089,5.7
323,1448.0,0.055,2.2
324,1459.0,-0.138,13.9
325,1455.0,-0.422,129.8
326,1465.0,0.077,4.3
327,1460.0,0.048,1.6
328,1476.0,-0.158,18.5
329,1473.0,-0.205,31.0
330,1482.0,0.03,0.7
331,1480.0,0.275,56.0
332,1485.0,-0.001,0.0
333,1485.0,-0.001,0.0
334,1485.0,0.002,0.0
335,1485.0,0.002,0.0
336,1491.0,0.003,0.0
337,1488.0,0.001,0.0
338,1491.0,-0.0,0.0
339,1490.0,-0.001,0.0
340,1498.0,-0.598,268.0
341,1491.0,-0.131,12.9
342,1506.0,0.006,0.0
343,1504.0,0.054,2.2
344,1507.0,-0.084,5.3
345,1505.0,-0.124,11.5
346,1508.0,0.137,14.2
347,1506.0,0.056,2.3
348,1514.0,-0.085,5.5
349,1511.0,-0.056,2.4
350,1517.0,0.476,171.7
351,1513.0,0.023,0.4
352,1523.0,0.436,144.8
353,1531.0,0.311,74.2
354,1538.0,0.492,185.8
355,1535.0,0.032,0.8
356,1554.0,0.337,88.3
357,1546.0,0.098,7.5
358,1559.0,-0.374,109.2
359,1547.0,-0.06,2.8
360,1579.0,-0.058,2.7
361,1551.0,-0.58,261.0
362,1591.0,0.121,11.6
363,1556.0,0.103,8.2
364,1608.0,0.15,18.1
365,1565.0,0.176,24.4
366,1615.0,0.076,4.7
367,1580.0,0.532,223.5
368,1632.0,-0.065,3.5
369,1591.0,-0.216,37.1
370,1635.0,0.117,11.2
371,1603.0,0.096,7.4
372,1663.0,-0.019,0.3
373,1628.0,-0.133,14.3
374,1675.0,0.058,2.8
375,1655.0,0.032,0.9
376,1689.0,0.181,27.8
377,1670.0,0.188,29.6
378,1691.0,0.511,220.5
379,1678.0,0.39,127.5
380,1695.0,-0.405,139.2
381,1681.0,-0.608,310.6
382,1721.0,-0.088,6.6
383,1701.0,-0.248,52.5
384,3039.0,-0.0,0.0
385,3039.0,-0.0,0.0
386,3039.0,-0.0,0.0
387,3039.0,-0.0,0.0
388,3042.0,0.001,0.0
389,3042.0,0.001,0.0
390,3042.0,0.001,0.0
391,3042.0,0.0,0.0
392,3114.0,0.0,0.0
393,3115.0,0.0,0.0
394,3114.0,-0.0,0.0
395,3115.0,-0.0,0.0
396,3118.0,0.0,0.0
397,3119.0,0.003,0.0
398,3118.0,-0.002,0.0
399,3119.0,-0.001,0.0
400,3130.0,0.0,0.0
401,3131.0,0.0,0.0
402,3130.0,0.0,0.0
403,3132.0,0.0,0.0
404,3132.0,-0.0,0.0
405,3133.0,-0.001,0.0
406,3133.0,0.003,0.0
407,3134.0,0.003,0.0
408,3181.0,-0.001,0.0
409,3180.0,-0.001,0.0
410,3183.0,0.001,0.0
411,3182.0,0.001,0.0
412,3185.0,-0.004,0.0
413,3184.0,-0.0,0.0
414,3185.0,-0.004,0.0
415,3187.0,-0.001,0.0
416,3186.0,0.012,0.2
417,3187.0,0.005,0.0
418,3187.0,0.0,0.0
419,3189.0,0.005,0.0
420,3189.0,-0.004,0.0
421,3190.0,-0.01,0.2
422,3190.0,-0.001,0.0
423,3191.0,-0.001,0.0
424,3191.0,0.0,0.0
425,3191.0,0.012,0.2
426,3201.0,0.001,0.0
427,3200.0,0.001,0.0
428,3203.0,0.002,0.0
429,3205.0,0.005,0.0
430,3205.0,-0.006,0.1
431,3207.0,-0.001,0.0
432,3208.0,-0.013,0.3
433,3209.0,-0.0,0.0
434,3210.0,-0.0,0.0
435,3213.0,-0.006,0.1
436,3219.0,-0.001,0.0
437,3224.0,-0.0,0.0
438,3221.0,0.021,0.7
439,3230.0,0.002,0.0
440,3224.0,0.001,0.0
441,3236.0,0.018,0.5
