,Frequencies,Displacement,Reorg Energy
0,-0.0,0.0,-0.0
1,-0.0,0.0,-0.0
2,-0.0,0.0,-0.0
3,0.0,0.0,0.0
4,-0.0,0.0,-0.0
5,0.0,0.0,0.0
6,0.0,0.0,0.0
7,0.0,0.0,0.0
8,0.0,0.0,0.0
9,0.0,0.0,0.0
10,0.0,-0.0,0.0
11,0.0,-0.0,0.0
12,9.0,0.075,0.0
13,10.0,0.038,0.0
14,13.0,4.192,110.0
15,15.0,4.17,126.7
16,17.0,-1.094,10.1
17,21.0,-2.769,81.2
18,30.0,2.177,70.8
19,27.0,1.676,38.1
20,49.0,-0.607,9.0
21,46.0,-1.751,70.7
22,52.0,-1.698,75.1
23,51.0,-0.709,12.7
24,56.0,-3.34,309.9
25,65.0,-2.087,140.5
26,69.0,1.471,74.3
27,69.0,2.356,191.5
28,95.0,0.768,28.1
29,88.0,1.843,149.2
30,98.0,-0.179,1.6
31,103.0,-0.115,0.7
32,105.0,-0.678,24.1
33,105.0,-0.862,39.1
34,108.0,-1.496,120.9
35,111.0,-0.024,0.0
36,117.0,0.556,18.0
37,116.0,2.323,313.9
38,121.0,-0.623,23.6
39,128.0,-0.336,7.2
40,145.0,0.054,0.2
41,141.0,0.104,0.8
42,152.0,0.154,1.8
43,153.0,0.364,10.1
44,165.0,0.174,2.5
45,159.0,0.097,0.8
46,180.0,-0.068,0.4
47,187.0,-0.229,4.9
48,209.0,-0.278,8.1
49,195.0,-0.018,0.0
50,212.0,-0.172,3.2
51,211.0,-0.123,1.6
52,222.0,-0.272,8.2
53,221.0,-0.1,1.1
54,226.0,0.168,3.2
55,227.0,0.16,2.9
56,245.0,0.08,0.8
57,233.0,0.142,2.4
58,252.0,0.325,13.3
59,248.0,0.006,0.0
60,253.0,0.139,2.4
61,249.0,0.202,5.1
62,254.0,0.16,3.2
63,252.0,0.019,0.0
64,264.0,0.19,4.7
65,265.0,0.368,17.9
66,278.0,0.074,0.8
67,276.0,0.074,0.8
68,290.0,0.062,0.6
69,286.0,0.037,0.2
70,296.0,-0.129,2.5
71,293.0,-0.03,0.1
72,299.0,0.089,1.2
73,297.0,0.169,4.2
74,322.0,-0.137,3.0
75,306.0,-0.076,0.9
76,328.0,0.039,0.2
77,320.0,0.272,11.8
78,339.0,-0.515,44.9
79,334.0,-0.48,38.5
80,361.0,0.039,0.3
81,351.0,0.161,4.5
82,378.0,-0.055,0.6
83,370.0,-0.066,0.8
84,382.0,0.055,0.6
85,380.0,0.212,8.5
86,404.0,-0.011,0.0
87,409.0,-0.02,0.1
88,421.0,-0.032,0.2
89,414.0,-0.019,0.1
90,423.0,0.129,3.5
91,415.0,0.042,0.4
92,426.0,0.059,0.7
93,423.0,0.063,0.9
94,437.0,0.071,1.1
95,428.0,0.101,2.2
96,440.0,-0.132,3.8
97,440.0,-0.062,0.8
98,456.0,0.217,10.7
99,451.0,0.017,0.1
100,460.0,0.04,0.4
101,454.0,0.214,10.4
102,476.0,-0.024,0.1
103,465.0,-0.018,0.1
104,485.0,0.048,0.6
105,481.0,0.029,0.2
106,507.0,0.235,14.0
107,491.0,0.031,0.2
108,509.0,-0.104,2.7
109,502.0,-0.286,20.4
110,516.0,0.08,1.7
111,510.0,0.003,0.0
112,521.0,0.032,0.3
113,516.0,0.048,0.6
114,526.0,0.037,0.4
115,524.0,0.017,0.1
116,527.0,-0.08,1.7
117,527.0,-0.071,1.3
118,560.0,0.189,10.0
119,543.0,0.124,4.2
120,563.0,-0.172,8.3
121,553.0,-0.294,23.9
122,564.0,0.03,0.3
123,559.0,0.063,1.1
124,582.0,-0.063,1.1
125,570.0,-0.051,0.8
126,584.0,0.267,20.8
127,574.0,0.3,25.9
128,593.0,0.138,5.6
129,581.0,0.064,1.2
130,612.0,0.029,0.3
131,611.0,0.212,13.8
132,629.0,-0.111,3.9
133,622.0,-0.28,24.3
134,637.0,0.014,0.1
135,632.0,0.069,1.5
136,643.0,-0.32,33.0
137,638.0,-0.441,62.1
138,661.0,0.168,9.3
139,648.0,0.009,0.0
140,670.0,-0.13,5.6
141,662.0,-0.206,14.0
142,676.0,-0.011,0.0
143,674.0,-0.06,1.2
144,686.0,-0.291,29.1
145,675.0,-0.159,8.5
146,704.0,0.001,0.0
147,678.0,0.149,7.5
148,705.0,-0.084,2.5
149,700.0,-0.043,0.6
150,711.0,0.027,0.3
151,710.0,0.023,0.2
152,731.0,0.012,0.1
153,712.0,0.199,14.0
154,736.0,-0.443,72.2
155,717.0,-0.067,1.6
156,742.0,-0.226,19.0
157,725.0,-0.414,62.1
158,745.0,-0.009,0.0
159,739.0,-0.006,0.0
160,751.0,-0.212,16.8
161,745.0,-0.025,0.2
162,758.0,0.029,0.3
163,748.0,0.028,0.3
164,770.0,-0.072,2.0
165,752.0,-0.078,2.3
166,782.0,-0.063,1.5
167,778.0,-0.024,0.2
168,784.0,0.116,5.2
169,780.0,0.029,0.3
170,797.0,-0.004,0.0
171,783.0,-0.0,0.0
172,822.0,0.016,0.1
173,810.0,0.392,62.3
174,827.0,-0.094,3.7
175,816.0,-0.105,4.5
176,840.0,-0.021,0.2
177,820.0,-0.156,10.0
178,848.0,0.008,0.0
179,821.0,0.071,2.0
180,853.0,-0.032,0.4
181,833.0,-0.017,0.1
182,858.0,-0.024,0.2
183,840.0,-0.02,0.2
184,863.0,0.093,3.7
185,844.0,0.122,6.3
186,866.0,0.062,1.7
187,847.0,0.035,0.5
188,869.0,0.014,0.1
189,859.0,0.08,2.7
190,877.0,0.091,3.6
191,866.0,0.002,0.0
192,886.0,0.043,0.8
193,874.0,0.041,0.7
194,894.0,-0.199,17.8
195,879.0,-0.023,0.2
196,905.0,0.0,0.0
197,880.0,0.249,27.3
198,909.0,0.003,0.0
199,900.0,0.005,0.0
200,915.0,-0.007,0.0
201,904.0,-0.0,0.0
202,916.0,-0.101,4.6
203,913.0,-0.117,6.3
204,934.0,0.003,0.0
205,928.0,0.001,0.0
206,962.0,-0.001,0.0
207,947.0,-0.089,3.7
208,962.0,0.002,0.0
209,961.0,0.003,0.0
210,967.0,0.057,1.6
211,962.0,0.001,0.0
212,987.0,-0.016,0.1
213,978.0,-0.045,1.0
214,992.0,0.043,0.9
215,986.0,0.044,1.0
216,995.0,-0.009,0.0
217,989.0,-0.008,0.0
218,999.0,0.065,2.1
219,996.0,0.019,0.2
220,1002.0,0.038,0.7
221,996.0,0.104,5.3
222,1003.0,0.081,3.3
223,999.0,0.011,0.1
224,1009.0,0.018,0.2
225,1006.0,0.017,0.1
226,1017.0,0.032,0.5
227,1008.0,0.142,10.2
228,1020.0,0.018,0.2
229,1012.0,0.12,7.3
230,1024.0,0.092,4.3
231,1013.0,0.109,6.0
232,1030.0,-0.166,14.3
233,1017.0,-0.002,0.0
234,1037.0,0.001,0.0
235,1035.0,0.001,0.0
236,1037.0,-0.0,0.0
237,1037.0,-0.0,0.0
238,1055.0,0.076,3.0
239,1037.0,0.055,1.6
240,1095.0,0.187,19.1
241,1084.0,0.2,21.7
242,1112.0,-0.038,0.8
243,1104.0,-0.094,4.9
244,1113.0,0.086,4.2
245,1110.0,0.036,0.7
246,1117.0,-0.092,4.7
247,1111.0,-0.02,0.2
248,1133.0,-0.006,0.0
249,1136.0,-0.15,12.8
250,1145.0,0.003,0.0
251,1137.0,0.091,4.7
252,1150.0,0.088,4.4
253,1150.0,0.055,1.8
254,1169.0,0.077,3.5
255,1173.0,0.056,1.8
256,1174.0,-0.0,0.0
257,1174.0,-0.063,2.3
258,1181.0,0.014,0.1
259,1181.0,0.013,0.1
260,1188.0,0.001,0.0
261,1187.0,0.005,0.0
262,1189.0,-0.002,0.0
263,1188.0,-0.005,0.0
264,1189.0,0.017,0.2
265,1191.0,0.024,0.3
266,1213.0,-0.012,0.1
267,1194.0,-0.008,0.0
268,1220.0,-0.248,37.4
269,1213.0,-0.011,0.1
270,1227.0,-0.09,5.0
271,1219.0,-0.219,29.3
272,1234.0,-0.185,21.2
273,1225.0,-0.118,8.5
274,1252.0,-0.003,0.0
275,1238.0,-0.114,8.0
276,1257.0,0.011,0.1
277,1251.0,0.107,7.1
278,1260.0,0.129,10.5
279,1253.0,0.042,1.1
280,1265.0,0.166,17.4
281,1259.0,0.278,48.5
282,1269.0,-0.036,0.8
283,1264.0,-0.123,9.6
284,1274.0,-0.072,3.3
285,1271.0,-0.037,0.9
286,1278.0,0.044,1.3
287,1278.0,0.007,0.0
288,1281.0,0.076,3.7
289,1287.0,0.032,0.7
290,1292.0,-0.031,0.6
291,1300.0,-0.045,1.3
292,1306.0,0.102,6.8
293,1304.0,0.068,3.0
294,1316.0,-0.138,12.6
295,1319.0,-0.079,4.1
296,1328.0,-0.026,0.4
297,1339.0,-0.038,1.0
298,1341.0,-0.031,0.6
299,1344.0,-0.012,0.1
300,1363.0,-0.037,0.9
301,1363.0,-0.185,23.3
302,1374.0,-0.073,3.7
303,1379.0,-0.062,2.6
304,1386.0,-0.32,70.9
305,1384.0,-0.059,2.4
306,1403.0,-0.0,0.0
307,1402.0,-0.458,146.8
308,1403.0,0.001,0.0
309,1403.0,0.003,0.0
310,1405.0,0.002,0.0
311,1404.0,0.002,0.0
312,1419.0,-0.058,2.4
313,1406.0,-0.261,47.9
314,1423.0,0.051,1.8
315,1415.0,0.327,75.8
316,1432.0,0.012,0.1
317,1423.0,0.003,0.0
318,1433.0,0.017,0.2
319,1426.0,0.035,0.9
320,1442.0,-0.271,52.9
321,1430.0,-0.207,30.8
322,1448.0,0.089,5.7
323,1447.0,0.051,1.9
324,1459.0,-0.138,13.9
325,1455.0,-0.424,130.6
326,1465.0,0.077,4.3
327,1460.0,0.042,1.3
328,1476.0,-0.158,18.5
329,1473.0,-0.195,28.1
330,1482.0,0.03,0.7
331,1480.0,0.277,56.9
332,1485.0,-0.001,0.0
333,1485.0,-0.001,0.0
334,1485.0,0.001,0.0
335,1485.0,0.002,0.0
336,1491.0,0.003,0.0
337,1488.0,0.001,0.0
338,1491.0,-0.0,0.0
339,1490.0,-0.002,0.0
340,1498.0,-0.598,268.1
341,1490.0,-0.132,12.9
342,1506.0,0.006,0.0
343,1504.0,0.055,2.3
344,1507.0,-0.084,5.3
345,1505.0,-0.123,11.4
346,1508.0,0.137,14.2
347,1506.0,0.057,2.4
348,1514.0,-0.085,5.5
349,1511.0,-0.057,2.4
350,1517.0,0.476,171.7
351,1513.0,0.019,0.3
352,1523.0,0.436,144.9
353,1531.0,0.311,73.9
354,1538.0,0.492,185.7
355,1535.0,0.03,0.7
356,1554.0,0.337,88.2
357,1546.0,0.12,11.2
358,1559.0,-0.374,109.1
359,1547.0,-0.05,2.0
360,1579.0,-0.058,2.7
361,1551.0,-0.58,260.8
362,1591.0,0.121,11.6
363,1556.0,0.115,10.2
364,1608.0,0.15,18.1
365,1565.0,0.179,25.0
366,1615.0,0.076,4.6
367,1580.0,0.535,226.4
368,1632.0,-0.065,3.5
369,1591.0,-0.219,38.2
370,1635.0,0.117,11.1
371,1603.0,0.1,8.0
372,1663.0,-0.019,0.3
373,1627.0,-0.133,14.3
374,1675.0,0.058,2.8
375,1655.0,0.033,0.9
376,1689.0,0.181,27.8
377,1670.0,0.188,29.4
378,1691.0,0.511,221.0
379,1677.0,0.384,123.7
380,1695.0,-0.405,139.1
381,1681.0,-0.613,315.6
382,1721.0,-0.088,6.7
383,1701.0,-0.249,52.6
384,3039.0,-0.0,0.0
385,3039.0,-0.001,0.0
386,3039.0,-0.0,0.0
387,3039.0,-0.0,0.0
388,3042.0,0.001,0.0
389,3042.0,0.001,0.0
390,3042.0,0.001,0.0
391,3042.0,0.0,0.0
392,3114.0,0.0,0.0
393,3115.0,0.0,0.0
394,3114.0,-0.0,0.0
395,3115.0,-0.0,0.0
396,3118.0,0.0,0.0
397,3119.0,0.003,0.0
398,3118.0,-0.002,0.0
399,3119.0,-0.001,0.0
400,3130.0,0.0,0.0
401,3131.0,0.0,0.0
402,3130.0,0.0,0.0
403,3132.0,0.0,0.0
404,3132.0,-0.0,0.0
405,3133.0,-0.001,0.0
406,3133.0,0.003,0.0
407,3134.0,0.003,0.0
408,3181.0,-0.001,0.0
409,3180.0,-0.001,0.0
410,3183.0,0.001,0.0
411,3182.0,0.001,0.0
412,3185.0,-0.004,0.0
413,3184.0,-0.0,0.0
414,3185.0,-0.004,0.0
415,3187.0,-0.001,0.0
416,3186.0,0.012,0.2
417,3187.0,0.005,0.0
418,3187.0,0.0,0.0
419,3189.0,0.003,0.0
420,3189.0,-0.004,0.0
421,3190.0,-0.011,0.2
422,3190.0,-0.001,0.0
423,3191.0,-0.001,0.0
424,3191.0,0.0,0.0
425,3191.0,0.012,0.2
426,3201.0,0.001,0.0
427,3200.0,0.001,0.0
428,3203.0,0.002,0.0
429,3205.0,0.005,0.0
430,3205.0,-0.006,0.1
431,3207.0,-0.004,0.0
432,3208.0,-0.013,0.3
433,3209.0,-0.0,0.0
434,3210.0,-0.0,0.0
435,3213.0,-0.006,0.1
436,3219.0,-0.001,0.0
437,3224.0,-0.0,0.0
438,3221.0,0.021,0.7
439,3230.0,0.001,0.0
440,3224.0,0.0,0.0
441,3236.0,0.018,0.5
