2
   1SingA2  1.00049  0.15139  0.34885  0.34885  0.15139
   2SingB1  1.00044  0.13196  0.36826  0.36826  0.13196
   3SingB1  1.00102  0.36874  0.13177  0.13177  0.36874
   4SingA2  1.00089  0.34926  0.15118  0.15118  0.34926
   5SingB2  1.00119  0.02185  0.47875  0.47875  0.02185
   6SingA1  1.00005  0.00460  0.49542  0.49542  0.00460
   7SingA2  1.00032  0.13209  0.36807  0.36807  0.13209
   8SingB1  1.00030  0.08698  0.41317  0.41317  0.08698
   9SingB2  1.00031  0.07478  0.42537  0.42537  0.07478
  10SingA1  1.00027  0.06130  0.43883  0.43883  0.06130
