,Frequencies,Displacement,Reorg Energy
0,-0.0,0.0,-0.0
1,-0.0,0.0,-0.0
2,-0.0,-0.0,-0.0
3,-0.0,-0.0,-0.0
4,-0.0,0.0,-0.0
5,0.0,0.0,0.0
6,0.0,0.0,0.0
7,0.0,0.0,0.0
8,0.0,0.0,0.0
9,0.0,0.0,0.0
10,0.0,0.0,0.0
11,0.0,0.0,0.0
12,18.0,-0.585,3.0
13,16.0,-0.034,0.0
14,19.0,-0.058,0.0
15,18.0,-0.451,1.8
16,27.0,-0.03,0.0
17,20.0,-0.074,0.1
18,46.0,0.003,0.0
19,49.0,0.017,0.0
20,88.0,-0.149,1.0
21,88.0,-0.146,0.9
22,98.0,-0.005,0.0
23,91.0,-0.005,0.0
24,116.0,-0.001,0.0
25,120.0,-0.013,0.0
26,142.0,0.006,0.0
27,145.0,0.008,0.0
28,162.0,0.752,45.9
29,160.0,0.758,45.8
30,166.0,0.007,0.0
31,170.0,0.017,0.0
32,211.0,0.005,0.0
33,201.0,0.0,0.0
34,215.0,0.001,0.0
35,217.0,0.139,2.1
36,218.0,-0.161,2.8
37,218.0,-0.01,0.0
38,244.0,-0.0,0.0
39,242.0,-0.002,0.0
40,267.0,0.001,0.0
41,257.0,0.003,0.0
42,279.0,-0.007,0.0
43,270.0,-0.003,0.0
44,318.0,-0.008,0.0
45,329.0,-0.011,0.0
46,334.0,-0.298,14.8
47,334.0,-0.314,16.5
48,399.0,-0.333,22.2
49,396.0,-0.326,21.1
50,404.0,-0.003,0.0
51,398.0,-0.013,0.0
52,415.0,-0.102,2.2
53,411.0,-0.033,0.2
54,438.0,-0.068,1.0
55,437.0,-0.061,0.8
56,457.0,0.001,0.0
57,446.0,0.02,0.1
58,472.0,0.002,0.0
59,476.0,0.057,0.8
60,478.0,-0.057,0.8
61,478.0,-0.069,1.1
62,480.0,-0.103,2.5
63,480.0,-0.001,0.0
64,507.0,-0.001,0.0
65,484.0,-0.005,0.0
66,517.0,-0.064,1.1
67,492.0,-0.009,0.0
68,520.0,0.0,0.0
69,509.0,0.037,0.3
70,533.0,0.014,0.1
71,510.0,0.0,0.0
72,540.0,0.001,0.0
73,529.0,0.012,0.0
74,558.0,0.177,8.8
75,555.0,0.014,0.1
76,559.0,-0.003,0.0
77,562.0,-0.102,2.9
78,573.0,-0.161,7.5
79,576.0,-0.344,34.0
80,581.0,0.001,0.0
81,580.0,0.162,7.6
82,585.0,-0.425,52.8
83,589.0,-0.003,0.0
84,606.0,-0.252,19.3
85,596.0,-0.015,0.1
86,629.0,-0.001,0.0
87,624.0,-0.288,25.8
88,641.0,0.171,9.4
89,647.0,0.273,24.2
90,649.0,-0.003,0.0
91,653.0,-0.0,0.0
92,674.0,0.417,58.5
93,663.0,0.001,0.0
94,691.0,-0.0,0.0
95,688.0,-0.306,32.2
96,704.0,0.217,16.5
97,693.0,0.256,22.7
98,707.0,-0.088,2.7
99,695.0,-0.0,0.0
100,710.0,0.002,0.0
101,723.0,0.201,14.6
102,731.0,0.158,9.2
103,725.0,0.003,0.0
104,739.0,-0.0,0.0
105,737.0,-0.269,26.7
106,772.0,-0.0,0.0
107,740.0,-0.0,0.0
108,785.0,0.017,0.1
109,770.0,0.001,0.0
110,809.0,-0.0,0.0
111,776.0,-0.022,0.2
112,826.0,-0.0,0.0
113,790.0,-0.0,0.0
114,835.0,-0.048,1.0
115,819.0,-0.0,0.0
116,839.0,-0.0,0.0
117,820.0,-0.019,0.1
118,841.0,-0.024,0.2
119,837.0,-0.0,0.0
120,851.0,0.0,0.0
121,842.0,0.04,0.7
122,869.0,0.0,0.0
123,869.0,0.003,0.0
124,894.0,-0.035,0.6
125,880.0,-0.077,2.6
126,904.0,-0.0,0.0
127,899.0,-0.0,0.0
128,918.0,0.0,0.0
129,907.0,0.0,0.0
130,957.0,-0.0,0.0
131,909.0,-0.001,0.0
132,964.0,0.044,0.9
133,945.0,0.0,0.0
134,982.0,-0.0,0.0
135,954.0,-0.001,0.0
136,991.0,-0.0,0.0
137,965.0,-0.056,1.5
138,995.0,0.0,0.0
139,976.0,0.0,0.0
140,1001.0,-0.077,3.0
141,984.0,-0.019,0.2
142,1006.0,0.0,0.0
143,986.0,0.0,0.0
144,1008.0,0.095,4.5
145,1019.0,0.176,15.9
146,1023.0,0.021,0.2
147,1030.0,0.092,4.4
148,1081.0,-0.147,11.6
149,1064.0,-0.159,13.5
150,1114.0,-0.125,8.7
151,1102.0,-0.052,1.5
152,1117.0,-0.093,4.8
153,1122.0,-0.011,0.1
154,1141.0,0.058,1.9
155,1130.0,0.078,3.4
156,1146.0,0.101,5.8
157,1148.0,0.041,1.0
158,1167.0,0.0,0.0
159,1164.0,0.0,0.0
160,1168.0,-0.065,2.5
161,1168.0,-0.24,33.5
162,1178.0,0.191,21.6
163,1182.0,0.03,0.5
164,1185.0,-0.005,0.0
165,1186.0,-0.073,3.2
166,1209.0,-0.068,2.8
167,1198.0,-0.059,2.1
168,1216.0,-0.094,5.3
169,1208.0,-0.136,11.1
170,1219.0,0.058,2.1
171,1224.0,0.083,4.2
172,1240.0,-0.336,69.8
173,1259.0,-0.009,0.1
174,1253.0,-0.095,5.7
175,1263.0,-0.226,32.2
176,1274.0,-0.28,49.9
177,1281.0,-0.126,10.2
178,1279.0,-0.067,2.9
179,1288.0,-0.067,2.9
180,1298.0,-0.24,37.4
181,1302.0,-0.154,15.4
182,1335.0,-0.332,73.6
183,1361.0,-0.365,90.5
184,1346.0,-0.254,43.3
185,1372.0,-0.313,67.2
186,1374.0,-0.083,4.7
187,1393.0,-0.128,11.5
188,1377.0,0.08,4.4
189,1409.0,0.073,3.7
190,1402.0,-0.164,18.9
191,1426.0,-0.381,103.4
192,1421.0,0.159,17.9
193,1438.0,0.019,0.3
194,1432.0,-0.293,61.3
195,1449.0,-0.248,44.6
196,1447.0,-0.013,0.1
197,1454.0,-0.018,0.2
198,1457.0,-0.02,0.3
199,1461.0,-0.093,6.3
200,1459.0,0.019,0.3
201,1476.0,0.233,40.1
202,1471.0,0.029,0.6
203,1484.0,0.054,2.2
204,1485.0,0.008,0.1
205,1488.0,0.449,149.9
206,1502.0,0.006,0.0
207,1493.0,0.394,115.9
208,1526.0,0.182,25.3
209,1498.0,0.138,14.2
210,1536.0,0.08,4.9
211,1515.0,0.027,0.6
212,1538.0,-0.067,3.4
213,1542.0,-0.195,29.4
214,1553.0,0.016,0.2
215,1573.0,0.141,15.7
216,1571.0,-0.481,182.0
217,1574.0,-0.233,42.8
218,1577.0,-0.089,6.3
219,1585.0,-0.164,21.4
220,1635.0,0.046,1.8
221,1611.0,0.066,3.5
222,1652.0,-0.085,5.9
223,1618.0,-0.024,0.5
224,1663.0,-0.602,301.8
225,1641.0,-0.326,87.3
226,1671.0,0.521,227.2
227,1696.0,0.541,247.9
228,2192.0,-0.545,325.7
229,2269.0,-0.434,213.3
230,3057.0,-0.001,0.0
231,3062.0,-0.001,0.0
232,3088.0,-0.0,0.0
233,3096.0,-0.0,0.0
234,3181.0,0.002,0.0
235,3183.0,0.004,0.0
236,3182.0,-0.01,0.2
237,3187.0,-0.004,0.0
238,3188.0,0.003,0.0
239,3190.0,0.0,0.0
240,3189.0,-0.001,0.0
241,3194.0,-0.001,0.0
242,3192.0,-0.001,0.0
243,3195.0,-0.005,0.0
244,3200.0,0.001,0.0
245,3201.0,0.005,0.0
246,3207.0,-0.02,0.6
247,3214.0,-0.001,0.0
248,3210.0,0.005,0.0
249,3217.0,0.019,0.6
250,3213.0,-0.027,1.2
251,3226.0,-0.004,0.0
252,3224.0,-0.001,0.0
253,3227.0,-0.025,1.0
254,3238.0,-0.007,0.1
255,3236.0,-0.012,0.2
