,Frequencies,Displacement,Reorg Energy
0,-0.0,0.0,-0.0
1,-0.0,0.0,-0.0
2,-0.0,-0.0,-0.0
3,-0.0,-0.0,-0.0
4,-0.0,-0.0,-0.0
5,-0.0,-0.0,-0.0
6,-0.0,0.0,-0.0
7,0.0,0.0,0.0
8,0.0,0.0,0.0
9,0.0,0.0,0.0
10,0.0,0.0,0.0
11,0.0,0.0,0.0
12,14.0,-2.626,49.3
13,13.0,-3.906,97.6
14,24.0,-4.64,260.0
15,18.0,-2.18,43.4
16,29.0,2.024,58.8
17,26.0,0.776,7.7
18,45.0,-0.466,4.9
19,49.0,-0.394,3.8
20,67.0,0.345,4.0
21,60.0,1.053,33.4
22,80.0,0.204,1.7
23,68.0,0.685,15.9
24,101.0,0.224,2.6
25,105.0,0.386,7.9
26,119.0,-0.878,46.0
27,113.0,-0.783,34.6
28,136.0,0.443,13.4
29,134.0,0.181,2.2
30,144.0,-0.163,1.9
31,143.0,-0.029,0.1
32,159.0,-0.84,56.0
33,152.0,-0.646,31.8
34,183.0,-0.01,0.0
35,186.0,-0.198,3.7
36,196.0,0.061,0.4
37,197.0,0.051,0.3
38,224.0,-0.091,0.9
39,216.0,-0.159,2.7
40,242.0,0.126,1.9
41,226.0,0.156,2.7
42,245.0,-0.117,1.7
43,245.0,-0.029,0.1
44,266.0,-0.154,3.2
45,265.0,-0.221,6.5
46,279.0,0.186,4.8
47,270.0,0.071,0.7
48,304.0,-0.146,3.2
49,315.0,-0.158,3.9
50,337.0,0.163,4.5
51,333.0,0.144,3.5
52,338.0,0.061,0.6
53,339.0,0.065,0.7
54,382.0,0.079,1.2
55,382.0,0.031,0.2
56,410.0,0.032,0.2
57,411.0,0.014,0.0
58,414.0,0.163,5.5
59,420.0,0.264,14.7
60,429.0,0.564,68.2
61,424.0,0.279,16.4
62,446.0,-0.087,1.7
63,440.0,-0.045,0.4
64,452.0,0.101,2.3
65,447.0,0.069,1.1
66,457.0,-0.087,1.7
67,461.0,-0.01,0.0
68,475.0,0.056,0.8
69,476.0,0.018,0.1
70,488.0,-0.047,0.5
71,493.0,-0.012,0.0
72,515.0,-0.004,0.0
73,495.0,-0.026,0.2
74,523.0,-0.07,1.3
75,512.0,-0.091,2.1
76,525.0,-0.111,3.2
77,520.0,-0.036,0.3
78,532.0,0.045,0.5
79,528.0,0.066,1.1
80,541.0,0.056,0.8
81,541.0,0.036,0.4
82,558.0,-0.076,1.6
83,547.0,-0.106,3.1
84,564.0,0.272,20.9
85,570.0,0.05,0.7
86,568.0,0.179,9.1
87,572.0,0.108,3.3
88,581.0,0.034,0.3
89,580.0,0.044,0.6
90,583.0,0.11,3.5
91,589.0,0.065,1.2
92,596.0,-0.232,16.1
93,618.0,-0.059,1.1
94,632.0,0.083,2.2
95,625.0,0.017,0.1
96,635.0,-0.019,0.1
97,633.0,-0.006,0.0
98,643.0,0.16,8.2
99,646.0,0.018,0.1
100,647.0,-0.004,0.0
101,654.0,-0.105,3.6
102,673.0,0.302,30.8
103,681.0,0.011,0.0
104,701.0,0.087,2.6
105,689.0,0.16,8.8
106,705.0,0.001,0.0
107,702.0,0.063,1.4
108,708.0,-0.095,3.2
109,705.0,-0.004,0.0
110,710.0,-0.158,8.9
111,716.0,-0.175,10.9
112,727.0,-0.194,13.7
113,730.0,-0.069,1.7
114,742.0,-0.079,2.3
115,737.0,-0.207,15.8
116,756.0,-0.019,0.1
117,755.0,-0.045,0.8
118,778.0,0.016,0.1
119,761.0,0.039,0.6
120,782.0,-0.017,0.1
121,777.0,-0.038,0.5
122,805.0,0.045,0.8
123,796.0,0.02,0.2
124,812.0,-0.07,2.0
125,823.0,-0.008,0.0
126,815.0,-0.016,0.1
127,831.0,-0.015,0.1
128,832.0,0.042,0.7
129,834.0,0.018,0.1
130,839.0,0.004,0.0
131,838.0,0.043,0.8
132,843.0,-0.027,0.3
133,848.0,-0.138,8.1
134,853.0,0.042,0.8
135,854.0,0.069,2.0
136,863.0,-0.074,2.3
137,859.0,-0.045,0.9
138,867.0,-0.07,2.1
139,863.0,-0.034,0.5
140,875.0,0.017,0.1
141,870.0,0.082,2.9
142,902.0,0.003,0.0
143,896.0,0.011,0.1
144,917.0,-0.102,4.8
145,902.0,-0.003,0.0
146,925.0,-0.001,0.0
147,932.0,-0.081,3.0
148,958.0,0.004,0.0
149,956.0,0.001,0.0
150,967.0,-0.05,1.2
151,967.0,-0.015,0.1
152,984.0,0.022,0.2
153,970.0,0.009,0.0
154,991.0,0.018,0.2
155,977.0,0.011,0.1
156,993.0,-0.047,1.1
157,978.0,-0.003,0.0
158,999.0,-0.056,1.6
159,989.0,-0.022,0.2
160,1001.0,-0.145,10.6
161,995.0,-0.004,0.0
162,1003.0,0.184,17.0
163,1000.0,0.022,0.2
164,1008.0,0.011,0.1
165,1003.0,0.018,0.2
166,1012.0,-0.068,2.4
167,1013.0,-0.027,0.4
168,1021.0,-0.025,0.3
169,1021.0,-0.091,4.3
170,1030.0,0.032,0.5
171,1039.0,0.056,1.6
172,1038.0,0.081,3.4
173,1050.0,0.06,1.9
174,1108.0,0.176,17.2
175,1107.0,0.12,8.0
176,1114.0,-0.029,0.5
177,1115.0,-0.014,0.1
178,1131.0,-0.259,37.9
179,1125.0,-0.059,2.0
180,1143.0,-0.027,0.4
181,1145.0,-0.122,8.6
182,1152.0,-0.02,0.2
183,1152.0,-0.064,2.4
184,1163.0,-0.207,24.9
185,1159.0,-0.001,0.0
186,1166.0,0.002,0.0
187,1167.0,0.078,3.5
188,1178.0,-0.043,1.1
189,1182.0,-0.02,0.2
190,1191.0,-0.056,1.9
191,1192.0,-0.06,2.2
192,1198.0,0.106,6.7
193,1198.0,0.066,2.6
194,1212.0,0.029,0.5
195,1220.0,0.201,24.7
196,1217.0,0.038,0.9
197,1224.0,0.006,0.0
198,1225.0,0.281,48.3
199,1227.0,0.244,36.5
200,1244.0,-0.238,35.2
201,1233.0,-0.055,1.9
202,1249.0,0.192,23.1
203,1251.0,0.036,0.8
204,1258.0,0.167,17.5
205,1256.0,0.041,1.1
206,1281.0,0.152,14.8
207,1279.0,0.119,9.1
208,1291.0,-0.012,0.1
209,1288.0,-0.147,13.9
210,1304.0,-0.141,13.0
211,1288.0,-0.085,4.6
212,1314.0,-0.152,15.1
213,1307.0,-0.05,1.7
214,1338.0,0.023,0.4
215,1316.0,0.002,0.0
216,1344.0,0.12,9.6
217,1334.0,0.138,12.7
218,1361.0,-0.132,11.8
219,1347.0,-0.027,0.5
220,1384.0,-0.183,23.2
221,1377.0,-0.125,10.8
222,1394.0,0.216,32.4
223,1388.0,0.025,0.4
224,1410.0,-0.236,39.2
225,1392.0,-0.041,1.2
226,1420.0,-0.028,0.6
227,1413.0,-0.23,37.4
228,1440.0,-0.121,10.6
229,1440.0,-0.25,45.1
230,1447.0,-0.266,51.2
231,1445.0,-0.011,0.1
232,1455.0,0.055,2.2
233,1451.0,0.051,1.9
234,1462.0,-0.004,0.0
235,1458.0,-0.022,0.3
236,1473.0,-0.118,10.3
237,1463.0,-0.073,3.9
238,1485.0,-0.097,7.0
239,1469.0,-0.1,7.4
240,1488.0,0.222,36.5
241,1484.0,0.077,4.4
242,1511.0,-0.116,10.1
243,1488.0,-0.056,2.4
244,1518.0,0.035,0.9
245,1507.0,0.118,10.5
246,1525.0,0.001,0.0
247,1527.0,0.028,0.6
248,1527.0,-0.05,1.9
249,1538.0,-0.015,0.2
250,1532.0,-0.13,13.0
251,1545.0,-0.151,17.5
252,1536.0,-0.272,57.0
253,1553.0,-0.201,31.5
254,1559.0,-0.177,24.4
255,1564.0,-0.054,2.3
256,1575.0,-0.202,32.3
257,1584.0,-0.111,9.8
258,1589.0,0.113,10.1
259,1603.0,0.079,5.0
260,1645.0,-0.072,4.2
261,1606.0,-0.164,21.6
262,1655.0,-0.345,98.7
263,1618.0,-0.137,15.1
264,1664.0,-0.165,22.8
265,1628.0,-0.059,2.8
266,1673.0,0.349,102.1
267,1674.0,0.412,142.2
268,1684.0,0.047,1.9
269,1988.0,0.762,576.4
270,3050.0,0.009,0.1
271,3037.0,0.005,0.0
272,3079.0,0.0,0.0
273,3063.0,0.001,0.0
274,3180.0,0.003,0.0
275,3183.0,0.002,0.0
276,3182.0,0.003,0.0
277,3185.0,0.007,0.1
278,3186.0,0.005,0.0
279,3187.0,0.009,0.1
280,3187.0,-0.002,0.0
281,3189.0,-0.009,0.1
282,3190.0,0.004,0.0
283,3190.0,0.004,0.0
284,3191.0,-0.002,0.0
285,3194.0,-0.001,0.0
286,3200.0,-0.005,0.0
287,3194.0,-0.005,0.0
288,3202.0,-0.005,0.0
289,3201.0,-0.006,0.1
290,3207.0,-0.007,0.1
291,3204.0,-0.011,0.2
292,3207.0,-0.007,0.1
293,3206.0,-0.002,0.0
294,3214.0,0.009,0.1
295,3209.0,0.012,0.2
296,3220.0,0.006,0.1
297,3211.0,0.007,0.1
298,3224.0,0.0,0.0
299,3224.0,0.001,0.0
300,3232.0,0.008,0.1
301,3227.0,0.003,0.0
302,3241.0,-0.014,0.3
303,3231.0,-0.015,0.3
