,Frequencies,Displacement,Reorg Energy
0,-0.0,-0.0,-0.0
1,-0.0,-0.0,-0.0
2,-0.0,-0.0,-0.0
3,-0.0,-0.0,-0.0
4,-0.0,-0.0,-0.0
5,-0.0,-0.0,-0.0
6,-0.0,-0.0,-0.0
7,-0.0,-0.0,-0.0
8,0.0,0.0,0.0
9,0.0,0.0,0.0
10,0.0,0.0,0.0
11,0.0,0.0,0.0
12,11.0,-0.309,0.5
13,10.0,-0.518,1.4
14,12.0,-3.046,56.1
15,14.0,-3.192,72.9
16,18.0,-1.242,13.9
17,21.0,-1.989,42.3
18,30.0,2.045,63.0
19,27.0,1.375,25.6
20,50.0,-0.746,13.9
21,47.0,-1.405,46.2
22,53.0,1.879,94.2
23,52.0,0.726,13.7
24,55.0,-3.263,292.5
25,66.0,-1.795,107.1
26,70.0,1.258,55.1
27,72.0,2.981,319.6
28,97.0,0.672,21.8
29,91.0,1.78,143.4
30,99.0,-0.248,3.1
31,104.0,-0.052,0.1
32,106.0,-0.926,45.4
33,106.0,-0.71,26.8
34,109.0,1.204,79.0
35,112.0,0.018,0.0
36,118.0,-0.465,12.7
37,118.0,-2.786,459.7
38,122.0,-0.678,28.0
39,129.0,-0.243,3.8
40,146.0,0.001,0.0
41,143.0,0.158,1.8
42,154.0,0.155,1.8
43,154.0,0.299,6.9
44,166.0,0.156,2.0
45,161.0,0.143,1.6
46,181.0,0.047,0.2
47,188.0,0.14,1.8
48,210.0,-0.183,3.5
49,198.0,-0.072,0.5
50,212.0,0.262,7.3
51,210.0,0.103,1.1
52,223.0,0.248,6.8
53,223.0,0.066,0.5
54,228.0,-0.218,5.4
55,227.0,-0.123,1.7
56,246.0,0.083,0.8
57,235.0,0.075,0.7
58,251.0,0.044,0.2
59,245.0,0.01,0.0
60,251.0,-0.032,0.1
61,249.0,-0.032,0.1
62,252.0,0.36,16.4
63,250.0,0.218,5.9
64,267.0,0.218,6.3
65,267.0,0.402,21.6
66,276.0,-0.056,0.4
67,274.0,-0.05,0.3
68,288.0,0.046,0.3
69,283.0,0.036,0.2
70,294.0,0.178,4.7
71,292.0,0.002,0.0
72,299.0,-0.022,0.1
73,296.0,-0.169,4.2
74,320.0,-0.11,1.9
75,307.0,-0.087,1.2
76,329.0,-0.006,0.0
77,319.0,-0.236,8.9
78,339.0,0.496,41.6
79,334.0,0.481,38.6
80,362.0,0.078,1.1
81,352.0,0.127,2.8
82,379.0,-0.066,0.8
83,373.0,-0.095,1.7
84,384.0,0.049,0.5
85,380.0,0.204,7.9
86,406.0,-0.018,0.1
87,411.0,-0.003,0.0
88,423.0,-0.067,1.0
89,417.0,-0.036,0.3
90,425.0,-0.076,1.2
91,419.0,-0.113,2.7
92,428.0,0.048,0.5
93,427.0,0.041,0.4
94,438.0,0.06,0.8
95,430.0,0.055,0.7
96,442.0,0.12,3.2
97,441.0,0.056,0.7
98,458.0,-0.216,10.7
99,454.0,-0.028,0.2
100,463.0,-0.032,0.2
101,457.0,-0.248,14.0
102,478.0,0.035,0.3
103,467.0,0.028,0.2
104,486.0,0.05,0.6
105,485.0,0.004,0.0
106,508.0,-0.246,15.3
107,493.0,-0.018,0.1
108,512.0,0.035,0.3
109,502.0,0.3,22.6
110,519.0,0.093,2.2
111,513.0,0.009,0.0
112,524.0,0.065,1.1
113,519.0,0.046,0.5
114,528.0,0.039,0.4
115,528.0,0.036,0.3
116,531.0,-0.057,0.9
117,529.0,-0.063,1.1
118,562.0,0.222,13.9
119,546.0,0.156,6.7
120,565.0,-0.046,0.6
121,555.0,-0.251,17.5
122,566.0,0.068,1.3
123,564.0,0.055,0.8
124,584.0,0.114,3.8
125,574.0,0.09,2.3
126,585.0,0.229,15.3
127,575.0,0.294,24.8
128,595.0,0.133,5.3
129,582.0,0.071,1.5
130,613.0,-0.033,0.3
131,613.0,-0.213,13.9
132,632.0,0.091,2.6
133,626.0,0.259,20.9
134,642.0,-0.0,0.0
135,637.0,-0.028,0.3
136,645.0,-0.293,27.7
137,641.0,-0.423,57.5
138,663.0,0.162,8.7
139,650.0,0.036,0.4
140,671.0,0.106,3.8
141,664.0,0.231,17.7
142,680.0,0.012,0.0
143,678.0,0.02,0.1
144,687.0,0.284,27.6
145,678.0,0.187,11.8
146,708.0,0.046,0.7
147,684.0,0.134,6.1
148,710.0,-0.07,1.7
149,704.0,-0.053,1.0
150,713.0,0.044,0.7
151,711.0,0.02,0.1
152,737.0,-0.055,1.1
153,716.0,-0.241,20.8
154,738.0,-0.429,68.0
155,723.0,-0.057,1.2
156,744.0,0.182,12.3
157,728.0,0.381,52.9
158,749.0,-0.127,6.1
159,744.0,-0.003,0.0
160,753.0,0.167,10.5
161,747.0,0.021,0.2
162,765.0,0.024,0.2
163,755.0,0.021,0.2
164,774.0,-0.051,1.0
165,759.0,-0.023,0.2
166,785.0,-0.062,1.5
167,781.0,-0.025,0.2
168,787.0,-0.105,4.3
169,783.0,-0.058,1.3
170,803.0,-0.002,0.0
171,790.0,-0.001,0.0
172,825.0,0.023,0.2
173,815.0,0.33,44.3
174,829.0,0.099,4.1
175,819.0,0.093,3.5
176,843.0,0.019,0.2
177,821.0,0.196,15.8
178,854.0,-0.036,0.5
179,830.0,-0.092,3.5
180,857.0,0.007,0.0
181,840.0,0.013,0.1
182,866.0,-0.042,0.8
183,843.0,-0.021,0.2
184,868.0,-0.052,1.2
185,847.0,-0.126,6.7
186,870.0,0.008,0.0
187,857.0,0.046,0.9
188,875.0,0.054,1.3
189,865.0,0.068,2.0
190,883.0,-0.081,2.9
191,869.0,-0.03,0.4
192,892.0,0.042,0.8
193,878.0,0.033,0.5
194,895.0,0.195,17.0
195,882.0,0.257,29.1
196,912.0,0.001,0.0
197,889.0,0.0,0.0
198,915.0,0.003,0.0
199,909.0,0.004,0.0
200,919.0,0.1,4.6
201,912.0,0.001,0.0
202,922.0,0.001,0.0
203,916.0,0.118,6.4
204,937.0,-0.002,0.0
205,930.0,-0.001,0.0
206,962.0,0.001,0.0
207,951.0,0.076,2.7
208,962.0,-0.002,0.0
209,962.0,-0.003,0.0
210,970.0,-0.044,0.9
211,963.0,-0.0,0.0
212,991.0,-0.019,0.2
213,985.0,-0.03,0.5
214,997.0,-0.037,0.7
215,993.0,-0.021,0.2
216,1000.0,0.031,0.5
217,995.0,0.076,2.9
218,1002.0,0.051,1.3
219,999.0,0.038,0.7
220,1005.0,-0.019,0.2
221,1000.0,-0.089,4.0
222,1008.0,0.079,3.2
223,1002.0,0.02,0.2
224,1014.0,-0.016,0.1
225,1009.0,-0.012,0.1
226,1022.0,-0.041,0.9
227,1011.0,-0.159,12.8
228,1023.0,-0.02,0.2
229,1015.0,-0.111,6.3
230,1026.0,0.109,6.1
231,1017.0,0.104,5.5
232,1035.0,-0.155,12.5
233,1022.0,-0.03,0.5
234,1039.0,-0.001,0.0
235,1037.0,-0.048,1.2
236,1040.0,-0.001,0.0
237,1038.0,-0.002,0.0
238,1057.0,0.066,2.3
239,1039.0,0.0,0.0
240,1097.0,-0.19,19.7
241,1085.0,-0.207,23.3
242,1112.0,0.041,0.9
243,1108.0,0.089,4.3
244,1117.0,0.095,5.0
245,1111.0,0.003,0.0
246,1119.0,-0.074,3.1
247,1114.0,-0.046,1.2
248,1137.0,-0.014,0.1
249,1140.0,-0.097,5.4
250,1145.0,-0.011,0.1
251,1142.0,-0.078,3.5
252,1150.0,-0.091,4.8
253,1152.0,-0.081,3.8
254,1170.0,0.085,4.3
255,1170.0,0.039,0.9
256,1172.0,0.026,0.4
257,1176.0,0.047,1.3
258,1184.0,-0.002,0.0
259,1184.0,-0.071,3.0
260,1190.0,-0.024,0.3
261,1190.0,-0.011,0.1
262,1191.0,-0.001,0.0
263,1191.0,-0.006,0.0
264,1192.0,-0.002,0.0
265,1191.0,-0.006,0.0
266,1211.0,0.001,0.0
267,1192.0,0.024,0.3
268,1219.0,0.287,50.2
269,1212.0,0.013,0.1
270,1227.0,-0.118,8.6
271,1219.0,-0.248,37.6
272,1236.0,0.173,18.5
273,1225.0,0.133,10.8
274,1255.0,0.009,0.1
275,1242.0,0.125,9.7
276,1260.0,-0.004,0.0
277,1251.0,-0.108,7.3
278,1262.0,0.119,8.9
279,1256.0,0.027,0.5
280,1267.0,-0.168,17.8
281,1259.0,-0.209,27.6
282,1272.0,0.049,1.5
283,1267.0,0.2,25.4
284,1277.0,0.121,9.4
285,1275.0,0.033,0.7
286,1282.0,0.047,1.4
287,1282.0,0.001,0.0
288,1282.0,0.046,1.4
289,1291.0,0.019,0.2
290,1295.0,-0.061,2.4
291,1301.0,-0.048,1.5
292,1298.0,-0.058,2.2
293,1303.0,-0.017,0.2
294,1315.0,-0.198,25.8
295,1318.0,-0.087,5.0
296,1323.0,0.063,2.6
297,1338.0,0.064,2.8
298,1345.0,0.038,1.0
299,1345.0,0.01,0.1
300,1360.0,-0.035,0.8
301,1367.0,-0.226,34.9
302,1377.0,0.089,5.5
303,1381.0,0.084,4.9
304,1386.0,0.305,64.5
305,1386.0,0.073,3.7
306,1401.0,0.006,0.0
307,1399.0,0.257,46.2
308,1409.0,0.0,0.0
309,1407.0,0.4,112.3
310,1409.0,0.001,0.0
311,1409.0,0.002,0.0
312,1422.0,-0.067,3.2
313,1409.0,-0.002,0.0
314,1428.0,-0.075,4.0
315,1416.0,-0.348,85.7
316,1432.0,-0.044,1.4
317,1426.0,-0.26,48.1
318,1437.0,-0.021,0.3
319,1430.0,-0.109,8.6
320,1444.0,-0.274,54.1
321,1431.0,-0.192,26.4
322,1451.0,0.018,0.2
323,1449.0,0.034,0.8
324,1461.0,0.092,6.2
325,1458.0,0.2,29.0
326,1468.0,-0.087,5.5
327,1460.0,-0.26,49.5
328,1476.0,-0.168,20.7
329,1474.0,-0.288,61.3
330,1485.0,0.025,0.5
331,1482.0,0.288,61.6
332,1490.0,-0.0,0.0
333,1490.0,-0.001,0.0
334,1490.0,-0.003,0.0
335,1490.0,-0.0,0.0
336,1495.0,-0.036,1.0
337,1492.0,-0.0,0.0
338,1495.0,-0.011,0.1
339,1494.0,-0.0,0.0
340,1496.0,0.721,388.3
341,1499.0,0.106,8.4
342,1510.0,-0.003,0.0
343,1508.0,-0.143,15.3
344,1511.0,0.102,7.8
345,1508.0,0.037,1.0
346,1512.0,0.073,4.1
347,1510.0,0.017,0.2
348,1515.0,-0.231,40.3
349,1515.0,-0.031,0.7
350,1517.0,-0.439,146.4
351,1515.0,-0.038,1.1
352,1525.0,0.306,71.6
353,1530.0,0.339,88.0
354,1538.0,0.458,161.3
355,1537.0,0.035,1.0
356,1558.0,0.094,6.9
357,1541.0,0.14,15.2
358,1560.0,0.39,118.6
359,1542.0,0.117,10.5
360,1580.0,0.026,0.5
361,1551.0,0.52,209.8
362,1594.0,0.1,8.0
363,1558.0,0.149,17.2
364,1609.0,-0.142,16.3
365,1566.0,-0.248,48.0
366,1616.0,0.079,5.0
367,1578.0,0.473,176.6
368,1633.0,-0.054,2.4
369,1591.0,-0.148,17.4
370,1635.0,0.125,12.8
371,1600.0,0.113,10.3
372,1664.0,-0.012,0.1
373,1629.0,-0.196,31.2
374,1676.0,-0.11,10.1
375,1653.0,-0.022,0.4
376,1690.0,-0.566,270.5
377,1669.0,-0.199,33.1
378,1691.0,0.201,34.1
379,1677.0,0.402,135.7
380,1693.0,-0.315,84.0
381,1682.0,-0.544,248.6
382,1719.0,0.111,10.6
383,1695.0,0.302,77.3
384,3048.0,0.0,0.0
385,3048.0,0.0,0.0
386,3048.0,0.0,0.0
387,3048.0,0.0,0.0
388,3052.0,0.001,0.0
389,3052.0,0.0,0.0
390,3052.0,0.001,0.0
391,3052.0,0.001,0.0
392,3113.0,-0.0,0.0
393,3115.0,-0.0,0.0
394,3114.0,0.0,0.0
395,3115.0,0.0,0.0
396,3119.0,-0.0,0.0
397,3120.0,-0.0,0.0
398,3119.0,0.002,0.0
399,3120.0,0.004,0.0
400,3131.0,0.0,0.0
401,3132.0,0.0,0.0
402,3131.0,0.0,0.0
403,3132.0,0.0,0.0
404,3133.0,-0.0,0.0
405,3134.0,-0.001,0.0
406,3133.0,0.002,0.0
407,3135.0,0.003,0.0
408,3181.0,-0.001,0.0
409,3180.0,-0.001,0.0
410,3183.0,0.001,0.0
411,3182.0,0.002,0.0
412,3185.0,0.004,0.0
413,3185.0,0.001,0.0
414,3186.0,-0.004,0.0
415,3187.0,-0.001,0.0
416,3187.0,0.012,0.2
417,3187.0,0.005,0.0
418,3187.0,-0.001,0.0
419,3191.0,-0.012,0.2
420,3191.0,-0.001,0.0
421,3191.0,-0.002,0.0
422,3192.0,-0.002,0.0
423,3192.0,-0.009,0.1
424,3192.0,0.002,0.0
425,3194.0,0.009,0.1
426,3200.0,0.001,0.0
427,3200.0,0.001,0.0
428,3204.0,0.005,0.0
429,3207.0,0.0,0.0
430,3207.0,-0.007,0.1
431,3208.0,-0.009,0.1
432,3208.0,-0.001,0.0
433,3213.0,-0.004,0.0
434,3209.0,0.012,0.2
435,3215.0,0.001,0.0
436,3222.0,0.003,0.0
437,3222.0,0.0,0.0
438,3222.0,-0.02,0.6
439,3232.0,-0.008,0.1
440,3226.0,-0.002,0.0
441,3238.0,-0.02,0.6
