3
 1Sing?Sym  4.39734  0.27758  0.05047  0.07736  2.64873  0.48509  0.74117  0.07282  0.01318  0.02066
 2Sing?Sym  1.18325  0.01088  0.09071  0.00340  0.11074  0.90095  0.03435  0.00287  0.02342  0.00089
 3Sing?Sym  1.04157  0.00024  0.00750  0.00008  0.01093  0.97384  0.00318  0.00007  0.00235  0.00002
 4Sing?Sym  1.13814  0.00828  0.07390  0.00669  0.10388  0.83092  0.07013  0.00208  0.01868  0.00168
 5Sing?Sym  1.09236  0.00047  0.01506  0.00075  0.27749  0.70476  0.08089  0.00047  0.00432  0.00029
 6Sing?Sym  1.04404  0.00117  0.00700  0.00038  0.50372  0.37658  0.13732  0.00111  0.00213  0.00032
 7Sing?Sym  1.10167  0.00174  0.00811  0.00097  0.03233  0.93501  0.06759  0.00058  0.01019  0.00085
 8Sing?Sym  1.02470  0.00280  0.01591  0.00080  0.29552  0.60468  0.08665  0.00230  0.00541  0.00069
 9Sing?Sym  1.00395  0.00771  0.00519  0.00209  0.56192  0.24551  0.15471  0.00659  0.00217  0.00179
10Sing?Sym  1.05800  0.00040  0.00866  0.00056  0.07283  0.85347  0.07109  0.00040  0.01019  0.00074
11Sing?Sym  1.02212  0.00044  0.01049  0.00013  0.30423  0.61011  0.08524  0.00036  0.00302  0.00012
12Sing?Sym  1.00566  0.00003  0.01172  0.00001  0.00415  0.95386  0.01020  0.00001  0.00341  0.00001
13Sing?Sym  1.00285  0.00009  0.06585  0.00003  0.03359  0.85007  0.01416  0.00021  0.01649  0.00006
14Sing?Sym  1.00511  0.00012  0.00254  0.00004  0.01004  0.91602  0.04870  0.00003  0.00106  0.00003
15Sing?Sym  1.00314  0.00142  0.00876  0.00039  0.57797  0.24389  0.15819  0.00367  0.00287  0.00101
16Sing?Sym  1.00956  0.00027  0.03020  0.00206  0.00802  0.86698  0.05926  0.00004  0.00203  0.00014
17Sing?Sym  1.01484  0.00387  0.01434  0.00101  0.39569  0.44579  0.10757  0.01888  0.00680  0.00511
18Sing?Sym  1.00153  0.00063  0.00145  0.00017  0.08237  0.87112  0.02156  0.00305  0.00158  0.00082
19Sing?Sym  1.05518  0.00297  0.02909  0.00069  0.26512  0.65948  0.07234  0.00710  0.00925  0.00191
20Sing?Sym  1.00500  0.00015  0.00339  0.00020  0.00948  0.90368  0.05935  0.00003  0.00218  0.00012
