,Frequencies,Displacement,Reorg Energy
0,-0.0,-0.0,-0.0
1,-0.0,-0.0,-0.0
2,-0.0,-0.0,-0.0
3,-0.0,-0.0,-0.0
4,0.0,0.0,0.0
5,-0.0,0.0,-0.0
6,0.0,0.0,0.0
7,0.0,0.0,0.0
8,0.0,0.0,0.0
9,0.0,0.0,0.0
10,0.0,0.0,0.0
11,0.0,0.0,0.0
12,91.0,-0.0,0.0
13,87.0,-0.0,0.0
14,121.0,0.0,0.0
15,109.0,0.0,0.0
16,236.0,-0.0,0.0
17,233.0,-0.0,0.0
18,236.0,0.0,0.0
19,234.0,0.0,0.0
20,269.0,-0.0,0.0
21,248.0,-0.0,0.0
22,387.0,-0.0,0.0
23,327.0,-0.0,0.0
24,396.0,-0.0,0.0
25,387.0,-0.0,0.0
26,398.0,0.911,165.3
27,393.0,0.927,168.9
28,478.0,-0.0,0.0
29,417.0,-0.0,0.0
30,484.0,0.0,0.0
31,436.0,0.0,0.0
32,507.0,0.0,0.0
33,512.0,0.0,0.0
34,536.0,-0.0,0.0
35,526.0,-0.0,0.0
36,591.0,-0.0,0.0
37,534.0,-0.0,0.0
38,618.0,-0.0,0.0
39,600.0,-0.0,0.0
40,642.0,0.17,9.3
41,607.0,0.152,7.0
42,661.0,0.0,0.0
43,665.0,0.0,0.0
44,740.0,-0.0,0.0
45,705.0,-0.0,0.0
46,759.0,0.0,0.0
47,712.0,0.0,0.0
48,763.0,-0.259,25.6
49,718.0,-0.0,0.0
50,770.0,0.0,0.0
51,722.0,0.0,0.0
52,782.0,0.0,0.0
53,751.0,0.243,22.1
54,821.0,0.0,0.0
55,774.0,0.0,0.0
56,844.0,0.0,0.0
57,822.0,0.0,0.0
58,866.0,0.0,0.0
59,834.0,0.0,0.0
60,895.0,0.0,0.0
61,842.0,0.0,0.0
62,911.0,0.0,0.0
63,874.0,0.0,0.0
64,919.0,0.0,0.0
65,890.0,0.0,0.0
66,929.0,-0.0,0.0
67,896.0,-0.0,0.0
68,967.0,-0.0,0.0
69,909.0,-0.0,0.0
70,972.0,-0.0,0.0
71,917.0,-0.0,0.0
72,995.0,0.0,0.0
73,943.0,0.0,0.0
74,996.0,0.0,0.0
75,944.0,0.0,0.0
76,1026.0,0.0,0.0
77,1045.0,0.0,0.0
78,1031.0,0.044,1.0
79,1048.0,0.246,31.7
80,1127.0,0.0,0.0
81,1087.0,0.0,0.0
82,1159.0,-0.0,0.0
83,1124.0,-0.0,0.0
84,1173.0,0.0,0.0
85,1174.0,0.0,0.0
86,1189.0,-0.0,0.0
87,1185.0,-0.442,115.6
88,1190.0,-0.456,123.8
89,1211.0,-0.0,0.0
90,1211.0,-0.0,0.0
91,1213.0,-0.0,0.0
92,1290.0,0.497,159.5
93,1268.0,0.057,2.1
94,1291.0,-0.0,0.0
95,1287.0,-0.0,0.0
96,1295.0,-0.0,0.0
97,1289.0,-0.0,0.0
98,1339.0,0.0,0.0
99,1303.0,0.0,0.0
100,1376.0,-0.0,0.0
101,1363.0,-0.0,0.0
102,1414.0,0.0,0.0
103,1415.0,0.0,0.0
104,1415.0,-0.0,0.0
105,1415.0,-1.079,823.5
106,1428.0,-0.965,665.2
107,1440.0,-0.0,0.0
108,1482.0,0.0,0.0
109,1461.0,0.0,0.0
110,1487.0,-0.0,0.0
111,1474.0,-0.0,0.0
112,1517.0,0.097,7.2
113,1523.0,0.0,0.0
114,1579.0,0.0,0.0
115,1528.0,0.567,246.0
116,1594.0,0.913,663.8
117,1563.0,0.0,0.0
118,1624.0,-0.0,0.0
119,1572.0,-0.0,0.0
120,1668.0,-0.0,0.0
121,1591.0,-0.641,327.1
122,1670.0,-0.0,0.0
123,1603.0,-0.0,0.0
124,3153.0,-0.0,0.0
125,3152.0,-0.0,0.0
126,3155.0,-0.001,0.0
127,3153.0,-0.007,0.1
128,3157.0,0.0,0.0
129,3162.0,0.0,0.0
130,3158.0,0.0,0.0
131,3162.0,0.0,0.0
132,3161.0,0.0,0.0
133,3165.0,0.0,0.0
134,3163.0,-0.007,0.1
135,3166.0,-0.007,0.1
136,3175.0,0.0,0.0
137,3178.0,0.0,0.0
138,3175.0,-0.0,0.0
139,3178.0,-0.0,0.0
140,3187.0,-0.0,0.0
141,3193.0,-0.0,0.0
142,3187.0,-0.033,1.7
143,3193.0,-0.017,0.4
