,Frequencies,Displacement,Reorg Energy
0,-0.0,-0.0,-0.0
1,-0.0,-0.0,-0.0
2,-0.0,0.0,-0.0
3,-0.0,0.0,-0.0
4,-0.0,-0.0,-0.0
5,-0.0,-0.0,-0.0
6,-0.0,-0.0,-0.0
7,-0.0,-0.0,-0.0
8,0.0,-0.0,0.0
9,0.0,-0.0,0.0
10,0.0,0.0,0.0
11,0.0,0.0,0.0
12,55.0,0.0,0.0
13,54.0,0.0,0.0
14,89.0,-0.0,0.0
15,83.0,-0.0,0.0
16,149.0,0.0,0.0
17,144.0,0.0,0.0
18,163.0,0.0,0.0
19,161.0,0.0,0.0
20,191.0,0.0,0.0
21,187.0,0.0,0.0
22,271.0,0.0,0.0
23,276.0,0.0,0.0
24,305.0,-0.0,0.0
25,300.0,-0.0,0.0
26,318.0,-0.0,0.0
27,303.0,-0.0,0.0
28,318.0,0.774,95.2
29,315.0,0.787,97.6
30,382.0,0.0,0.0
31,348.0,0.0,0.0
32,448.0,0.0,0.0
33,421.0,0.0,0.0
34,472.0,0.0,0.0
35,444.0,0.0,0.0
36,476.0,0.0,0.0
37,448.0,0.0,0.0
38,482.0,0.0,0.0
39,457.0,0.0,0.0
40,505.0,0.0,0.0
41,500.0,0.0,0.0
42,519.0,0.0,0.0
43,530.0,0.0,0.0
44,563.0,-0.0,0.0
45,545.0,-0.0,0.0
46,567.0,-0.0,0.0
47,555.0,-0.0,0.0
48,618.0,-0.0,0.0
49,620.0,-0.0,0.0
50,635.0,-0.231,17.0
51,624.0,-0.215,14.5
52,645.0,0.0,0.0
53,625.0,0.0,0.0
54,734.0,0.0,0.0
55,677.0,0.0,0.0
56,744.0,0.0,0.0
57,727.0,0.0,0.0
58,757.0,0.0,0.0
59,727.0,0.0,0.0
60,757.0,-0.0,0.0
61,735.0,-0.0,0.0
62,763.0,-0.332,42.0
63,737.0,-0.0,0.0
64,769.0,-0.0,0.0
65,755.0,-0.327,40.3
66,777.0,-0.0,0.0
67,763.0,-0.0,0.0
68,788.0,-0.0,0.0
69,791.0,-0.0,0.0
70,842.0,-0.0,0.0
71,792.0,-0.0,0.0
72,853.0,0.0,0.0
73,833.0,0.0,0.0
74,862.0,-0.0,0.0
75,835.0,-0.0,0.0
76,868.0,-0.052,1.2
77,866.0,-0.0,0.0
78,890.0,-0.0,0.0
79,873.0,-0.0,0.0
80,911.0,0.0,0.0
81,875.0,0.009,0.0
82,914.0,0.0,0.0
83,884.0,0.0,0.0
84,915.0,-0.0,0.0
85,901.0,-0.0,0.0
86,945.0,-0.0,0.0
87,923.0,-0.0,0.0
88,971.0,0.0,0.0
89,924.0,0.0,0.0
90,972.0,-0.0,0.0
91,940.0,-0.0,0.0
92,995.0,-0.0,0.0
93,962.0,-0.0,0.0
94,996.0,0.0,0.0
95,962.0,0.0,0.0
96,1020.0,0.0,0.0
97,1049.0,0.0,0.0
98,1022.0,0.141,10.2
99,1049.0,0.035,0.6
100,1147.0,0.0,0.0
101,1123.0,0.0,0.0
102,1150.0,-0.0,0.0
103,1128.0,-0.0,0.0
104,1152.0,0.0,0.0
105,1175.0,0.0,0.0
106,1186.0,-0.358,75.8
107,1183.0,-0.403,95.9
108,1189.0,0.0,0.0
109,1205.0,0.0,0.0
110,1204.0,0.0,0.0
111,1205.0,0.0,0.0
112,1223.0,-0.0,0.0
113,1235.0,-0.0,0.0
114,1224.0,-0.543,180.2
115,1237.0,-0.418,108.3
116,1291.0,-0.0,0.0
117,1284.0,-0.0,0.0
118,1299.0,-0.0,0.0
119,1293.0,-0.0,0.0
120,1316.0,-0.0,0.0
121,1294.0,-0.0,0.0
122,1318.0,0.0,0.0
123,1308.0,0.0,0.0
124,1360.0,0.0,0.0
125,1330.0,0.0,0.0
126,1368.0,0.0,0.0
127,1353.0,0.0,0.0
128,1412.0,0.615,266.8
129,1387.0,0.598,247.9
130,1418.0,-0.0,0.0
131,1424.0,-0.0,0.0
132,1424.0,0.613,267.6
133,1427.0,0.785,440.1
134,1432.0,-0.0,0.0
135,1440.0,-0.0,0.0
136,1480.0,-0.247,45.2
137,1472.0,-0.0,0.0
138,1482.0,-0.0,0.0
139,1472.0,-0.085,5.3
140,1501.0,0.0,0.0
141,1512.0,0.0,0.0
142,1558.0,-0.189,28.0
143,1537.0,-0.583,261.0
144,1578.0,-0.72,408.8
145,1541.0,-0.0,0.0
146,1584.0,-0.0,0.0
147,1572.0,-0.0,0.0
148,1609.0,-0.0,0.0
149,1581.0,-0.369,107.6
150,1649.0,-0.0,0.0
151,1585.0,-0.0,0.0
152,1663.0,0.0,0.0
153,1617.0,0.0,0.0
154,1677.0,-0.0,0.0
155,1627.0,-0.0,0.0
156,3153.0,-0.0,0.0
157,3152.0,-0.0,0.0
158,3155.0,-0.0,0.0
159,3153.0,-0.0,0.0
160,3156.0,-0.0,0.0
161,3155.0,-0.0,0.0
162,3157.0,0.0,0.0
163,3157.0,0.004,0.0
164,3159.0,0.0,0.0
165,3160.0,0.0,0.0
166,3159.0,-0.0,0.0
167,3160.0,-0.0,0.0
168,3162.0,-0.0,0.0
169,3164.0,-0.0,0.0
170,3163.0,0.002,0.0
171,3165.0,0.0,0.0
172,3175.0,-0.0,0.0
173,3176.0,-0.0,0.0
174,3175.0,-0.0,0.0
175,3176.0,-0.0,0.0
176,3187.0,-0.0,0.0
177,3190.0,-0.0,0.0
178,3187.0,-0.017,0.5
179,3190.0,-0.007,0.1
