,Frequencies,Displacement,Reorg Energy
0,-0.0,0.0,-0.0
1,-0.0,0.0,-0.0
2,-0.0,0.0,-0.0
3,-0.0,0.0,-0.0
4,-0.0,0.0,-0.0
5,-0.0,0.0,-0.0
6,-0.0,0.0,-0.0
7,-0.0,0.0,-0.0
8,0.0,-0.0,0.0
9,0.0,-0.0,0.0
10,0.0,-0.0,0.0
11,0.0,-0.0,0.0
12,26.0,0.0,0.0
13,26.0,0.0,0.0
14,59.0,0.0,0.0
15,56.0,0.0,0.0
16,72.0,-0.0,0.0
17,72.0,-0.0,0.0
18,90.0,0.0,0.0
19,89.0,0.0,0.0
20,122.0,-0.0,0.0
21,121.0,-0.0,0.0
22,140.0,0.0,0.0
23,139.0,0.0,0.0
24,190.0,0.0,0.0
25,190.0,0.0,0.0
26,193.0,-0.0,0.0
27,194.0,-0.0,0.0
28,224.0,0.0,0.0
29,219.0,0.0,0.0
30,225.0,-0.598,40.2
31,224.0,-0.609,41.5
32,277.0,-0.0,0.0
33,276.0,-0.0,0.0
34,296.0,0.0,0.0
35,296.0,0.0,0.0
36,308.0,-0.0,0.0
37,318.0,-0.0,0.0
38,370.0,-0.0,0.0
39,353.0,-0.0,0.0
40,377.0,0.0,0.0
41,364.0,0.0,0.0
42,392.0,0.0,0.0
43,392.0,0.0,0.0
44,428.0,0.0,0.0
45,424.0,0.0,0.0
46,467.0,-0.0,0.0
47,428.0,-0.0,0.0
48,469.0,-0.0,0.0
49,444.0,-0.0,0.0
50,472.0,0.0,0.0
51,453.0,0.0,0.0
52,474.0,-0.0,0.0
53,471.0,-0.0,0.0
54,476.0,0.0,0.0
55,473.0,0.0,0.0
56,478.0,-0.0,0.0
57,476.0,-0.0,0.0
58,494.0,-0.0,0.0
59,492.0,-0.0,0.0
60,530.0,-0.0,0.0
61,542.0,-0.0,0.0
62,546.0,-0.0,0.0
63,548.0,-0.0,0.0
64,562.0,0.0,0.0
65,568.0,0.0,0.0
66,579.0,-0.16,7.4
67,575.0,-0.16,7.4
68,631.0,-0.0,0.0
69,627.0,-0.0,0.0
70,643.0,0.113,4.1
71,631.0,0.0,0.0
72,648.0,0.0,0.0
73,635.0,0.116,4.3
74,672.0,-0.0,0.0
75,676.0,-0.0,0.0
76,703.0,0.0,0.0
77,679.0,0.0,0.0
78,739.0,0.0,0.0
79,702.0,0.0,0.0
80,743.0,-0.0,0.0
81,704.0,-0.0,0.0
82,746.0,-0.0,0.0
83,747.0,-0.0,0.0
84,749.0,0.0,0.0
85,748.0,0.0,0.0
86,757.0,0.077,2.3
87,750.0,0.0,0.0
88,759.0,0.0,0.0
89,752.0,0.235,20.7
90,761.0,-0.378,54.3
91,753.0,-0.0,0.0
92,771.0,0.0,0.0
93,754.0,0.0,0.0
94,772.0,-0.0,0.0
95,768.0,-0.277,29.4
96,802.0,-0.0,0.0
97,806.0,-0.0,0.0
98,824.0,0.0,0.0
99,808.0,0.0,0.0
100,831.0,0.0,0.0
101,823.0,0.0,0.0
102,839.0,0.0,0.0
103,833.0,0.0,0.0
104,844.0,-0.0,0.0
105,838.0,-0.0,0.0
106,846.0,0.0,0.0
107,849.0,0.0,0.0
108,863.0,-0.0,0.0
109,851.0,-0.0,0.0
110,866.0,0.0,0.0
111,855.0,0.0,0.0
112,887.0,-0.0,0.0
113,871.0,-0.0,0.0
114,899.0,-0.039,0.7
115,883.0,-0.0,0.0
116,901.0,-0.0,0.0
117,889.0,-0.0,0.0
118,906.0,-0.0,0.0
119,894.0,-0.0,0.0
120,915.0,-0.0,0.0
121,899.0,-0.0,0.0
122,924.0,-0.0,0.0
123,906.0,-0.043,0.8
124,929.0,0.0,0.0
125,925.0,0.0,0.0
126,933.0,0.0,0.0
127,929.0,0.0,0.0
128,973.0,0.0,0.0
129,951.0,0.0,0.0
130,973.0,0.0,0.0
131,951.0,0.0,0.0
132,995.0,-0.0,0.0
133,981.0,-0.0,0.0
134,995.0,-0.0,0.0
135,981.0,-0.0,0.0
136,1015.0,-0.0,0.0
137,1043.0,-0.0,0.0
138,1016.0,0.171,14.9
139,1043.0,0.113,6.6
140,1121.0,-0.0,0.0
141,1139.0,-0.0,0.0
142,1150.0,-0.0,0.0
143,1142.0,-0.0,0.0
144,1152.0,-0.0,0.0
145,1174.0,-0.0,0.0
146,1183.0,0.419,103.9
147,1180.0,0.462,126.0
148,1187.0,0.0,0.0
149,1192.0,0.0,0.0
150,1198.0,0.519,161.6
151,1204.0,0.0,0.0
152,1198.0,-0.0,0.0
153,1205.0,-0.509,156.3
154,1205.0,0.0,0.0
155,1207.0,0.0,0.0
156,1216.0,0.0,0.0
157,1221.0,0.0,0.0
158,1228.0,-0.0,0.0
159,1227.0,-0.0,0.0
160,1261.0,-0.0,0.0
161,1277.0,-0.142,12.8
162,1271.0,-0.051,1.6
163,1281.0,-0.0,0.0
164,1294.0,-0.0,0.0
165,1291.0,-0.0,0.0
166,1297.0,-0.0,0.0
167,1293.0,-0.0,0.0
168,1305.0,-0.0,0.0
169,1299.0,-0.0,0.0
170,1316.0,0.0,0.0
171,1305.0,0.0,0.0
172,1327.0,-0.0,0.0
173,1318.0,-0.0,0.0
174,1343.0,0.0,0.0
175,1322.0,0.0,0.0
176,1351.0,0.0,0.0
177,1361.0,0.0,0.0
178,1386.0,-0.0,0.0
179,1368.0,-0.0,0.0
180,1404.0,-0.751,396.2
181,1385.0,-0.248,42.8
182,1418.0,0.099,6.9
183,1409.0,0.748,394.5
184,1418.0,-0.0,0.0
185,1416.0,-0.0,0.0
186,1421.0,0.0,0.0
187,1425.0,0.239,40.8
188,1428.0,0.228,37.0
189,1428.0,0.0,0.0
190,1434.0,0.0,0.0
191,1431.0,0.0,0.0
192,1475.0,0.0,0.0
193,1470.0,0.093,6.4
194,1476.0,0.14,14.5
195,1476.0,0.0,0.0
196,1488.0,-0.0,0.0
197,1502.0,-0.0,0.0
198,1530.0,-0.018,0.3
199,1519.0,-0.25,47.6
200,1547.0,0.463,165.6
201,1527.0,0.0,0.0
202,1556.0,0.0,0.0
203,1532.0,0.312,74.4
204,1575.0,-0.0,0.0
205,1539.0,-0.0,0.0
206,1578.0,-0.15,17.6
207,1573.0,-0.0,0.0
208,1581.0,0.0,0.0
209,1577.0,0.097,7.4
210,1615.0,-0.0,0.0
211,1597.0,-0.0,0.0
212,1629.0,0.0,0.0
213,1609.0,0.0,0.0
214,1652.0,-0.0,0.0
215,1635.0,-0.0,0.0
216,1671.0,-0.0,0.0
217,1639.0,-0.0,0.0
218,1676.0,0.0,0.0
219,1650.0,0.0,0.0
220,3155.0,0.0,0.0
221,3152.0,0.0,0.0
222,3155.0,0.0,0.0
223,3154.0,0.0,0.0
224,3156.0,-0.0,0.0
225,3154.0,-0.0,0.0
226,3156.0,0.0,0.0
227,3155.0,0.001,0.0
228,3157.0,-0.002,0.0
229,3156.0,-0.0,0.0
230,3158.0,0.0,0.0
231,3157.0,0.0,0.0
232,3159.0,-0.0,0.0
233,3158.0,-0.0,0.0
234,3159.0,0.0,0.0
235,3158.0,0.0,0.0
236,3161.0,-0.0,0.0
237,3159.0,-0.0,0.0
238,3161.0,0.0,0.0
239,3160.0,0.0,0.0
240,3162.0,-0.0,0.0
241,3162.0,-0.0,0.0
242,3164.0,-0.005,0.0
243,3162.0,-0.007,0.1
244,3176.0,-0.0,0.0
245,3176.0,-0.0,0.0
246,3176.0,-0.0,0.0
247,3176.0,-0.0,0.0
248,3188.0,-0.0,0.0
249,3189.0,-0.0,0.0
250,3188.0,-0.005,0.0
251,3190.0,-0.001,0.0
