,Frequencies,Displacement,Reorg Energy
0,-0.0,0.0,-0.0
1,-0.0,0.0,-0.0
2,-0.0,-0.0,-0.0
3,-0.0,-0.0,-0.0
4,-0.0,-0.0,-0.0
5,-0.0,-0.0,-0.0
6,0.0,0.0,0.0
7,-0.0,0.0,-0.0
8,0.0,-0.0,0.0
9,0.0,-0.0,0.0
10,0.0,0.0,0.0
11,0.0,0.0,0.0
12,173.0,-0.0,0.0
13,153.0,-0.0,0.0
14,186.0,0.0,0.0
15,163.0,0.0,0.0
16,366.0,0.0,0.0
17,272.0,0.0,0.0
18,395.0,-0.0,0.0
19,358.0,-0.0,0.0
20,480.0,0.0,0.0
21,380.0,0.0,0.0
22,487.0,0.0,0.0
23,469.0,0.0,0.0
24,519.0,-0.0,0.0
25,476.0,-0.0,0.0
26,520.0,1.158,348.7
27,481.0,0.0,0.0
28,635.0,-0.0,0.0
29,505.0,-1.179,351.2
30,636.0,-0.0,0.0
31,563.0,-0.0,0.0
32,729.0,0.0,0.0
33,685.0,0.0,0.0
34,773.0,0.021,0.2
35,690.0,0.0,0.0
36,786.0,0.0,0.0
37,706.0,0.0,0.0
38,799.0,0.0,0.0
39,736.0,0.0,0.0
40,809.0,-0.0,0.0
41,757.0,-0.112,4.8
42,848.0,0.0,0.0
43,796.0,0.0,0.0
44,896.0,0.0,0.0
45,828.0,0.0,0.0
46,951.0,0.0,0.0
47,842.0,0.0,0.0
48,956.0,-0.0,0.0
49,848.0,-0.0,0.0
50,973.0,-0.0,0.0
51,918.0,-0.0,0.0
52,993.0,0.0,0.0
53,921.0,0.0,0.0
54,1000.0,0.0,0.0
55,922.0,0.0,0.0
56,1035.0,0.0,0.0
57,1010.0,0.0,0.0
58,1046.0,-0.165,14.2
59,1045.0,-0.0,0.0
60,1151.0,0.0,0.0
61,1057.0,0.495,129.8
62,1169.0,0.0,0.0
63,1084.0,0.0,0.0
64,1172.0,0.0,0.0
65,1178.0,0.361,76.8
66,1185.0,0.453,121.5
67,1180.0,0.0,0.0
68,1232.0,0.0,0.0
69,1229.0,0.0,0.0
70,1270.0,-0.0,0.0
71,1248.0,-0.0,0.0
72,1287.0,-0.0,0.0
73,1285.0,-0.0,0.0
74,1391.0,-0.0,0.0
75,1397.0,-1.117,872.0
76,1398.0,-1.124,883.7
77,1410.0,-0.0,0.0
78,1418.0,-0.0,0.0
79,1421.0,-0.0,0.0
80,1490.0,-0.298,66.2
81,1438.0,-0.0,0.0
82,1491.0,0.0,0.0
83,1478.0,0.191,26.9
84,1548.0,-0.0,0.0
85,1489.0,-0.0,0.0
86,1613.0,1.124,1019.3
87,1491.0,0.0,0.0
88,1641.0,-0.0,0.0
89,1576.0,-0.0,0.0
90,1670.0,0.0,0.0
91,1609.0,0.936,704.5
92,3154.0,0.0,0.0
93,3160.0,0.0,0.0
94,3156.0,-0.0,0.0
95,3163.0,-0.0,0.0
96,3158.0,-0.0,0.0
97,3164.0,-0.0,0.0
98,3162.0,0.02,0.6
99,3169.0,0.025,1.0
100,3172.0,-0.0,0.0
101,3175.0,-0.0,0.0
102,3173.0,-0.0,0.0
103,3177.0,-0.0,0.0
104,3185.0,0.0,0.0
105,3191.0,0.0,0.0
106,3186.0,-0.05,4.0
107,3193.0,-0.028,1.2
