,Frequencies,Displacement,Reorg Energy
0,-0.0,0.0,-0.0
1,-0.0,0.0,-0.0
2,-0.0,-0.0,-0.0
3,-0.0,-0.0,-0.0
4,-0.0,-0.0,-0.0
5,-0.0,-0.0,-0.0
6,-0.0,0.0,-0.0
7,0.0,0.0,0.0
8,0.0,-0.0,0.0
9,0.0,-0.0,0.0
10,0.0,0.0,0.0
11,0.0,0.0,0.0
12,36.0,-0.0,0.0
13,36.0,-0.0,0.0
14,71.0,-0.0,0.0
15,67.0,-0.0,0.0
16,101.0,-0.0,0.0
17,99.0,-0.0,0.0
18,119.0,-0.0,0.0
19,118.0,-0.0,0.0
20,149.0,-0.0,0.0
21,147.0,-0.0,0.0
22,192.0,-0.0,0.0
23,187.0,-0.0,0.0
24,238.0,0.0,0.0
25,238.0,0.0,0.0
26,240.0,0.0,0.0
27,239.0,0.0,0.0
28,264.0,0.671,59.3
29,262.0,0.682,60.9
30,293.0,0.0,0.0
31,301.0,0.0,0.0
32,349.0,-0.0,0.0
33,332.0,-0.0,0.0
34,362.0,0.0,0.0
35,358.0,0.0,0.0
36,379.0,0.0,0.0
37,362.0,0.0,0.0
38,454.0,-0.0,0.0
39,426.0,-0.0,0.0
40,469.0,-0.0,0.0
41,442.0,-0.0,0.0
42,471.0,0.0,0.0
43,451.0,0.0,0.0
44,477.0,-0.0,0.0
45,461.0,-0.0,0.0
46,478.0,0.0,0.0
47,469.0,0.0,0.0
48,491.0,-0.0,0.0
49,485.0,-0.0,0.0
50,513.0,0.0,0.0
51,509.0,0.0,0.0
52,526.0,0.0,0.0
53,538.0,0.0,0.0
54,554.0,0.0,0.0
55,548.0,0.0,0.0
56,579.0,0.0,0.0
57,586.0,0.0,0.0
58,616.0,0.223,15.4
59,612.0,0.199,12.1
60,639.0,-0.0,0.0
61,627.0,-0.104,3.4
62,647.0,-0.049,0.8
63,631.0,-0.0,0.0
64,716.0,-0.0,0.0
65,683.0,-0.0,0.0
66,725.0,0.0,0.0
67,690.0,0.0,0.0
68,744.0,-0.0,0.0
69,728.0,-0.0,0.0
70,746.0,0.0,0.0
71,740.0,0.0,0.0
72,752.0,0.0,0.0
73,743.0,0.0,0.0
74,752.0,0.0,0.0
75,744.0,0.0,0.0
76,762.0,-0.335,42.7
77,745.0,-0.0,0.0
78,771.0,-0.0,0.0
79,751.0,-0.0,0.0
80,774.0,0.0,0.0
81,755.0,0.321,38.8
82,795.0,-0.13,6.8
83,802.0,-0.0,0.0
84,837.0,0.0,0.0
85,803.0,0.109,4.8
86,840.0,-0.0,0.0
87,828.0,-0.0,0.0
88,840.0,0.0,0.0
89,832.0,0.0,0.0
90,847.0,0.0,0.0
91,841.0,0.0,0.0
92,874.0,0.0,0.0
93,858.0,0.0,0.0
94,887.0,-0.0,0.0
95,865.0,-0.0,0.0
96,889.0,0.0,0.0
97,880.0,0.0,0.0
98,900.0,-0.0,0.0
99,889.0,-0.0,0.0
100,915.0,-0.0,0.0
101,889.0,-0.0,0.0
102,921.0,-0.0,0.0
103,896.0,-0.0,0.0
104,922.0,0.0,0.0
105,916.0,0.0,0.0
106,936.0,-0.0,0.0
107,932.0,-0.0,0.0
108,973.0,0.0,0.0
109,941.0,0.0,0.0
110,973.0,-0.0,0.0
111,941.0,-0.0,0.0
112,995.0,0.0,0.0
113,974.0,0.0,0.0
114,995.0,0.0,0.0
115,974.0,0.0,0.0
116,1016.0,0.0,0.0
117,1047.0,0.0,0.0
118,1019.0,-0.168,14.4
119,1047.0,-0.066,2.3
120,1134.0,-0.0,0.0
121,1130.0,-0.0,0.0
122,1144.0,-0.0,0.0
123,1141.0,-0.0,0.0
124,1158.0,0.0,0.0
125,1175.0,0.0,0.0
126,1185.0,-0.331,64.7
127,1182.0,-0.395,92.1
128,1188.0,-0.0,0.0
129,1198.0,-0.0,0.0
130,1200.0,-0.0,0.0
131,1205.0,-0.0,0.0
132,1207.0,0.56,189.2
133,1212.0,0.0,0.0
134,1210.0,0.0,0.0
135,1218.0,0.51,158.3
136,1242.0,-0.0,0.0
137,1256.0,-0.0,0.0
138,1251.0,-0.0,0.0
139,1259.0,-0.0,0.0
140,1294.0,0.0,0.0
141,1289.0,0.0,0.0
142,1295.0,-0.0,0.0
143,1291.0,-0.0,0.0
144,1312.0,0.0,0.0
145,1301.0,0.0,0.0
146,1319.0,-0.0,0.0
147,1313.0,-0.175,20.2
148,1334.0,0.1,6.6
149,1315.0,0.0,0.0
150,1359.0,0.0,0.0
151,1346.0,0.0,0.0
152,1376.0,-0.0,0.0
153,1353.0,-0.0,0.0
154,1410.0,-0.734,380.0
155,1383.0,-0.465,149.5
156,1416.0,0.0,0.0
157,1417.0,0.0,0.0
158,1419.0,0.0,0.0
159,1426.0,0.75,401.1
160,1427.0,0.0,0.0
161,1428.0,0.0,0.0
162,1434.0,-0.378,102.4
163,1434.0,-0.0,0.0
164,1478.0,-0.0,0.0
165,1471.0,-0.0,0.0
166,1478.0,-0.0,0.0
167,1475.0,-0.0,0.0
168,1493.0,0.14,14.7
169,1507.0,0.135,13.8
170,1542.0,-0.0,0.0
171,1523.0,-0.0,0.0
172,1557.0,-0.534,222.2
173,1534.0,-0.498,190.5
174,1577.0,-0.283,63.1
175,1542.0,-0.0,0.0
176,1579.0,0.0,0.0
177,1571.0,0.0,0.0
178,1594.0,-0.0,0.0
179,1578.0,-0.185,26.9
180,1633.0,0.0,0.0
181,1597.0,0.0,0.0
182,1642.0,-0.0,0.0
183,1612.0,-0.0,0.0
184,1673.0,-0.0,0.0
185,1637.0,-0.0,0.0
186,1674.0,-0.0,0.0
187,1639.0,-0.0,0.0
188,3154.0,-0.0,0.0
189,3153.0,-0.0,0.0
190,3155.0,0.0,0.0
191,3154.0,0.0,0.0
192,3156.0,0.002,0.0
193,3155.0,0.0,0.0
194,3156.0,0.0,0.0
195,3156.0,0.0,0.0
196,3157.0,0.0,0.0
197,3156.0,0.0,0.0
198,3158.0,0.0,0.0
199,3158.0,0.0,0.0
200,3159.0,-0.0,0.0
201,3159.0,-0.0,0.0
202,3160.0,-0.0,0.0
203,3159.0,-0.003,0.0
204,3161.0,-0.0,0.0
205,3162.0,-0.0,0.0
206,3163.0,-0.001,0.0
207,3162.0,-0.003,0.0
208,3175.0,-0.0,0.0
209,3176.0,-0.0,0.0
210,3175.0,0.0,0.0
211,3176.0,0.0,0.0
212,3188.0,0.0,0.0
213,3190.0,0.0,0.0
214,3188.0,-0.011,0.2
215,3191.0,-0.005,0.0
