,Frequencies,Displacement,Reorg Energy
0,-0.0,0.0,-0.0
1,-148.0,0.0,-0.0
2,-0.0,0.0,-0.0
3,-0.0,0.0,-0.0
4,0.0,0.0,0.0
5,-0.0,0.0,-0.0
6,0.0,0.0,0.0
7,0.0,0.0,0.0
8,0.0,-0.0,0.0
9,0.0,-0.0,0.0
10,0.0,0.0,0.0
11,0.0,0.0,0.0
12,88.0,0.0,0.0
13,0.0,0.0,0.0
14,88.0,-0.0,0.0
15,83.0,-0.0,0.0
16,126.0,-0.0,0.0
17,87.0,-0.0,0.0
18,165.0,-0.0,0.0
19,132.0,-0.0,0.0
20,227.0,-0.0,0.0
21,153.0,-0.0,0.0
22,297.0,0.0,0.0
23,228.0,0.0,0.0
24,297.0,0.0,0.0
25,274.0,0.0,0.0
26,302.0,0.0,0.0
27,280.0,0.0,0.0
28,302.0,-0.0,0.0
29,297.0,-0.0,0.0
30,370.0,-0.295,16.1
31,304.0,-0.0,0.0
32,370.0,0.0,0.0
33,365.0,0.297,16.1
34,385.0,-0.0,0.0
35,378.0,-0.0,0.0
36,385.0,0.0,0.0
37,385.0,0.0,0.0
38,457.0,-0.0,0.0
39,420.0,-0.0,0.0
40,457.0,-0.0,0.0
41,425.0,-0.0,0.0
42,481.0,-0.0,0.0
43,462.0,-0.0,0.0
44,485.0,-0.646,101.2
45,475.0,-0.0,0.0
46,498.0,-0.0,0.0
47,482.0,-0.641,99.1
48,498.0,-0.209,10.9
49,498.0,-0.207,10.7
50,530.0,-0.0,0.0
51,501.0,-0.0,0.0
52,553.0,0.0,0.0
53,539.0,0.0,0.0
54,553.0,0.0,0.0
55,540.0,0.0,0.0
56,565.0,-0.0,0.0
57,552.0,-0.0,0.0
58,565.0,0.0,0.0
59,554.0,0.0,0.0
60,624.0,0.0,0.0
61,564.0,0.0,0.0
62,646.0,0.0,0.0
63,614.0,0.0,0.0
64,672.0,-0.0,0.0
65,640.0,-0.0,0.0
66,672.0,-0.0,0.0
67,644.0,-0.0,0.0
68,681.0,-0.0,0.0
69,663.0,-0.0,0.0
70,691.0,0.0,0.0
71,677.0,0.0,0.0
72,691.0,0.062,1.3
73,688.0,0.051,0.9
74,773.0,0.0,0.0
75,693.0,0.0,0.0
76,773.0,-0.0,0.0
77,726.0,-0.0,0.0
78,776.0,0.0,0.0
79,730.0,0.0,0.0
80,784.0,-0.0,0.0
81,752.0,-0.0,0.0
82,785.0,0.0,0.0
83,759.0,0.0,0.0
84,785.0,-0.0,0.0
85,767.0,-0.0,0.0
86,818.0,-0.0,0.0
87,779.0,-0.0,0.0
88,818.0,-0.0,0.0
89,788.0,-0.0,0.0
90,824.0,0.0,0.0
91,793.0,0.0,0.0
92,824.0,-0.0,0.0
93,793.0,-0.0,0.0
94,854.0,-0.0,0.0
95,800.0,-0.0,0.0
96,854.0,0.0,0.0
97,808.0,0.0,0.0
98,874.0,0.0,0.0
99,813.0,0.0,0.0
100,942.0,0.0,0.0
101,815.0,0.0,0.0
102,960.0,0.0,0.0
103,881.0,0.0,0.0
104,966.0,0.0,0.0
105,885.0,0.0,0.0
106,966.0,0.0,0.0
107,887.0,0.0,0.0
108,977.0,-0.0,0.0
109,893.0,-0.0,0.0
110,977.0,-0.0,0.0
111,933.0,-0.0,0.0
112,983.0,0.0,0.0
113,933.0,0.0,0.0
114,1010.0,-0.104,5.4
115,934.0,-0.0,0.0
116,1010.0,-0.0,0.0
117,998.0,-0.095,4.5
118,1049.0,0.02,0.2
119,1009.0,0.0,0.0
120,1159.0,-0.0,0.0
121,1037.0,-0.059,1.8
122,1159.0,0.0,0.0
123,1131.0,0.0,0.0
124,1159.0,0.0,0.0
125,1134.0,0.0,0.0
126,1182.0,-0.0,0.0
127,1146.0,-0.0,0.0
128,1182.0,0.236,33.0
129,1169.0,0.234,32.1
130,1184.0,0.0,0.0
131,1174.0,0.0,0.0
132,1213.0,0.0,0.0
133,1175.0,0.0,0.0
134,1237.0,-0.0,0.0
135,1220.0,-0.0,0.0
136,1237.0,0.0,0.0
137,1220.0,0.089,4.9
138,1244.0,0.002,0.0
139,1222.0,0.0,0.0
140,1249.0,-0.0,0.0
141,1241.0,-0.0,0.0
142,1249.0,-0.293,53.7
143,1248.0,-0.0,0.0
144,1258.0,0.0,0.0
145,1257.0,0.18,20.4
146,1338.0,-0.0,0.0
147,1300.0,-0.0,0.0
148,1338.0,-0.0,0.0
149,1317.0,-0.0,0.0
150,1372.0,0.547,205.0
151,1324.0,0.0,0.0
152,1373.0,-0.0,0.0
153,1355.0,-0.0,0.0
154,1423.0,0.0,0.0
155,1357.0,0.0,0.0
156,1423.0,0.172,21.1
157,1358.0,0.549,204.9
158,1425.0,-0.0,0.0
159,1381.0,-0.0,0.0
160,1425.0,-0.0,0.0
161,1402.0,-0.102,7.3
162,1445.0,0.0,0.0
163,1411.0,0.0,0.0
164,1465.0,-0.0,0.0
165,1432.0,-0.0,0.0
166,1465.0,-0.167,20.5
167,1450.0,-0.0,0.0
168,1481.0,-0.0,0.0
169,1469.0,-0.0,0.0
170,1481.0,0.109,8.8
171,1474.0,0.001,0.0
172,1518.0,-0.0,0.0
173,1489.0,-0.205,31.2
174,1533.0,0.0,0.0
175,1497.0,0.0,0.0
176,1533.0,-0.0,0.0
177,1498.0,-0.0,0.0
178,1573.0,0.0,0.0
179,1530.0,0.0,0.0
180,1584.0,0.0,0.0
181,1534.0,0.0,0.0
182,1639.0,-0.06,3.0
183,1566.0,-0.0,0.0
184,1654.0,-0.0,0.0
185,1605.0,-0.0,0.0
186,1654.0,-0.0,0.0
187,1610.0,-0.18,26.0
188,1654.0,-0.523,226.0
189,1616.0,-0.0,0.0
190,1654.0,0.0,0.0
191,1659.0,0.533,235.8
192,3155.0,0.0,0.0
193,3117.0,0.0,0.0
194,3156.0,0.0,0.0
195,3117.0,0.0,0.0
196,3156.0,0.0,0.0
197,3118.0,0.0,0.0
198,3158.0,0.0,0.0
199,3119.0,0.0,0.0
200,3158.0,0.03,1.4
201,3120.0,0.039,2.4
202,3158.0,0.0,0.0
203,3122.0,0.0,0.0
204,3173.0,-0.0,0.0
205,3142.0,-0.0,0.0
206,3174.0,-0.012,0.2
207,3143.0,-0.037,2.2
208,3174.0,-0.0,0.0
209,3146.0,-0.0,0.0
210,3175.0,-0.0,0.0
211,3146.0,-0.0,0.0
212,3175.0,0.0,0.0
213,3151.0,0.0,0.0
214,3177.0,-0.053,4.4
215,3152.0,-0.033,1.7
