,Frequencies,Displacement,Reorg Energy
0,-84.0,-0.0,-0.0
1,-52.0,-0.0,-0.0
2,-0.0,0.0,-0.0
3,-0.0,0.0,-0.0
4,-0.0,0.0,-0.0
5,-0.0,0.0,-0.0
6,-0.0,0.0,-0.0
7,-0.0,0.0,-0.0
8,-0.0,-0.0,-0.0
9,-0.0,-0.0,-0.0
10,0.0,0.0,0.0
11,0.0,0.0,0.0
12,0.0,-0.0,0.0
13,0.0,-0.0,0.0
14,95.0,0.0,0.0
15,80.0,0.0,0.0
16,190.0,0.0,0.0
17,187.0,0.0,0.0
18,224.0,-0.0,0.0
19,196.0,-0.0,0.0
20,336.0,-1.049,184.5
21,342.0,-1.066,194.0
22,393.0,-0.0,0.0
23,372.0,-0.0,0.0
24,413.0,-0.0,0.0
25,374.0,-0.0,0.0
26,415.0,0.0,0.0
27,408.0,0.0,0.0
28,448.0,-0.0,0.0
29,415.0,-0.0,0.0
30,555.0,-0.0,0.0
31,499.0,-0.0,0.0
32,624.0,0.0,0.0
33,588.0,0.0,0.0
34,627.0,0.0,0.0
35,610.0,0.0,0.0
36,645.0,-0.0,0.0
37,613.0,-0.0,0.0
38,680.0,-0.0,0.0
39,641.0,-0.0,0.0
40,714.0,-0.0,0.0
41,646.0,-0.0,0.0
42,748.0,0.0,0.0
43,747.0,0.659,162.3
44,753.0,-0.634,151.3
45,771.0,-0.0,0.0
46,802.0,-0.0,0.0
47,810.0,-0.0,0.0
48,821.0,-0.0,0.0
49,814.0,-0.0,0.0
50,851.0,0.0,0.0
51,826.0,0.0,0.0
52,919.0,-0.0,0.0
53,953.0,-0.0,0.0
54,920.0,-0.0,0.0
55,964.0,-0.0,0.0
56,962.0,-0.0,0.0
57,971.0,-0.0,0.0
58,977.0,-0.0,0.0
59,1000.0,-0.0,0.0
60,995.0,0.0,0.0
61,1005.0,0.381,73.1
62,999.0,0.0,0.0
63,1010.0,0.0,0.0
64,1010.0,-0.0,0.0
65,1015.0,-0.0,0.0
66,1019.0,-0.392,78.4
67,1026.0,-0.0,0.0
68,1024.0,-0.0,0.0
69,1029.0,-0.0,0.0
70,1064.0,0.0,0.0
71,1029.0,0.0,0.0
72,1064.0,0.178,16.9
73,1039.0,0.221,25.3
74,1106.0,-0.0,0.0
75,1120.0,-0.0,0.0
76,1119.0,0.0,0.0
77,1127.0,0.0,0.0
78,1182.0,0.0,0.0
79,1185.0,0.0,0.0
80,1190.0,0.0,0.0
81,1189.0,0.0,0.0
82,1205.0,-0.0,0.0
83,1213.0,-0.0,0.0
84,1239.0,0.41,103.9
85,1256.0,0.42,111.0
86,1283.0,0.511,167.5
87,1295.0,0.0,0.0
88,1300.0,0.0,0.0
89,1349.0,0.454,138.7
90,1324.0,-0.0,0.0
91,1349.0,-0.0,0.0
92,1356.0,0.0,0.0
93,1376.0,0.0,0.0
94,1379.0,0.0,0.0
95,1388.0,0.0,0.0
96,1460.0,0.0,0.0
97,1453.0,0.0,0.0
98,1494.0,0.0,0.0
99,1477.0,0.0,0.0
100,1518.0,-0.0,0.0
101,1486.0,-0.0,0.0
102,1551.0,-0.173,23.3
103,1531.0,-0.175,23.4
104,1614.0,-0.0,0.0
105,1543.0,-0.0,0.0
106,1628.0,0.0,0.0
107,1557.0,0.0,0.0
108,1641.0,-0.642,338.0
109,1613.0,-0.0,0.0
110,1649.0,-0.0,0.0
111,1655.0,-0.638,336.7
112,3161.0,0.0,0.0
113,3190.0,0.0,0.0
114,3162.0,0.016,0.4
115,3191.0,0.01,0.2
116,3169.0,0.0,0.0
117,3200.0,0.0,0.0
118,3171.0,-0.0,0.0
119,3201.0,-0.0,0.0
120,3185.0,-0.0,0.0
121,3206.0,-0.0,0.0
122,3188.0,-0.015,0.4
123,3207.0,-0.024,0.9
124,3193.0,-0.0,0.0
125,3223.0,-0.0,0.0
126,3196.0,-0.0,0.0
127,3224.0,-0.0,0.0
128,3209.0,-0.0,0.0
129,3243.0,-0.0,0.0
130,3211.0,0.047,3.5
131,3244.0,0.043,2.9
