,Frequencies,Displacement,Reorg Energy
0,-102.0,-0.0,-0.0
1,-42.0,-0.0,-0.0
2,-81.0,-0.0,-0.0
3,-31.0,-0.0,-0.0
4,-43.0,-0.0,-0.0
5,-0.0,-0.0,-0.0
6,0.0,0.0,0.0
7,-0.0,0.0,-0.0
8,0.0,-0.0,0.0
9,-0.0,-0.0,-0.0
10,0.0,-0.0,0.0
11,-0.0,-0.0,-0.0
12,0.0,-0.0,0.0
13,0.0,-0.0,0.0
14,0.0,-0.0,0.0
15,0.0,-0.0,0.0
16,0.0,0.0,0.0
17,20.0,0.0,0.0
18,21.0,-0.0,0.0
19,47.0,-0.0,0.0
20,58.0,-0.0,0.0
21,57.0,-0.0,0.0
22,59.0,0.0,0.0
23,59.0,0.0,0.0
24,123.0,0.0,0.0
25,115.0,0.0,0.0
26,142.0,-0.0,0.0
27,145.0,-0.0,0.0
28,172.0,-0.0,0.0
29,149.0,-0.0,0.0
30,173.0,1.895,311.4
31,174.0,1.915,318.7
32,230.0,0.0,0.0
33,231.0,0.0,0.0
34,257.0,0.0,0.0
35,252.0,0.0,0.0
36,336.0,-0.0,0.0
37,306.0,-0.0,0.0
38,344.0,-0.0,0.0
39,326.0,-0.0,0.0
40,366.0,0.0,0.0
41,373.0,0.0,0.0
42,382.0,0.0,0.0
43,390.0,0.0,0.0
44,395.0,-0.0,0.0
45,397.0,-0.0,0.0
46,409.0,0.0,0.0
47,403.0,0.0,0.0
48,416.0,0.0,0.0
49,405.0,0.0,0.0
50,431.0,0.0,0.0
51,434.0,0.0,0.0
52,457.0,0.0,0.0
53,462.0,0.0,0.0
54,476.0,-0.0,0.0
55,472.0,-0.11,2.8
56,477.0,0.102,2.5
57,490.0,0.0,0.0
58,509.0,0.0,0.0
59,494.0,0.0,0.0
60,553.0,0.0,0.0
61,544.0,0.0,0.0
62,556.0,-0.0,0.0
63,583.0,-0.0,0.0
64,626.0,0.0,0.0
65,615.0,0.0,0.0
66,631.0,0.0,0.0
67,618.0,0.0,0.0
68,633.0,-0.0,0.0
69,619.0,-0.0,0.0
70,654.0,-0.0,0.0
71,635.0,-0.0,0.0
72,669.0,0.0,0.0
73,645.0,0.0,0.0
74,688.0,0.108,4.0
75,685.0,0.0,0.0
76,693.0,0.0,0.0
77,685.0,0.0,0.0
78,697.0,0.0,0.0
79,688.0,0.104,3.7
80,727.0,0.0,0.0
81,727.0,0.0,0.0
82,732.0,-0.0,0.0
83,738.0,-0.0,0.0
84,754.0,0.0,0.0
85,744.0,0.0,0.0
86,772.0,0.0,0.0
87,778.0,0.0,0.0
88,788.0,0.0,0.0
89,791.0,0.571,129.0
90,800.0,-0.0,0.0
91,801.0,-0.0,0.0
92,805.0,0.542,118.2
93,809.0,0.0,0.0
94,816.0,0.0,0.0
95,830.0,0.0,0.0
96,839.0,0.0,0.0
97,841.0,0.0,0.0
98,842.0,0.0,0.0
99,845.0,0.0,0.0
100,846.0,0.0,0.0
101,853.0,0.0,0.0
102,859.0,-0.0,0.0
103,873.0,-0.0,0.0
104,919.0,0.0,0.0
105,889.0,0.0,0.0
106,919.0,-0.0,0.0
107,946.0,-0.0,0.0
108,938.0,0.0,0.0
109,949.0,0.0,0.0
110,949.0,-0.0,0.0
111,964.0,-0.144,10.1
112,957.0,-0.0,0.0
113,980.0,-0.0,0.0
114,960.0,0.0,0.0
115,992.0,0.0,0.0
116,973.0,0.0,0.0
117,992.0,0.0,0.0
118,975.0,-0.0,0.0
119,996.0,-0.0,0.0
120,998.0,0.0,0.0
121,1005.0,0.185,17.1
122,998.0,-0.0,0.0
123,1010.0,-0.0,0.0
124,1011.0,0.0,0.0
125,1011.0,0.0,0.0
126,1015.0,0.112,6.3
127,1012.0,0.0,0.0
128,1016.0,-0.0,0.0
129,1027.0,-0.223,25.6
130,1021.0,0.319,51.9
131,1033.0,0.0,0.0
132,1022.0,-0.0,0.0
133,1033.0,-0.0,0.0
134,1045.0,0.059,1.8
135,1035.0,0.0,0.0
136,1061.0,-0.0,0.0
137,1053.0,-0.0,0.0
138,1065.0,-0.204,22.1
139,1053.0,-0.0,0.0
140,1065.0,0.0,0.0
141,1055.0,0.189,18.9
142,1112.0,-0.0,0.0
143,1076.0,-0.0,0.0
144,1112.0,-0.0,0.0
145,1108.0,-0.0,0.0
146,1156.0,0.0,0.0
147,1112.0,0.0,0.0
148,1172.0,-0.0,0.0
149,1140.0,-0.0,0.0
150,1187.0,-0.0,0.0
151,1141.0,-0.0,0.0
152,1190.0,0.0,0.0
153,1185.0,0.0,0.0
154,1209.0,0.0,0.0
155,1185.0,0.0,0.0
156,1215.0,-0.129,10.0
157,1199.0,-0.186,20.6
158,1242.0,0.0,0.0
159,1205.0,0.0,0.0
160,1251.0,-0.849,450.6
161,1258.0,-0.714,320.2
162,1289.0,-0.0,0.0
163,1275.0,-0.0,0.0
164,1290.0,0.0,0.0
165,1295.0,0.0,0.0
166,1295.0,0.019,0.2
167,1296.0,0.0,0.0
168,1296.0,-0.0,0.0
169,1296.0,-0.0,0.0
170,1311.0,-0.075,3.6
171,1324.0,-0.09,5.4
172,1312.0,-0.0,0.0
173,1339.0,-0.0,0.0
174,1320.0,-0.0,0.0
175,1346.0,-0.0,0.0
176,1348.0,0.0,0.0
177,1346.0,0.0,0.0
178,1357.0,0.0,0.0
179,1361.0,0.217,31.9
180,1367.0,0.0,0.0
181,1369.0,0.0,0.0
182,1374.0,0.0,0.0
183,1374.0,0.0,0.0
184,1436.0,0.0,0.0
185,1456.0,0.0,0.0
186,1445.0,0.0,0.0
187,1462.0,0.0,0.0
188,1478.0,-0.0,0.0
189,1473.0,-0.0,0.0
190,1487.0,0.0,0.0
191,1489.0,0.0,0.0
192,1519.0,-0.0,0.0
193,1491.0,-0.0,0.0
194,1529.0,0.117,10.5
195,1521.0,0.145,16.0
196,1553.0,0.0,0.0
197,1530.0,0.0,0.0
198,1575.0,0.048,1.8
199,1530.0,0.0,0.0
200,1584.0,0.0,0.0
201,1531.0,0.0,0.0
202,1605.0,-0.0,0.0
203,1554.0,-0.043,1.4
204,1623.0,-0.0,0.0
205,1590.0,-0.0,0.0
206,1624.0,-0.0,0.0
207,1600.0,-0.0,0.0
208,1635.0,-0.372,113.3
209,1601.0,-0.0,0.0
210,1642.0,0.0,0.0
211,1627.0,0.062,3.2
212,1650.0,0.137,15.4
213,1634.0,0.0,0.0
214,1660.0,-0.0,0.0
215,1637.0,-0.452,167.0
216,3160.0,0.0,0.0
217,2570.0,0.0,0.0
218,3160.0,-0.012,0.2
219,2636.0,-0.0,0.0
220,3168.0,-0.0,0.0
221,2771.0,-0.214,63.5
222,3168.0,-0.0,0.0
223,2882.0,-0.0,0.0
224,3179.0,0.0,0.0
225,2928.0,0.0,0.0
226,3181.0,-0.0,0.0
227,3020.0,-0.0,0.0
228,3183.0,0.008,0.1
229,3024.0,0.0,0.0
230,3185.0,0.0,0.0
231,3033.0,0.183,50.5
232,3188.0,0.0,0.0
233,3091.0,0.0,0.0
234,3190.0,0.044,3.1
235,3127.0,0.165,42.6
236,3194.0,-0.0,0.0
237,3136.0,-0.0,0.0
238,3196.0,-0.0,0.0
239,3136.0,-0.0,0.0
240,3201.0,-0.0,0.0
241,3154.0,-0.0,0.0
242,3202.0,-0.143,32.8
243,3155.0,-0.027,1.2
244,3208.0,0.0,0.0
245,3162.0,0.0,0.0
246,3210.0,-0.0,0.0
247,3164.0,-0.041,2.7
248,3211.0,-0.0,0.0
249,3164.0,-0.0,0.0
250,3214.0,0.347,193.0
251,3164.0,0.0,0.0
