,Frequencies,Displacement,Reorg Energy
0,-104.0,0.0,-0.0
1,-79.0,0.0,-0.0
2,-91.0,-0.0,-0.0
3,-72.0,-0.0,-0.0
4,-67.0,-0.0,-0.0
5,-48.0,-0.0,-0.0
6,-34.0,-0.0,-0.0
7,-21.0,-0.0,-0.0
8,-0.0,0.0,-0.0
9,-0.0,0.0,-0.0
10,-0.0,0.0,-0.0
11,-0.0,0.0,-0.0
12,-0.0,0.0,-0.0
13,-0.0,0.0,-0.0
14,-0.0,0.0,-0.0
15,0.0,0.0,0.0
16,0.0,-0.0,0.0
17,0.0,-0.0,0.0
18,0.0,0.0,0.0
19,0.0,0.0,0.0
20,14.0,-0.0,0.0
21,13.0,-0.0,0.0
22,37.0,-0.0,0.0
23,36.0,-0.0,0.0
24,38.0,0.0,0.0
25,38.0,0.0,0.0
26,73.0,0.0,0.0
27,69.0,0.0,0.0
28,97.0,0.0,0.0
29,96.0,0.0,0.0
30,129.0,-0.0,0.0
31,126.0,-0.0,0.0
32,139.0,-0.437,13.3
33,139.0,-0.459,14.7
34,163.0,0.0,0.0
35,150.0,0.0,0.0
36,171.0,0.0,0.0
37,168.0,0.0,0.0
38,230.0,0.0,0.0
39,214.0,0.0,0.0
40,238.0,0.0,0.0
41,234.0,0.0,0.0
42,273.0,-0.0,0.0
43,273.0,-0.0,0.0
44,296.0,-0.0,0.0
45,273.0,-0.0,0.0
46,356.0,0.0,0.0
47,332.0,0.0,0.0
48,364.0,-0.0,0.0
49,359.0,-0.0,0.0
50,380.0,0.0,0.0
51,396.0,0.161,5.1
52,389.0,-0.0,0.0
53,405.0,-0.0,0.0
54,396.0,0.16,5.1
55,405.0,0.0,0.0
56,401.0,0.0,0.0
57,409.0,0.0,0.0
58,410.0,0.0,0.0
59,414.0,0.0,0.0
60,412.0,-0.0,0.0
61,420.0,-0.0,0.0
62,416.0,0.0,0.0
63,423.0,0.0,0.0
64,454.0,-0.0,0.0
65,424.0,-0.0,0.0
66,459.0,-0.0,0.0
67,453.0,-0.0,0.0
68,482.0,0.0,0.0
69,475.0,0.0,0.0
70,497.0,0.0,0.0
71,479.0,0.0,0.0
72,502.0,0.0,0.0
73,503.0,0.0,0.0
74,540.0,0.0,0.0
75,509.0,0.0,0.0
76,555.0,-0.0,0.0
77,526.0,-0.0,0.0
78,557.0,0.0,0.0
79,528.0,0.0,0.0
80,627.0,-0.103,3.3
81,616.0,-0.101,3.1
82,631.0,0.0,0.0
83,629.0,0.0,0.0
84,632.0,0.0,0.0
85,631.0,0.0,0.0
86,648.0,-0.0,0.0
87,645.0,-0.0,0.0
88,662.0,-0.0,0.0
89,659.0,-0.0,0.0
90,672.0,-0.0,0.0
91,668.0,-0.0,0.0
92,674.0,0.0,0.0
93,669.0,0.0,0.0
94,695.0,-0.0,0.0
95,687.0,-0.0,0.0
96,695.0,0.0,0.0
97,688.0,0.0,0.0
98,726.0,0.0,0.0
99,705.0,0.0,0.0
100,726.0,-0.0,0.0
101,709.0,-0.0,0.0
102,729.0,0.095,3.3
103,721.0,0.104,3.9
104,739.0,0.0,0.0
105,723.0,0.0,0.0
106,776.0,0.0,0.0
107,753.0,0.0,0.0
108,777.0,-0.0,0.0
109,762.0,-0.0,0.0
110,785.0,0.0,0.0
111,765.0,0.0,0.0
112,798.0,0.0,0.0
113,766.0,0.0,0.0
114,809.0,0.0,0.0
115,777.0,0.0,0.0
116,812.0,-0.04,0.6
117,791.0,-0.0,0.0
118,824.0,0.0,0.0
119,795.0,0.074,2.2
120,836.0,0.0,0.0
121,805.0,0.0,0.0
122,842.0,0.0,0.0
123,816.0,0.0,0.0
124,846.0,0.0,0.0
125,819.0,0.0,0.0
126,852.0,0.0,0.0
127,819.0,0.0,0.0
128,862.0,0.0,0.0
129,821.0,0.0,0.0
130,919.0,-0.0,0.0
131,869.0,-0.0,0.0
132,919.0,0.0,0.0
133,869.0,0.0,0.0
134,934.0,0.0,0.0
135,898.0,0.0,0.0
136,947.0,0.0,0.0
137,912.0,0.0,0.0
138,949.0,0.0,0.0
139,918.0,0.0,0.0
140,955.0,-0.0,0.0
141,925.0,-0.0,0.0
142,963.0,-0.0,0.0
143,935.0,-0.0,0.0
144,963.0,-0.0,0.0
145,937.0,-0.0,0.0
146,974.0,-0.0,0.0
147,951.0,-0.0,0.0
148,975.0,-0.0,0.0
149,952.0,-0.0,0.0
150,998.0,-0.0,0.0
151,963.0,-0.0,0.0
152,998.0,-0.0,0.0
153,963.0,-0.0,0.0
154,1012.0,-0.125,8.0
155,993.0,-0.071,2.5
156,1013.0,-0.0,0.0
157,995.0,-0.0,0.0
158,1015.0,0.0,0.0
159,1003.0,0.015,0.1
160,1019.0,-0.055,1.6
161,1003.0,-0.0,0.0
162,1021.0,0.101,5.2
163,1007.0,0.0,0.0
164,1022.0,-0.0,0.0
165,1009.0,-0.154,11.9
166,1041.0,0.0,0.0
167,1022.0,0.0,0.0
168,1054.0,-0.018,0.2
169,1034.0,-0.044,1.0
170,1064.0,0.0,0.0
171,1041.0,0.0,0.0
172,1065.0,-0.109,6.3
173,1052.0,-0.0,0.0
174,1066.0,-0.0,0.0
175,1053.0,-0.109,6.3
176,1112.0,0.0,0.0
177,1103.0,0.0,0.0
178,1112.0,-0.0,0.0
179,1103.0,-0.0,0.0
180,1152.0,0.0,0.0
181,1150.0,0.0,0.0
182,1164.0,0.0,0.0
183,1153.0,0.0,0.0
184,1176.0,-0.0,0.0
185,1158.0,-0.0,0.0
186,1188.0,-0.0,0.0
187,1175.0,-0.0,0.0
188,1189.0,0.0,0.0
189,1175.0,0.0,0.0
190,1209.0,0.006,0.0
191,1202.0,0.028,0.5
192,1213.0,-0.0,0.0
193,1205.0,-0.0,0.0
194,1231.0,-0.014,0.1
195,1221.0,-0.108,7.1
196,1249.0,-0.688,295.5
197,1225.0,-0.0,0.0
198,1251.0,-0.0,0.0
199,1246.0,-0.571,202.8
200,1287.0,0.0,0.0
201,1289.0,0.0,0.0
202,1290.0,0.0,0.0
203,1291.0,0.0,0.0
204,1292.0,-0.0,0.0
205,1293.0,-0.0,0.0
206,1297.0,-0.192,23.9
207,1296.0,-0.0,0.0
208,1300.0,-0.0,0.0
209,1297.0,-0.0,0.0
210,1303.0,0.305,60.7
211,1311.0,0.157,16.2
212,1313.0,0.0,0.0
213,1327.0,0.0,0.0
214,1314.0,-0.0,0.0
215,1335.0,-0.0,0.0
216,1319.0,-0.0,0.0
217,1337.0,-0.483,156.0
218,1347.0,-0.0,0.0
219,1338.0,-0.0,0.0
220,1353.0,-0.0,0.0
221,1339.0,-0.0,0.0
222,1358.0,-0.0,0.0
223,1347.0,-0.0,0.0
224,1371.0,-0.0,0.0
225,1364.0,-0.0,0.0
226,1373.0,0.0,0.0
227,1365.0,0.0,0.0
228,1437.0,-0.0,0.0
229,1452.0,-0.0,0.0
230,1437.0,0.0,0.0
231,1456.0,0.0,0.0
232,1452.0,-0.0,0.0
233,1467.0,-0.0,0.0
234,1480.0,-0.0,0.0
235,1470.0,-0.0,0.0
236,1485.0,0.0,0.0
237,1485.0,0.0,0.0
238,1519.0,-0.0,0.0
239,1500.0,-0.0,0.0
240,1526.0,0.179,24.6
241,1512.0,0.221,37.0
242,1544.0,0.0,0.0
243,1520.0,0.0,0.0
244,1563.0,0.029,0.6
245,1520.0,0.0,0.0
246,1578.0,-0.0,0.0
247,1542.0,-0.0,0.0
248,1579.0,0.0,0.0
249,1543.0,0.013,0.1
250,1597.0,-0.0,0.0
251,1549.0,-0.0,0.0
252,1610.0,-0.0,0.0
253,1561.0,-0.0,0.0
254,1623.0,0.0,0.0
255,1587.0,0.0,0.0
256,1623.0,0.0,0.0
257,1587.0,0.0,0.0
258,1634.0,-0.731,436.1
259,1600.0,-0.0,0.0
260,1640.0,-0.0,0.0
261,1622.0,-0.463,173.8
262,1646.0,0.077,4.8
263,1632.0,0.529,228.5
264,1654.0,-0.0,0.0
265,1644.0,-0.0,0.0
266,1661.0,-0.026,0.6
267,1656.0,-0.062,3.1
268,3161.0,0.0,0.0
269,3138.0,0.0,0.0
270,3161.0,-0.021,0.7
271,3138.0,-0.021,0.7
272,3168.0,0.0,0.0
273,3144.0,0.0,0.0
274,3168.0,-0.0,0.0
275,3144.0,-0.0,0.0
276,3179.0,0.0,0.0
277,3153.0,0.0,0.0
278,3179.0,0.0,0.0
279,3153.0,0.0,0.0
280,3182.0,0.013,0.3
281,3161.0,0.013,0.3
282,3183.0,-0.0,0.0
283,3161.0,-0.0,0.0
284,3185.0,0.0,0.0
285,3165.0,0.0,0.0
286,3188.0,-0.009,0.1
287,3166.0,-0.0,0.0
288,3188.0,0.0,0.0
289,3172.0,0.009,0.1
290,3191.0,0.0,0.0
291,3173.0,0.0,0.0
292,3193.0,0.0,0.0
293,3174.0,0.0,0.0
294,3196.0,0.012,0.2
295,3177.0,0.014,0.3
296,3200.0,-0.0,0.0
297,3184.0,-0.0,0.0
298,3200.0,-0.0,0.0
299,3186.0,-0.0,0.0
300,3205.0,0.0,0.0
301,3187.0,0.0,0.0
302,3206.0,-0.0,0.0
303,3190.0,-0.013,0.3
304,3208.0,0.0,0.0
305,3193.0,0.0,0.0
306,3211.0,0.0,0.0
307,3193.0,0.0,0.0
308,3211.0,-0.0,0.0
309,3196.0,-0.0,0.0
310,3214.0,0.032,1.6
311,3197.0,0.028,1.3
