,Frequencies,Displacement,Reorg Energy
0,-105.0,-0.0,-0.0
1,-76.0,-0.0,-0.0
2,-96.0,0.0,-0.0
3,-75.0,0.0,-0.0
4,-80.0,-0.0,-0.0
5,-53.0,-0.0,-0.0
6,-57.0,0.0,-0.0
7,-38.0,0.0,-0.0
8,-28.0,0.0,-0.0
9,-15.0,0.0,-0.0
10,-0.0,-0.0,-0.0
11,-0.0,-0.0,-0.0
12,-0.0,-0.0,-0.0
13,-0.0,-0.0,-0.0
14,-0.0,0.0,-0.0
15,-0.0,0.0,-0.0
16,0.0,-0.0,0.0
17,-0.0,-0.0,-0.0
18,0.0,-0.0,0.0
19,-0.0,-0.0,-0.0
20,0.0,0.0,0.0
21,0.0,0.0,0.0
22,10.0,-0.0,0.0
23,8.0,-0.0,0.0
24,26.0,-0.0,0.0
25,24.0,-0.0,0.0
26,27.0,0.0,0.0
27,27.0,0.0,0.0
28,51.0,-0.0,0.0
29,46.0,-0.0,0.0
30,70.0,0.0,0.0
31,71.0,0.0,0.0
32,83.0,0.0,0.0
33,73.0,0.0,0.0
34,117.0,-1.053,64.6
35,117.0,-1.036,63.0
36,127.0,-0.0,0.0
37,125.0,-0.0,0.0
38,132.0,0.0,0.0
39,128.0,0.0,0.0
40,158.0,-0.0,0.0
41,141.0,-0.0,0.0
42,190.0,-0.0,0.0
43,190.0,-0.0,0.0
44,213.0,0.0,0.0
45,192.0,0.0,0.0
46,230.0,0.0,0.0
47,228.0,0.0,0.0
48,244.0,0.0,0.0
49,240.0,0.0,0.0
50,266.0,-0.0,0.0
51,243.0,-0.0,0.0
52,322.0,0.0,0.0
53,292.0,0.0,0.0
54,337.0,0.042,0.3
55,338.0,0.04,0.3
56,349.0,0.0,0.0
57,339.0,0.0,0.0
58,376.0,-0.0,0.0
59,354.0,-0.0,0.0
60,379.0,-0.0,0.0
61,395.0,-0.0,0.0
62,386.0,0.0,0.0
63,395.0,0.0,0.0
64,394.0,0.0,0.0
65,397.0,0.0,0.0
66,395.0,-0.0,0.0
67,404.0,-0.0,0.0
68,405.0,-0.0,0.0
69,404.0,-0.0,0.0
70,413.0,0.0,0.0
71,410.0,0.0,0.0
72,417.0,0.0,0.0
73,410.0,0.0,0.0
74,434.0,-0.0,0.0
75,428.0,-0.0,0.0
76,436.0,-0.0,0.0
77,436.0,-0.0,0.0
78,460.0,0.0,0.0
79,437.0,0.0,0.0
80,467.0,-0.0,0.0
81,462.0,-0.0,0.0
82,485.0,0.0,0.0
83,467.0,0.0,0.0
84,489.0,-0.0,0.0
85,484.0,-0.0,0.0
86,518.0,0.006,0.0
87,495.0,0.0,0.0
88,528.0,0.0,0.0
89,518.0,0.0,0.0
90,551.0,0.0,0.0
91,523.0,0.006,0.0
92,555.0,-0.0,0.0
93,537.0,-0.0,0.0
94,557.0,-0.0,0.0
95,537.0,-0.0,0.0
96,627.0,-0.0,0.0
97,616.0,-0.0,0.0
98,631.0,-0.0,0.0
99,623.0,-0.0,0.0
100,632.0,-0.0,0.0
101,627.0,-0.0,0.0
102,645.0,0.0,0.0
103,633.0,0.0,0.0
104,656.0,0.0,0.0
105,645.0,0.0,0.0
106,664.0,0.001,0.0
107,657.0,0.0,0.0
108,666.0,0.0,0.0
109,662.0,0.004,0.0
110,673.0,-0.0,0.0
111,662.0,-0.0,0.0
112,695.0,0.0,0.0
113,685.0,0.0,0.0
114,695.0,-0.0,0.0
115,685.0,-0.0,0.0
116,712.0,0.0,0.0
117,704.0,0.0,0.0
118,725.0,-0.0,0.0
119,705.0,-0.0,0.0
120,725.0,-0.0,0.0
121,713.0,-0.0,0.0
122,729.0,-0.0,0.0
123,723.0,-0.0,0.0
124,745.0,-0.0,0.0
125,741.0,-0.0,0.0
126,754.0,0.036,0.5
127,743.0,0.086,2.8
128,778.0,0.0,0.0
129,767.0,0.0,0.0
130,783.0,0.0,0.0
131,769.0,0.0,0.0
132,790.0,0.0,0.0
133,775.0,0.0,0.0
134,796.0,-0.0,0.0
135,777.0,-0.0,0.0
136,804.0,0.0,0.0
137,781.0,0.0,0.0
138,816.0,0.0,0.0
139,788.0,0.0,0.0
140,816.0,0.436,77.6
141,792.0,0.0,0.0
142,829.0,-0.0,0.0
143,801.0,-0.476,90.8
144,831.0,-0.0,0.0
145,815.0,-0.0,0.0
146,843.0,0.0,0.0
147,827.0,0.0,0.0
148,845.0,-0.0,0.0
149,827.0,-0.0,0.0
150,847.0,0.0,0.0
151,827.0,0.0,0.0
152,857.0,-0.0,0.0
153,837.0,-0.0,0.0
154,863.0,0.0,0.0
155,837.0,0.0,0.0
156,920.0,-0.0,0.0
157,907.0,-0.0,0.0
158,920.0,0.0,0.0
159,907.0,0.0,0.0
160,932.0,0.0,0.0
161,922.0,0.0,0.0
162,944.0,-0.0,0.0
163,931.0,-0.0,0.0
164,946.0,0.0,0.0
165,936.0,0.0,0.0
166,951.0,0.0,0.0
167,943.0,0.0,0.0
168,956.0,-0.0,0.0
169,949.0,-0.0,0.0
170,958.0,0.0,0.0
171,953.0,0.0,0.0
172,964.0,0.0,0.0
173,959.0,0.0,0.0
174,966.0,0.0,0.0
175,960.0,0.0,0.0
176,974.0,0.0,0.0
177,972.0,0.0,0.0
178,975.0,-0.0,0.0
179,972.0,-0.0,0.0
180,998.0,0.0,0.0
181,988.0,0.0,0.0
182,998.0,-0.0,0.0
183,992.0,-0.0,0.0
184,1012.0,-0.0,0.0
185,992.0,-0.0,0.0
186,1013.0,0.111,6.3
187,995.0,0.0,0.0
188,1014.0,-0.0,0.0
189,997.0,-0.056,1.6
190,1018.0,0.15,11.4
191,1001.0,0.019,0.2
192,1020.0,-0.0,0.0
193,1002.0,-0.0,0.0
194,1021.0,-0.0,0.0
195,1007.0,-0.0,0.0
196,1022.0,0.072,2.7
197,1010.0,0.156,12.3
198,1039.0,-0.019,0.2
199,1014.0,-0.031,0.5
200,1049.0,0.0,0.0
201,1022.0,0.0,0.0
202,1060.0,-0.035,0.7
203,1036.0,-0.11,6.2
204,1065.0,0.0,0.0
205,1038.0,0.0,0.0
206,1065.0,-0.118,7.4
207,1056.0,-0.0,0.0
208,1066.0,0.0,0.0
209,1057.0,0.093,4.6
210,1112.0,0.0,0.0
211,1112.0,0.0,0.0
212,1112.0,-0.0,0.0
213,1112.0,-0.0,0.0
214,1150.0,-0.0,0.0
215,1156.0,-0.0,0.0
216,1159.0,-0.0,0.0
217,1157.0,-0.0,0.0
218,1169.0,0.0,0.0
219,1163.0,0.0,0.0
220,1179.0,-0.0,0.0
221,1166.0,-0.0,0.0
222,1188.0,0.0,0.0
223,1186.0,0.0,0.0
224,1189.0,0.0,0.0
225,1186.0,0.0,0.0
226,1210.0,-0.0,0.0
227,1208.0,-0.0,0.0
228,1212.0,0.018,0.2
229,1211.0,0.0,0.0
230,1225.0,-0.0,0.0
231,1211.0,-0.01,0.1
232,1243.0,0.068,2.8
233,1225.0,0.0,0.0
234,1247.0,-0.926,534.9
235,1239.0,-0.032,0.6
236,1253.0,-0.0,0.0
237,1267.0,-0.722,330.6
238,1289.0,0.0,0.0
239,1289.0,0.0,0.0
240,1290.0,-0.0,0.0
241,1297.0,-0.0,0.0
242,1291.0,-0.001,0.0
243,1299.0,-0.0,0.0
244,1291.0,0.0,0.0
245,1301.0,0.0,0.0
246,1295.0,0.0,0.0
247,1301.0,0.0,0.0
248,1303.0,-0.0,0.0
249,1303.0,-0.0,0.0
250,1305.0,-0.361,84.8
251,1309.0,-0.071,3.3
252,1305.0,-0.0,0.0
253,1338.0,-0.0,0.0
254,1315.0,0.0,0.0
255,1339.0,0.0,0.0
256,1316.0,0.029,0.6
257,1339.0,0.0,0.0
258,1318.0,-0.0,0.0
259,1339.0,-0.0,0.0
260,1346.0,-0.0,0.0
261,1349.0,-0.0,0.0
262,1350.0,0.0,0.0
263,1353.0,0.0,0.0
264,1355.0,0.0,0.0
265,1358.0,0.153,15.9
266,1362.0,-0.0,0.0
267,1368.0,-0.585,234.5
268,1370.0,-0.0,0.0
269,1369.0,-0.0,0.0
270,1373.0,0.0,0.0
271,1370.0,0.0,0.0
272,1435.0,-0.0,0.0
273,1456.0,-0.0,0.0
274,1437.0,0.0,0.0
275,1460.0,0.0,0.0
276,1441.0,0.0,0.0
277,1468.0,0.0,0.0
278,1458.0,0.0,0.0
279,1475.0,0.0,0.0
280,1482.0,-0.0,0.0
281,1480.0,-0.0,0.0
282,1484.0,-0.0,0.0
283,1491.0,-0.0,0.0
284,1519.0,-0.0,0.0
285,1493.0,-0.0,0.0
286,1524.0,0.149,17.0
287,1511.0,0.0,0.0
288,1538.0,0.0,0.0
289,1511.0,0.0,0.0
290,1554.0,-0.05,2.0
291,1512.0,-0.194,28.4
292,1569.0,0.0,0.0
293,1525.0,0.0,0.0
294,1576.0,0.0,0.0
295,1534.0,0.011,0.1
296,1579.0,0.01,0.1
297,1543.0,0.0,0.0
298,1590.0,-0.0,0.0
299,1545.0,-0.0,0.0
300,1603.0,-0.0,0.0
301,1553.0,-0.0,0.0
302,1612.0,-0.0,0.0
303,1562.0,-0.013,0.1
304,1623.0,0.0,0.0
305,1580.0,0.0,0.0
306,1624.0,-0.0,0.0
307,1600.0,-0.0,0.0
308,1632.0,0.921,692.8
309,1600.0,0.0,0.0
310,1638.0,0.0,0.0
311,1622.0,0.097,7.6
312,1643.0,0.159,20.7
313,1638.0,0.0,0.0
314,1650.0,0.0,0.0
315,1649.0,0.053,2.3
316,1657.0,0.03,0.7
317,1657.0,0.0,0.0
318,1662.0,0.0,0.0
319,1666.0,0.994,823.3
320,3161.0,-0.0,0.0
321,3160.0,-0.0,0.0
322,3161.0,-0.008,0.1
323,3160.0,-0.008,0.1
324,3169.0,-0.0,0.0
325,3167.0,-0.0,0.0
326,3169.0,-0.0,0.0
327,3167.0,-0.0,0.0
328,3178.0,0.0,0.0
329,3179.0,0.0,0.0
330,3179.0,0.0,0.0
331,3180.0,0.0,0.0
332,3180.0,0.001,0.0
333,3182.0,0.001,0.0
334,3181.0,-0.0,0.0
335,3183.0,-0.0,0.0
336,3183.0,0.0,0.0
337,3185.0,0.0,0.0
338,3185.0,0.0,0.0
339,3187.0,0.0,0.0
340,3185.0,0.0,0.0
341,3187.0,0.001,0.0
342,3188.0,0.0,0.0
343,3189.0,0.0,0.0
344,3189.0,-0.0,0.0
345,3191.0,-0.0,0.0
346,3191.0,0.002,0.0
347,3193.0,0.002,0.0
348,3193.0,-0.0,0.0
349,3196.0,-0.0,0.0
350,3196.0,-0.0,0.0
351,3198.0,-0.0,0.0
352,3199.0,-0.0,0.0
353,3201.0,-0.0,0.0
354,3199.0,0.003,0.0
355,3202.0,0.003,0.0
356,3203.0,-0.0,0.0
357,3206.0,-0.0,0.0
358,3204.0,-0.0,0.0
359,3207.0,-0.0,0.0
360,3207.0,0.0,0.0
361,3210.0,0.0,0.0
362,3209.0,-0.005,0.0
363,3211.0,-0.006,0.1
364,3209.0,0.0,0.0
365,3212.0,0.0,0.0
366,3211.0,-0.0,0.0
367,3214.0,-0.0,0.0
368,3212.0,-0.0,0.0
369,3214.0,-0.0,0.0
370,3214.0,-0.019,0.6
371,3217.0,-0.018,0.5
