,Frequencies,Displacement,Reorg Energy
0,-84.0,0.0,-0.0
1,-31.0,0.0,-0.0
2,-0.0,0.0,-0.0
3,-0.0,0.0,-0.0
4,-0.0,0.0,-0.0
5,-0.0,0.0,-0.0
6,-0.0,-0.0,-0.0
7,-0.0,-0.0,-0.0
8,0.0,0.0,0.0
9,0.0,0.0,0.0
10,0.0,0.0,0.0
11,0.0,0.0,0.0
12,0.0,-0.0,0.0
13,0.0,-0.0,0.0
14,95.0,-0.0,0.0
15,88.0,-0.0,0.0
16,190.0,-0.0,0.0
17,155.0,-0.0,0.0
18,224.0,-0.0,0.0
19,181.0,-0.0,0.0
20,336.0,0.531,47.2
21,332.0,0.575,54.8
22,393.0,0.0,0.0
23,363.0,0.0,0.0
24,413.0,0.0,0.0
25,406.0,0.0,0.0
26,415.0,-0.0,0.0
27,426.0,-0.0,0.0
28,448.0,-0.0,0.0
29,430.0,-0.0,0.0
30,555.0,-0.0,0.0
31,479.0,-0.0,0.0
32,624.0,-0.0,0.0
33,598.0,-0.0,0.0
34,627.0,-0.0,0.0
35,620.0,-0.0,0.0
36,645.0,-0.0,0.0
37,621.0,-0.0,0.0
38,680.0,-0.0,0.0
39,638.0,-0.0,0.0
40,714.0,0.0,0.0
41,639.0,0.0,0.0
42,748.0,-0.0,0.0
43,655.0,-0.0,0.0
44,753.0,0.05,0.9
45,673.0,0.0,0.0
46,802.0,0.0,0.0
47,729.0,0.0,0.0
48,821.0,-0.0,0.0
49,730.0,-0.053,1.0
50,851.0,0.0,0.0
51,745.0,0.0,0.0
52,919.0,0.0,0.0
53,768.0,0.0,0.0
54,920.0,-0.0,0.0
55,772.0,-0.0,0.0
56,962.0,-0.0,0.0
57,896.0,-0.0,0.0
58,977.0,-0.0,0.0
59,899.0,-0.0,0.0
60,995.0,-0.0,0.0
61,910.0,-0.0,0.0
62,999.0,-0.0,0.0
63,913.0,-0.0,0.0
64,1010.0,0.0,0.0
65,953.0,0.0,0.0
66,1019.0,-0.616,193.5
67,992.0,-0.545,147.5
68,1024.0,-0.0,0.0
69,1004.0,-0.0,0.0
70,1064.0,-0.0,0.0
71,1020.0,-0.0,0.0
72,1064.0,0.312,51.9
73,1024.0,0.419,89.7
74,1106.0,0.0,0.0
75,1083.0,0.0,0.0
76,1119.0,-0.0,0.0
77,1087.0,-0.0,0.0
78,1182.0,-0.0,0.0
79,1122.0,-0.0,0.0
80,1190.0,-0.0,0.0
81,1155.0,-0.0,0.0
82,1205.0,0.0,0.0
83,1185.0,0.0,0.0
84,1239.0,0.352,76.6
85,1227.0,0.318,62.0
86,1283.0,0.72,332.3
87,1256.0,0.0,0.0
88,1300.0,-0.0,0.0
89,1322.0,-0.0,0.0
90,1324.0,-0.0,0.0
91,1345.0,-0.612,251.7
92,1356.0,-0.0,0.0
93,1348.0,-0.0,0.0
94,1379.0,0.0,0.0
95,1360.0,0.0,0.0
96,1460.0,-0.0,0.0
97,1413.0,-0.0,0.0
98,1494.0,-0.0,0.0
99,1477.0,-0.0,0.0
100,1518.0,-0.0,0.0
101,1478.0,-0.0,0.0
102,1551.0,-0.293,66.4
103,1503.0,-0.0,0.0
104,1614.0,0.0,0.0
105,1514.0,0.0,0.0
106,1628.0,-0.0,0.0
107,1521.0,-0.335,85.2
108,1641.0,-0.869,619.9
109,1617.0,-0.0,0.0
110,1649.0,0.0,0.0
111,1645.0,0.903,670.6
112,3161.0,-0.0,0.0
113,3101.0,-0.0,0.0
114,3162.0,-0.056,4.9
115,3102.0,-0.059,5.5
116,3169.0,0.0,0.0
117,3104.0,0.0,0.0
118,3171.0,-0.0,0.0
119,3105.0,-0.0,0.0
120,3185.0,-0.0,0.0
121,3149.0,-0.0,0.0
122,3188.0,0.034,1.8
123,3153.0,0.0,0.0
124,3193.0,-0.0,0.0
125,3155.0,-0.017,0.5
126,3196.0,0.0,0.0
127,3161.0,0.0,0.0
128,3209.0,0.0,0.0
129,3172.0,0.0,0.0
130,3211.0,-0.036,2.1
131,3177.0,-0.038,2.3
