,Frequencies,Displacement,Reorg Energy
0,-102.0,-0.0,-0.0
1,-72.0,-0.0,-0.0
2,-81.0,-0.0,-0.0
3,-59.0,-0.0,-0.0
4,-43.0,-0.0,-0.0
5,-24.0,-0.0,-0.0
6,-0.0,0.0,-0.0
7,-0.0,0.0,-0.0
8,-0.0,0.0,-0.0
9,-0.0,0.0,-0.0
10,-0.0,-0.0,-0.0
11,-0.0,-0.0,-0.0
12,-0.0,-0.0,-0.0
13,-0.0,-0.0,-0.0
14,0.0,0.0,0.0
15,0.0,0.0,0.0
16,0.0,0.0,0.0
17,0.0,0.0,0.0
18,21.0,-0.0,0.0
19,21.0,-0.0,0.0
20,58.0,-0.0,0.0
21,55.0,-0.0,0.0
22,59.0,-0.0,0.0
23,57.0,-0.0,0.0
24,123.0,-0.0,0.0
25,120.0,-0.0,0.0
26,142.0,0.0,0.0
27,140.0,0.0,0.0
28,172.0,-0.0,0.0
29,153.0,-0.0,0.0
30,173.0,-0.462,18.5
31,173.0,-0.487,20.5
32,230.0,-0.0,0.0
33,225.0,-0.0,0.0
34,257.0,0.0,0.0
35,233.0,0.0,0.0
36,336.0,-0.0,0.0
37,306.0,-0.0,0.0
38,344.0,-0.0,0.0
39,335.0,-0.0,0.0
40,366.0,-0.0,0.0
41,368.0,-0.0,0.0
42,382.0,0.0,0.0
43,410.0,0.0,0.0
44,395.0,-0.0,0.0
45,411.0,-0.0,0.0
46,409.0,0.0,0.0
47,412.0,0.0,0.0
48,416.0,0.0,0.0
49,421.0,0.0,0.0
50,431.0,-0.0,0.0
51,425.0,-0.0,0.0
52,457.0,0.0,0.0
53,429.0,0.0,0.0
54,476.0,0.0,0.0
55,472.0,0.0,0.0
56,477.0,0.177,7.4
57,477.0,0.181,7.9
58,509.0,0.0,0.0
59,481.0,0.0,0.0
60,553.0,0.0,0.0
61,518.0,0.0,0.0
62,556.0,0.0,0.0
63,518.0,0.0,0.0
64,626.0,0.0,0.0
65,612.0,0.0,0.0
66,631.0,-0.0,0.0
67,628.0,-0.0,0.0
68,633.0,0.0,0.0
69,632.0,0.0,0.0
70,654.0,0.0,0.0
71,650.0,0.0,0.0
72,669.0,-0.0,0.0
73,665.0,-0.0,0.0
74,688.0,-0.147,7.4
75,682.0,-0.146,7.3
76,693.0,0.0,0.0
77,682.0,0.0,0.0
78,697.0,0.0,0.0
79,686.0,0.0,0.0
80,727.0,0.0,0.0
81,700.0,0.0,0.0
82,732.0,-0.0,0.0
83,708.0,-0.0,0.0
84,754.0,-0.0,0.0
85,739.0,-0.0,0.0
86,772.0,0.0,0.0
87,742.0,0.0,0.0
88,788.0,0.0,0.0
89,753.0,0.0,0.0
90,800.0,-0.0,0.0
91,759.0,-0.0,0.0
92,805.0,0.038,0.6
93,775.0,0.0,0.0
94,816.0,-0.0,0.0
95,786.0,-0.078,2.4
96,839.0,0.0,0.0
97,798.0,0.0,0.0
98,842.0,0.0,0.0
99,806.0,0.0,0.0
100,846.0,-0.0,0.0
101,807.0,-0.0,0.0
102,859.0,0.0,0.0
103,813.0,0.0,0.0
104,919.0,-0.0,0.0
105,850.0,-0.0,0.0
106,919.0,-0.0,0.0
107,851.0,-0.0,0.0
108,938.0,0.0,0.0
109,894.0,0.0,0.0
110,949.0,-0.0,0.0
111,906.0,-0.0,0.0
112,957.0,-0.0,0.0
113,920.0,-0.0,0.0
114,960.0,-0.0,0.0
115,925.0,-0.0,0.0
116,973.0,-0.0,0.0
117,942.0,-0.0,0.0
118,975.0,0.0,0.0
119,944.0,0.0,0.0
120,998.0,0.0,0.0
121,953.0,0.0,0.0
122,998.0,-0.0,0.0
123,953.0,-0.0,0.0
124,1011.0,0.0,0.0
125,985.0,0.0,0.0
126,1015.0,0.213,23.0
127,992.0,0.129,8.2
128,1016.0,0.0,0.0
129,1000.0,0.0,0.0
130,1021.0,0.116,6.9
131,1003.0,0.0,0.0
132,1022.0,0.0,0.0
133,1005.0,0.181,16.5
134,1045.0,-0.003,0.0
135,1024.0,-0.103,5.4
136,1061.0,-0.0,0.0
137,1035.0,-0.0,0.0
138,1065.0,-0.15,12.0
139,1046.0,-0.0,0.0
140,1065.0,-0.0,0.0
141,1048.0,-0.155,12.6
142,1112.0,0.0,0.0
143,1100.0,0.0,0.0
144,1112.0,0.0,0.0
145,1100.0,0.0,0.0
146,1156.0,-0.0,0.0
147,1149.0,-0.0,0.0
148,1172.0,0.0,0.0
149,1152.0,0.0,0.0
150,1187.0,0.0,0.0
151,1171.0,0.0,0.0
152,1190.0,-0.0,0.0
153,1171.0,-0.0,0.0
154,1209.0,0.0,0.0
155,1199.0,0.0,0.0
156,1215.0,0.01,0.1
157,1204.0,0.043,1.1
158,1242.0,-0.0,0.0
159,1224.0,-0.0,0.0
160,1251.0,-0.691,298.3
161,1248.0,-0.541,182.5
162,1289.0,0.0,0.0
163,1286.0,0.0,0.0
164,1290.0,-0.0,0.0
165,1287.0,-0.0,0.0
166,1295.0,0.403,105.4
167,1290.0,0.0,0.0
168,1296.0,0.0,0.0
169,1303.0,0.0,0.0
170,1311.0,-0.061,2.4
171,1328.0,-0.0,0.0
172,1312.0,0.0,0.0
173,1329.0,0.378,94.7
174,1320.0,0.0,0.0
175,1336.0,0.0,0.0
176,1348.0,-0.0,0.0
177,1337.0,-0.0,0.0
178,1357.0,-0.0,0.0
179,1344.0,-0.412,114.3
180,1367.0,0.0,0.0
181,1359.0,0.0,0.0
182,1374.0,-0.0,0.0
183,1365.0,-0.0,0.0
184,1436.0,-0.0,0.0
185,1453.0,-0.0,0.0
186,1445.0,-0.0,0.0
187,1461.0,-0.0,0.0
188,1478.0,-0.0,0.0
189,1467.0,-0.0,0.0
190,1487.0,0.0,0.0
191,1487.0,0.0,0.0
192,1519.0,0.0,0.0
193,1496.0,0.0,0.0
194,1529.0,0.209,33.3
195,1513.0,0.258,50.5
196,1553.0,-0.0,0.0
197,1516.0,-0.0,0.0
198,1575.0,0.026,0.5
199,1525.0,0.0,0.0
200,1584.0,-0.0,0.0
201,1534.0,-0.0,0.0
202,1605.0,-0.0,0.0
203,1552.0,-0.018,0.2
204,1623.0,-0.0,0.0
205,1572.0,-0.0,0.0
206,1624.0,0.0,0.0
207,1573.0,0.0,0.0
208,1635.0,-0.763,475.6
209,1606.0,-0.0,0.0
210,1642.0,-0.0,0.0
211,1633.0,-0.022,0.4
212,1650.0,0.138,15.6
213,1633.0,0.759,470.1
214,1660.0,-0.0,0.0
215,1651.0,-0.0,0.0
216,3160.0,-0.0,0.0
217,3131.0,-0.0,0.0
218,3160.0,0.026,1.1
219,3131.0,0.027,1.2
220,3168.0,0.0,0.0
221,3137.0,0.0,0.0
222,3168.0,0.0,0.0
223,3137.0,0.0,0.0
224,3179.0,0.0,0.0
225,3150.0,0.0,0.0
226,3181.0,0.0,0.0
227,3151.0,0.0,0.0
228,3183.0,-0.024,0.9
229,3157.0,-0.02,0.7
230,3185.0,-0.0,0.0
231,3157.0,-0.0,0.0
232,3188.0,-0.0,0.0
233,3165.0,-0.0,0.0
234,3190.0,0.003,0.0
235,3166.0,0.014,0.3
236,3194.0,-0.0,0.0
237,3170.0,-0.0,0.0
238,3196.0,-0.0,0.0
239,3174.0,-0.0,0.0
240,3201.0,0.0,0.0
241,3182.0,0.0,0.0
242,3202.0,0.006,0.1
243,3184.0,0.011,0.2
244,3208.0,-0.0,0.0
245,3189.0,-0.0,0.0
246,3210.0,-0.0,0.0
247,3190.0,-0.0,0.0
248,3211.0,0.0,0.0
249,3191.0,0.0,0.0
250,3214.0,0.035,2.0
251,3193.0,0.032,1.7
