,Frequencies,Displacement,Reorg Energy
0,-99.0,-0.0,-0.0
1,-62.0,-0.0,-0.0
2,-58.0,0.0,-0.0
3,-30.0,0.0,-0.0
4,-0.0,-0.0,-0.0
5,-0.0,-0.0,-0.0
6,-0.0,0.0,-0.0
7,-0.0,0.0,-0.0
8,-0.0,0.0,-0.0
9,-0.0,0.0,-0.0
10,-0.0,0.0,-0.0
11,-0.0,0.0,-0.0
12,0.0,-0.0,0.0
13,0.0,-0.0,0.0
14,0.0,0.0,0.0
15,0.0,0.0,0.0
16,38.0,-0.0,0.0
17,36.0,-0.0,0.0
18,98.0,-0.0,0.0
19,96.0,-0.0,0.0
20,114.0,-0.0,0.0
21,109.0,-0.0,0.0
22,187.0,0.0,0.0
23,156.0,0.0,0.0
24,216.0,0.0,0.0
25,209.0,0.0,0.0
26,229.0,0.494,28.0
27,228.0,0.525,31.4
28,309.0,-0.0,0.0
29,263.0,-0.0,0.0
30,382.0,-0.0,0.0
31,383.0,-0.0,0.0
32,385.0,-0.0,0.0
33,394.0,-0.0,0.0
34,404.0,0.0,0.0
35,417.0,0.0,0.0
36,416.0,0.0,0.0
37,419.0,0.0,0.0
38,433.0,0.0,0.0
39,428.0,0.0,0.0
40,454.0,-0.0,0.0
41,432.0,-0.0,0.0
42,461.0,0.0,0.0
43,456.0,0.0,0.0
44,528.0,0.0,0.0
45,493.0,0.0,0.0
46,558.0,-0.0,0.0
47,507.0,-0.0,0.0
48,626.0,-0.227,16.2
49,608.0,-0.23,16.1
50,629.0,0.0,0.0
51,626.0,0.0,0.0
52,636.0,0.0,0.0
53,633.0,0.0,0.0
54,664.0,-0.0,0.0
55,659.0,-0.0,0.0
56,693.0,-0.0,0.0
57,674.0,-0.0,0.0
58,697.0,-0.0,0.0
59,677.0,-0.0,0.0
60,711.0,-0.0,0.0
61,689.0,-0.0,0.0
62,729.0,-0.0,0.0
63,701.0,-0.0,0.0
64,764.0,0.0,0.0
65,706.0,0.0,0.0
66,791.0,0.03,0.4
67,731.0,0.0,0.0
68,793.0,-0.0,0.0
69,748.0,-0.0,0.0
70,805.0,-0.0,0.0
71,768.0,-0.084,2.7
72,834.0,0.0,0.0
73,783.0,0.0,0.0
74,848.0,-0.0,0.0
75,784.0,-0.0,0.0
76,853.0,-0.0,0.0
77,799.0,-0.0,0.0
78,919.0,0.0,0.0
79,817.0,0.0,0.0
80,919.0,0.0,0.0
81,819.0,0.0,0.0
82,946.0,0.0,0.0
83,890.0,0.0,0.0
84,955.0,0.0,0.0
85,896.0,0.0,0.0
86,970.0,0.0,0.0
87,928.0,0.0,0.0
88,975.0,0.0,0.0
89,932.0,0.0,0.0
90,997.0,0.0,0.0
91,936.0,0.0,0.0
92,998.0,-0.0,0.0
93,939.0,-0.0,0.0
94,1011.0,-0.28,39.7
95,977.0,-0.186,16.9
96,1015.0,0.0,0.0
97,980.0,0.0,0.0
98,1019.0,-0.0,0.0
99,996.0,-0.0,0.0
100,1024.0,0.231,27.3
101,1010.0,0.302,46.0
102,1053.0,-0.0,0.0
103,1025.0,-0.0,0.0
104,1065.0,0.0,0.0
105,1037.0,0.0,0.0
106,1065.0,-0.212,23.9
107,1040.0,-0.232,28.1
108,1111.0,-0.0,0.0
109,1094.0,-0.0,0.0
110,1113.0,0.0,0.0
111,1096.0,0.0,0.0
112,1164.0,0.0,0.0
113,1146.0,0.0,0.0
114,1185.0,-0.0,0.0
115,1161.0,-0.0,0.0
116,1190.0,-0.0,0.0
117,1164.0,-0.0,0.0
118,1207.0,0.037,0.8
119,1195.0,0.004,0.0
120,1220.0,0.0,0.0
121,1204.0,0.0,0.0
122,1253.0,-0.635,252.4
123,1247.0,-0.466,135.2
124,1287.0,0.52,173.7
125,1272.0,0.0,0.0
126,1292.0,0.0,0.0
127,1285.0,0.0,0.0
128,1302.0,-0.0,0.0
129,1326.0,-0.0,0.0
130,1308.0,0.0,0.0
131,1329.0,0.0,0.0
132,1321.0,-0.0,0.0
133,1330.0,-0.0,0.0
134,1351.0,-0.0,0.0
135,1338.0,-0.609,248.5
136,1367.0,0.0,0.0
137,1353.0,0.0,0.0
138,1374.0,0.0,0.0
139,1363.0,0.0,0.0
140,1438.0,-0.0,0.0
141,1445.0,-0.0,0.0
142,1472.0,0.0,0.0
143,1461.0,0.0,0.0
144,1489.0,0.0,0.0
145,1490.0,0.0,0.0
146,1518.0,-0.0,0.0
147,1490.0,-0.0,0.0
148,1535.0,-0.245,46.0
149,1507.0,-0.0,0.0
150,1568.0,0.0,0.0
151,1517.0,0.3,68.1
152,1594.0,0.0,0.0
153,1534.0,0.0,0.0
154,1621.0,-0.0,0.0
155,1547.0,-0.0,0.0
156,1625.0,0.0,0.0
157,1550.0,0.0,0.0
158,1638.0,-0.795,517.4
159,1612.0,-0.0,0.0
160,1645.0,-0.0,0.0
161,1636.0,-0.616,310.0
162,1656.0,-0.198,32.5
163,1645.0,-0.544,243.7
164,3161.0,0.0,0.0
165,3121.0,0.0,0.0
166,3162.0,0.037,2.2
167,3122.0,0.04,2.5
168,3169.0,0.0,0.0
169,3126.0,0.0,0.0
170,3170.0,-0.0,0.0
171,3127.0,-0.0,0.0
172,3181.0,-0.0,0.0
173,3144.0,-0.0,0.0
174,3184.0,-0.0,0.0
175,3145.0,-0.0,0.0
176,3185.0,0.024,0.9
177,3161.0,0.021,0.7
178,3188.0,0.0,0.0
179,3163.0,0.0,0.0
180,3193.0,0.0,0.0
181,3163.0,0.0,0.0
182,3196.0,-0.01,0.1
183,3168.0,-0.003,0.0
184,3204.0,0.0,0.0
185,3179.0,0.0,0.0
186,3205.0,0.0,0.0
187,3183.0,0.0,0.0
188,3210.0,-0.0,0.0
189,3183.0,-0.0,0.0
190,3213.0,0.036,2.1
191,3187.0,0.036,2.1
