,Frequencies,Displacement,Reorg Energy
0,-0.0,-0.0,-0.0
1,-0.0,-0.0,-0.0
2,-0.0,0.0,-0.0
3,-0.0,0.0,-0.0
4,-0.0,0.0,-0.0
5,0.0,0.0,0.0
6,0.0,0.0,0.0
7,0.0,0.0,0.0
8,0.0,0.0,0.0
9,0.0,0.0,0.0
10,0.0,0.0,0.0
11,0.0,0.0,0.0
12,66.0,-1.386,63.2
13,75.0,-1.5,84.6
14,95.0,0.004,0.0
15,90.0,0.014,0.0
16,126.0,-0.0,0.0
17,109.0,-0.002,0.0
18,268.0,0.0,0.0
19,226.0,0.001,0.0
20,313.0,-0.315,15.5
21,298.0,-0.103,1.6
22,369.0,-0.0,0.0
23,341.0,-0.001,0.0
24,414.0,0.0,0.0
25,342.0,0.0,0.0
26,421.0,0.049,0.5
27,367.0,0.046,0.4
28,503.0,-0.0,0.0
29,470.0,-0.0,0.0
30,559.0,0.0,0.0
31,481.0,0.0,0.0
32,626.0,0.0,0.0
33,556.0,0.001,0.0
34,629.0,0.0,0.0
35,590.0,0.0,0.0
36,641.0,0.0,0.0
37,598.0,0.0,0.0
38,713.0,0.0,0.0
39,608.0,0.0,0.0
40,716.0,-0.0,0.0
41,662.0,-0.0,0.0
42,756.0,-0.003,0.0
43,679.0,-0.0,0.0
44,757.0,-0.26,25.6
45,687.0,-0.0,0.0
46,798.0,-0.0,0.0
47,715.0,-0.391,54.7
48,857.0,-0.058,1.5
49,734.0,-0.006,0.0
50,857.0,-0.398,67.8
51,754.0,-0.444,74.3
52,923.0,-0.0,0.0
53,818.0,-0.001,0.0
54,942.0,-0.0,0.0
55,827.0,-0.0,0.0
56,981.0,-0.005,0.0
57,875.0,-0.004,0.0
58,982.0,0.243,29.0
59,882.0,0.137,8.3
60,1002.0,-0.0,0.0
61,903.0,-0.0,0.0
62,1002.0,0.001,0.0
63,908.0,0.0,0.0
64,1012.0,-0.0,0.0
65,997.0,-0.628,197.0
66,1018.0,-0.672,230.1
67,1000.0,-0.002,0.0
68,1026.0,-0.0,0.0
69,1024.0,-0.397,80.7
70,1053.0,-0.294,45.6
71,1026.0,-0.002,0.0
72,1067.0,0.0,0.0
73,1052.0,0.0,0.0
74,1101.0,-0.0,0.0
75,1054.0,-0.0,0.0
76,1106.0,-0.0,0.0
77,1073.0,-0.0,0.0
78,1182.0,0.0,0.0
79,1140.0,0.0,0.0
80,1183.0,0.0,0.0
81,1182.0,0.0,0.0
82,1202.0,-0.0,0.0
83,1202.0,-0.01,0.1
84,1208.0,-0.05,1.5
85,1253.0,-0.0,0.0
86,1297.0,-0.003,0.0
87,1264.0,-0.0,0.0
88,1302.0,0.764,379.6
89,1332.0,0.677,305.6
90,1327.0,0.0,0.0
91,1342.0,0.0,0.0
92,1355.0,-0.0,0.0
93,1387.0,-0.0,0.0
94,1358.0,-0.0,0.0
95,1387.0,-0.0,0.0
96,1462.0,0.0,0.0
97,1417.0,0.0,0.0
98,1490.0,-0.0,0.0
99,1454.0,-0.0,0.0
100,1516.0,0.0,0.0
101,1474.0,0.0,0.0
102,1538.0,-0.357,98.0
103,1481.0,-0.0,0.0
104,1610.0,-0.0,0.0
105,1509.0,-0.35,92.4
106,1626.0,-0.0,0.0
107,1587.0,-0.0,0.0
108,1643.0,-0.18,26.7
109,1612.0,-0.228,41.9
110,1646.0,0.001,0.0
111,2112.0,0.001,0.0
112,3158.0,0.0,0.0
113,3169.0,0.003,0.0
114,3159.0,-0.008,0.1
115,3169.0,-0.005,0.0
116,3164.0,-0.0,0.0
117,3175.0,-0.0,0.0
118,3167.0,-0.0,0.0
119,3178.0,-0.0,0.0
120,3174.0,-0.0,0.0
121,3188.0,-0.0,0.0
122,3177.0,-0.021,0.7
123,3190.0,-0.01,0.2
124,3180.0,-0.0,0.0
125,3191.0,-0.0,0.0
126,3183.0,-0.0,0.0
127,3196.0,-0.0,0.0
128,3189.0,0.0,0.0
129,3202.0,0.069,7.6
