,Frequencies,Displacement,Reorg Energy
0,-0.0,-0.0,-0.0
1,-0.0,-0.0,-0.0
2,-0.0,-0.0,-0.0
3,-0.0,-0.0,-0.0
4,-0.0,-0.0,-0.0
5,0.0,-0.0,0.0
6,0.0,-0.0,0.0
7,0.0,-0.0,0.0
8,0.0,-0.0,0.0
9,0.0,-0.0,0.0
10,0.0,0.0,0.0
11,0.0,0.0,0.0
12,16.0,-3.13,79.8
13,50.0,-0.095,0.2
14,65.0,-0.019,0.0
15,52.0,-5.526,791.5
16,65.0,-0.001,0.0
17,74.0,-0.01,0.0
18,89.0,0.004,0.0
19,91.0,0.002,0.0
20,118.0,0.36,7.7
21,114.0,1.25,88.9
22,198.0,0.312,9.6
23,201.0,0.801,64.4
24,218.0,-0.0,0.0
25,212.0,-0.007,0.0
26,234.0,0.035,0.1
27,238.0,0.483,27.7
28,254.0,-0.005,0.0
29,261.0,-0.001,0.0
30,319.0,-0.363,21.1
31,301.0,-0.002,0.0
32,335.0,0.001,0.0
33,312.0,0.204,6.5
34,401.0,-1.009,204.2
35,388.0,-0.0,0.0
36,413.0,0.082,1.4
37,396.0,0.767,116.3
38,414.0,-0.002,0.0
39,405.0,-0.001,0.0
40,432.0,0.001,0.0
41,413.0,0.342,24.2
42,483.0,0.224,12.2
43,443.0,0.079,1.4
44,504.0,-0.001,0.0
45,488.0,-0.002,0.0
46,505.0,-0.091,2.1
47,513.0,-0.067,1.2
48,566.0,-0.0,0.0
49,517.0,-0.0,0.0
50,589.0,-0.0,0.0
51,581.0,-0.001,0.0
52,626.0,0.0,0.0
53,611.0,0.0,0.0
54,626.0,-0.001,0.0
55,613.0,-0.001,0.0
56,637.0,-0.161,8.2
57,618.0,-0.12,4.4
58,656.0,0.102,3.4
59,636.0,0.001,0.0
60,657.0,0.0,0.0
61,654.0,0.041,0.6
62,703.0,0.251,22.2
63,697.0,0.162,9.1
64,719.0,-0.001,0.0
65,710.0,-0.015,0.1
66,750.0,-0.0,0.0
67,714.0,-0.001,0.0
68,756.0,0.103,4.0
69,723.0,0.001,0.0
70,771.0,-0.051,1.0
71,728.0,-0.022,0.2
72,774.0,-0.0,0.0
73,737.0,-0.0,0.0
74,806.0,-0.0,0.0
75,777.0,-0.0,0.0
76,843.0,0.14,8.2
77,807.0,0.0,0.0
78,861.0,0.062,1.7
79,832.0,0.132,7.2
80,862.0,-0.0,0.0
81,843.0,-0.062,1.6
82,868.0,0.002,0.0
83,860.0,0.063,1.7
84,868.0,0.023,0.2
85,871.0,0.0,0.0
86,902.0,0.0,0.0
87,872.0,0.001,0.0
88,928.0,0.0,0.0
89,905.0,0.029,0.4
90,949.0,0.013,0.1
91,906.0,0.003,0.0
92,954.0,-0.0,0.0
93,924.0,-0.001,0.0
94,971.0,-0.072,2.5
95,943.0,-0.05,1.2
96,974.0,0.0,0.0
97,947.0,0.001,0.0
98,984.0,0.037,0.7
99,947.0,0.018,0.1
100,997.0,-0.059,1.7
101,950.0,-0.001,0.0
102,998.0,-0.001,0.0
103,986.0,-0.057,1.6
104,1004.0,0.0,0.0
105,1000.0,0.0,0.0
106,1017.0,-0.016,0.1
107,1013.0,-0.008,0.0
108,1037.0,-0.115,6.9
109,1049.0,-0.025,0.3
110,1038.0,-0.002,0.0
111,1057.0,-0.286,43.1
112,1052.0,-0.026,0.4
113,1063.0,-0.001,0.0
114,1098.0,-0.0,0.0
115,1096.0,-0.0,0.0
116,1128.0,-0.0,0.0
117,1102.0,-0.001,0.0
118,1164.0,0.04,0.9
119,1129.0,0.054,1.6
120,1168.0,-0.0,0.0
121,1176.0,-0.001,0.0
122,1182.0,-0.0,0.0
123,1181.0,-0.0,0.0
124,1191.0,-0.38,85.9
125,1185.0,-0.467,129.2
126,1202.0,-0.052,1.6
127,1189.0,-0.159,15.1
128,1203.0,0.001,0.0
129,1202.0,0.045,1.2
130,1213.0,-0.059,2.1
131,1213.0,-0.0,0.0
132,1249.0,0.0,0.0
133,1271.0,0.001,0.0
134,1288.0,-0.464,138.7
135,1279.0,-0.079,4.0
136,1308.0,0.001,0.0
137,1300.0,0.0,0.0
138,1310.0,-0.351,80.8
139,1301.0,-0.003,0.0
140,1341.0,-0.0,0.0
141,1329.0,-0.0,0.0
142,1351.0,0.0,0.0
143,1351.0,0.069,3.2
144,1379.0,0.441,134.0
145,1354.0,0.001,0.0
146,1402.0,-0.0,0.0
147,1387.0,-0.001,0.0
148,1414.0,0.001,0.0
149,1406.0,1.125,889.4
150,1438.0,-0.762,417.5
151,1426.0,-0.0,0.0
152,1472.0,0.001,0.0
153,1451.0,0.0,0.0
154,1477.0,-0.0,0.0
155,1462.0,-0.063,2.9
156,1483.0,-0.079,4.6
157,1472.0,-0.0,0.0
158,1516.0,0.094,6.8
159,1516.0,0.159,19.1
160,1529.0,-0.028,0.6
161,1525.0,-0.001,0.0
162,1558.0,0.0,0.0
163,1529.0,0.464,164.4
164,1596.0,-0.905,653.7
165,1544.0,-0.0,0.0
166,1615.0,0.0,0.0
167,1573.0,0.001,0.0
168,1616.0,-0.0,0.0
169,1592.0,-0.641,327.3
170,1643.0,0.153,19.3
171,1597.0,0.14,15.6
172,1659.0,-0.0,0.0
173,1602.0,-0.0,0.0
174,1670.0,-0.026,0.6
175,1630.0,-0.05,2.0
176,3154.0,0.0,0.0
177,3153.0,0.005,0.0
178,3158.0,-0.0,0.0
179,3159.0,-0.004,0.0
180,3158.0,0.006,0.0
181,3162.0,0.0,0.0
182,3159.0,-0.003,0.0
183,3163.0,-0.006,0.1
184,3165.0,0.0,0.0
185,3167.0,0.0,0.0
186,3168.0,0.0,0.0
187,3173.0,0.0,0.0
188,3169.0,-0.002,0.0
189,3173.0,-0.002,0.0
190,3174.0,0.006,0.1
191,3178.0,0.009,0.1
192,3181.0,0.0,0.0
193,3183.0,0.0,0.0
194,3183.0,-0.001,0.0
195,3189.0,-0.0,0.0
196,3183.0,0.017,0.5
197,3189.0,0.019,0.5
198,3189.0,-0.005,0.0
199,3190.0,-0.008,0.1
200,3199.0,0.0,0.0
201,3205.0,0.001,0.0
