,Frequencies,Displacement,Reorg Energy
0,-0.0,-0.0,-0.0
1,-0.0,-0.0,-0.0
2,-0.0,-0.0,-0.0
3,-0.0,-0.0,-0.0
4,0.0,-0.0,0.0
5,-0.0,-0.0,-0.0
6,0.0,-0.0,0.0
7,-0.0,-0.0,-0.0
8,0.0,0.0,0.0
9,0.0,0.0,0.0
10,0.0,0.0,0.0
11,0.0,0.0,0.0
12,8.0,0.18,0.1
13,22.0,0.879,8.5
14,58.0,-1.342,52.5
15,49.0,-0.601,8.7
16,62.0,0.086,0.2
17,76.0,0.005,0.0
18,83.0,0.001,0.0
19,118.0,0.01,0.0
20,204.0,-1.38,194.0
21,185.0,-1.142,121.0
22,218.0,-0.002,0.0
23,221.0,-0.673,50.0
24,280.0,0.465,30.2
25,279.0,0.006,0.0
26,294.0,0.062,0.6
27,287.0,0.235,7.9
28,411.0,-0.056,0.7
29,403.0,-0.032,0.2
30,412.0,0.003,0.0
31,410.0,0.002,0.0
32,468.0,-0.001,0.0
33,445.0,-0.002,0.0
34,480.0,-0.0,0.0
35,469.0,-0.045,0.5
36,541.0,-0.223,13.4
37,474.0,-0.001,0.0
38,552.0,-0.0,0.0
39,537.0,-0.0,0.0
40,633.0,0.104,3.4
41,611.0,0.184,10.4
42,637.0,0.0,0.0
43,618.0,0.0,0.0
44,656.0,0.244,19.5
45,637.0,0.239,18.2
46,702.0,-0.001,0.0
47,649.0,-0.001,0.0
48,705.0,-0.042,0.6
49,654.0,-0.017,0.1
50,751.0,-0.0,0.0
51,724.0,-0.0,0.0
52,781.0,-0.135,7.1
53,739.0,-0.11,4.5
54,834.0,0.0,0.0
55,763.0,0.011,0.0
56,844.0,0.0,0.0
57,772.0,0.001,0.0
58,845.0,0.036,0.6
59,792.0,0.1,4.0
60,877.0,0.001,0.0
61,812.0,0.0,0.0
62,882.0,0.372,61.1
63,818.0,0.0,0.0
64,920.0,0.152,10.6
65,859.0,0.43,79.5
66,930.0,0.001,0.0
67,865.0,0.001,0.0
68,974.0,0.052,1.3
69,869.0,0.157,10.8
70,975.0,-0.002,0.0
71,961.0,-0.007,0.0
72,987.0,0.384,72.8
73,962.0,0.0,0.0
74,998.0,0.002,0.0
75,976.0,0.001,0.0
76,1005.0,0.344,59.5
77,976.0,0.013,0.1
78,1014.0,-0.471,112.5
79,987.0,-0.001,0.0
80,1015.0,-0.004,0.0
81,996.0,-0.436,94.6
82,1050.0,0.031,0.5
83,1022.0,0.074,2.8
84,1052.0,-0.001,0.0
85,1022.0,-0.008,0.0
86,1104.0,0.0,0.0
87,1098.0,0.002,0.0
88,1107.0,0.071,2.8
89,1101.0,0.172,16.2
90,1182.0,-0.004,0.0
91,1169.0,-0.153,13.6
92,1183.0,-0.149,13.0
93,1170.0,-0.001,0.0
94,1204.0,-0.006,0.0
95,1190.0,-0.004,0.0
96,1206.0,-0.499,149.9
97,1194.0,-0.001,0.0
98,1212.0,0.24,35.0
99,1210.0,0.373,84.2
100,1251.0,-0.001,0.0
101,1242.0,-0.001,0.0
102,1291.0,0.0,0.0
103,1269.0,0.616,240.5
104,1329.0,-0.098,6.4
105,1322.0,-0.0,0.0
106,1349.0,0.319,68.9
107,1353.0,0.435,128.2
108,1355.0,0.001,0.0
109,1370.0,0.056,2.2
110,1365.0,-0.519,183.5
111,1371.0,-0.002,0.0
112,1371.0,-0.001,0.0
113,1392.0,-0.0,0.0
114,1477.0,-0.302,67.3
115,1457.0,-0.229,38.3
116,1485.0,0.001,0.0
117,1467.0,0.0,0.0
118,1524.0,-0.276,57.9
119,1491.0,-0.12,10.6
120,1532.0,-0.001,0.0
121,1509.0,-0.0,0.0
122,1613.0,0.457,168.5
123,1536.0,0.002,0.0
124,1618.0,-0.001,0.0
125,1538.0,-0.109,9.1
126,1637.0,-0.796,518.2
127,1570.0,-0.643,324.4
128,1646.0,0.001,0.0
129,1614.0,0.0,0.0
130,1688.0,-0.872,641.7
131,1652.0,-1.045,901.8
132,3135.0,0.038,2.3
133,3150.0,0.015,0.3
134,3143.0,0.0,0.0
135,3153.0,0.0,0.0
136,3156.0,-0.011,0.2
137,3155.0,-0.013,0.3
138,3156.0,0.003,0.0
139,3158.0,0.0,0.0
140,3163.0,-0.007,0.1
141,3160.0,-0.011,0.2
142,3163.0,0.0,0.0
143,3162.0,0.0,0.0
144,3173.0,-0.0,0.0
145,3172.0,-0.0,0.0
146,3173.0,0.01,0.2
147,3173.0,0.005,0.0
148,3182.0,0.004,0.0
149,3185.0,0.002,0.0
150,3182.0,0.0,0.0
151,3186.0,0.0,0.0
152,3190.0,0.0,0.0
153,3192.0,0.001,0.0
