,Frequencies,Displacement,Reorg Energy
0,-0.0,0.0,-0.0
1,-0.0,0.0,-0.0
2,-0.0,0.0,-0.0
3,-0.0,0.0,-0.0
4,-0.0,-0.0,-0.0
5,-0.0,-0.0,-0.0
6,0.0,-0.0,0.0
7,-0.0,-0.0,-0.0
8,0.0,-0.0,0.0
9,0.0,-0.0,0.0
10,0.0,-0.0,0.0
11,0.0,-0.0,0.0
12,9.0,3.894,69.4
13,28.0,0.065,0.1
14,25.0,0.025,0.0
15,38.0,0.056,0.1
16,47.0,-0.017,0.0
17,40.0,-7.234,1038.1
18,66.0,1.249,51.3
19,77.0,0.208,1.7
20,81.0,0.006,0.0
21,77.0,4.776,881.9
22,91.0,0.002,0.0
23,98.0,0.012,0.0
24,115.0,0.007,0.0
25,118.0,2.557,386.4
26,119.0,0.586,20.4
27,120.0,0.024,0.0
28,153.0,0.482,17.8
29,162.0,2.025,332.1
30,207.0,-0.0,0.0
31,199.0,-0.005,0.0
32,231.0,-0.008,0.0
33,235.0,-0.569,38.1
34,234.0,0.075,0.7
35,247.0,0.003,0.0
36,269.0,0.57,43.7
37,271.0,0.579,45.4
38,319.0,0.002,0.0
39,297.0,0.002,0.0
40,347.0,-0.001,0.0
41,332.0,-0.003,0.0
42,388.0,0.777,117.2
43,379.0,0.74,104.0
44,402.0,-0.005,0.0
45,385.0,-0.005,0.0
46,411.0,0.756,117.5
47,407.0,0.009,0.0
48,414.0,0.061,0.8
49,410.0,0.296,17.9
50,420.0,0.1,2.1
51,415.0,0.443,40.7
52,427.0,-0.001,0.0
53,425.0,-0.661,92.9
54,440.0,-0.0,0.0
55,430.0,-0.0,0.0
56,484.0,-0.306,22.7
57,450.0,-0.016,0.1
58,505.0,0.114,3.3
59,494.0,0.0,0.0
60,516.0,-0.002,0.0
61,515.0,-0.17,7.5
62,554.0,-0.002,0.0
63,522.0,-0.001,0.0
64,567.0,0.001,0.0
65,552.0,0.001,0.0
66,598.0,-0.001,0.0
67,588.0,-0.001,0.0
68,627.0,-0.002,0.0
69,612.0,-0.0,0.0
70,629.0,-0.001,0.0
71,617.0,-0.002,0.0
72,635.0,0.145,6.6
73,620.0,0.091,2.6
74,638.0,0.001,0.0
75,633.0,0.0,0.0
76,655.0,-0.158,8.2
77,650.0,-0.054,0.9
78,670.0,0.001,0.0
79,654.0,0.002,0.0
80,691.0,0.252,22.0
81,687.0,0.162,9.0
82,715.0,0.0,0.0
83,710.0,0.001,0.0
84,750.0,0.0,0.0
85,716.0,0.053,1.0
86,755.0,0.0,0.0
87,727.0,0.0,0.0
88,756.0,-0.144,7.9
89,733.0,-0.045,0.7
90,760.0,-0.107,4.4
91,741.0,-0.001,0.0
92,771.0,0.067,1.7
93,753.0,0.0,0.0
94,782.0,-0.001,0.0
95,755.0,-0.04,0.6
96,807.0,0.001,0.0
97,784.0,0.001,0.0
98,844.0,0.004,0.0
99,811.0,0.0,0.0
100,846.0,-0.127,6.8
101,836.0,-0.128,6.8
102,856.0,-0.122,6.4
103,845.0,-0.002,0.0
104,857.0,-0.034,0.5
105,853.0,-0.179,13.7
106,862.0,0.001,0.0
107,853.0,0.03,0.4
108,868.0,-0.031,0.4
109,853.0,-0.018,0.1
110,882.0,-0.001,0.0
111,875.0,-0.002,0.0
112,903.0,0.0,0.0
113,881.0,0.001,0.0
114,933.0,-0.0,0.0
115,912.0,-0.062,1.8
116,945.0,-0.001,0.0
117,915.0,-0.004,0.0
118,949.0,-0.051,1.2
119,929.0,-0.0,0.0
120,972.0,-0.091,4.0
121,938.0,-0.001,0.0
122,974.0,0.001,0.0
123,942.0,0.082,3.2
124,980.0,-0.001,0.0
125,951.0,-0.03,0.4
126,982.0,0.029,0.4
127,951.0,0.009,0.0
128,985.0,0.049,1.2
129,981.0,0.029,0.4
130,998.0,-0.081,3.3
131,985.0,-0.001,0.0
132,998.0,0.0,0.0
133,989.0,0.132,8.7
134,1002.0,0.0,0.0
135,1001.0,0.001,0.0
136,1015.0,0.019,0.2
137,1013.0,0.043,0.9
138,1025.0,0.02,0.2
139,1019.0,0.031,0.5
140,1037.0,-0.157,12.7
141,1037.0,-0.028,0.4
142,1038.0,-0.003,0.0
143,1059.0,-0.332,58.4
144,1043.0,-0.022,0.2
145,1060.0,-0.097,5.0
146,1063.0,-0.003,0.0
147,1066.0,-0.003,0.0
148,1104.0,-0.0,0.0
149,1100.0,-0.001,0.0
150,1128.0,-0.0,0.0
151,1106.0,-0.0,0.0
152,1133.0,0.002,0.0
153,1134.0,0.107,6.5
154,1165.0,-0.106,6.5
155,1143.0,-0.002,0.0
156,1168.0,0.002,0.0
157,1177.0,0.001,0.0
158,1183.0,-0.0,0.0
159,1181.0,-0.571,192.3
160,1191.0,0.314,58.8
161,1183.0,0.002,0.0
162,1203.0,0.0,0.0
163,1189.0,0.2,23.7
164,1204.0,-0.05,1.5
165,1205.0,-0.035,0.8
166,1209.0,0.184,20.3
167,1211.0,0.052,1.7
168,1216.0,-0.001,0.0
169,1212.0,-0.001,0.0
170,1249.0,0.001,0.0
171,1271.0,0.002,0.0
172,1288.0,0.262,44.2
173,1280.0,0.038,0.9
174,1288.0,-0.4,103.0
175,1285.0,-0.001,0.0
176,1303.0,0.053,1.8
177,1300.0,0.086,4.8
178,1311.0,-0.374,91.8
179,1304.0,-0.001,0.0
180,1314.0,-0.0,0.0
181,1305.0,-0.064,2.7
182,1336.0,0.001,0.0
183,1325.0,0.001,0.0
184,1341.0,-0.0,0.0
185,1341.0,-0.002,0.0
186,1356.0,-0.001,0.0
187,1352.0,-0.284,54.5
188,1380.0,0.511,180.2
189,1358.0,0.001,0.0
190,1402.0,-0.001,0.0
191,1382.0,-0.002,0.0
192,1414.0,0.0,0.0
193,1393.0,1.138,902.3
194,1427.0,-0.001,0.0
195,1426.0,-0.0,0.0
196,1439.0,0.634,289.1
197,1440.0,0.001,0.0
198,1477.0,-0.0,0.0
199,1454.0,-0.001,0.0
200,1478.0,0.0,0.0
201,1465.0,0.068,3.4
202,1483.0,-0.126,11.8
203,1477.0,-0.0,0.0
204,1517.0,-0.112,9.5
205,1514.0,-0.098,7.2
206,1523.0,-0.093,6.6
207,1528.0,-0.462,163.1
208,1548.0,-0.038,1.1
209,1528.0,-0.007,0.0
210,1558.0,0.0,0.0
211,1539.0,0.035,0.9
212,1586.0,-0.001,0.0
213,1548.0,-0.0,0.0
214,1597.0,0.895,639.1
215,1557.0,0.001,0.0
216,1615.0,0.0,0.0
217,1573.0,0.002,0.0
218,1621.0,-0.0,0.0
219,1587.0,-0.577,264.4
220,1644.0,0.113,10.6
221,1597.0,0.162,20.9
222,1650.0,0.264,57.3
223,1613.0,0.001,0.0
224,1659.0,0.0,0.0
225,1623.0,0.214,37.2
226,1670.0,0.066,3.6
227,1643.0,0.019,0.3
228,3154.0,0.001,0.0
229,3153.0,0.005,0.0
230,3158.0,0.0,0.0
231,3160.0,0.001,0.0
232,3159.0,-0.002,0.0
233,3162.0,-0.0,0.0
234,3159.0,-0.003,0.0
235,3163.0,-0.007,0.1
236,3164.0,-0.0,0.0
237,3166.0,-0.0,0.0
238,3166.0,0.01,0.1
239,3169.0,0.015,0.4
240,3167.0,0.0,0.0
241,3171.0,0.0,0.0
242,3169.0,-0.0,0.0
243,3172.0,-0.0,0.0
244,3169.0,0.004,0.0
245,3173.0,0.006,0.1
246,3175.0,0.003,0.0
247,3178.0,0.008,0.1
248,3180.0,0.0,0.0
249,3183.0,0.0,0.0
250,3183.0,0.0,0.0
251,3187.0,0.0,0.0
252,3183.0,-0.0,0.0
253,3188.0,-0.014,0.3
254,3183.0,-0.011,0.2
255,3189.0,-0.001,0.0
256,3184.0,0.011,0.2
257,3189.0,0.029,1.3
258,3190.0,-0.003,0.0
259,3191.0,-0.005,0.0
260,3199.0,-0.003,0.0
261,3206.0,-0.004,0.0
