,Frequencies,Displacement,Reorg Energy
0,-0.0,0.0,-0.0
1,-0.0,0.0,-0.0
2,-0.0,0.0,-0.0
3,-0.0,0.0,-0.0
4,0.0,-0.0,0.0
5,0.0,-0.0,0.0
6,0.0,-0.0,0.0
7,0.0,-0.0,0.0
8,0.0,0.0,0.0
9,0.0,0.0,0.0
10,0.0,0.0,0.0
11,0.0,0.0,0.0
12,38.0,0.007,0.0
13,29.0,0.005,0.0
14,47.0,0.005,0.0
15,37.0,0.014,0.0
16,69.0,0.001,0.0
17,65.0,5.096,841.6
18,81.0,5.627,1275.5
19,86.0,0.007,0.0
20,112.0,0.013,0.0
21,96.0,0.004,0.0
22,150.0,-0.031,0.1
23,156.0,-0.001,0.0
24,214.0,-0.502,27.0
25,187.0,-0.001,0.0
26,226.0,0.002,0.0
27,227.0,0.703,56.1
28,337.0,0.0,0.0
29,260.0,0.011,0.0
30,342.0,-0.0,0.0
31,365.0,-0.0,0.0
32,406.0,0.0,0.0
33,400.0,0.0,0.0
34,414.0,0.001,0.0
35,408.0,0.316,20.3
36,417.0,0.424,37.5
37,408.0,0.002,0.0
38,426.0,0.0,0.0
39,412.0,0.002,0.0
40,459.0,0.001,0.0
41,432.0,0.001,0.0
42,498.0,0.001,0.0
43,449.0,0.002,0.0
44,543.0,-0.001,0.0
45,477.0,-0.0,0.0
46,582.0,0.001,0.0
47,516.0,0.0,0.0
48,628.0,-0.029,0.3
49,604.0,-0.049,0.7
50,631.0,0.0,0.0
51,608.0,0.0,0.0
52,636.0,0.0,0.0
53,620.0,0.0,0.0
54,657.0,0.0,0.0
55,637.0,0.001,0.0
56,713.0,-0.001,0.0
57,660.0,-0.0,0.0
58,714.0,-0.0,0.0
59,662.0,-0.001,0.0
60,714.0,0.0,0.0
61,695.0,0.001,0.0
62,747.0,-0.001,0.0
63,699.0,-0.002,0.0
64,770.0,-0.001,0.0
65,746.0,-0.001,0.0
66,790.0,-0.569,127.7
67,751.0,-0.744,207.9
68,793.0,0.005,0.0
69,765.0,0.62,146.9
70,852.0,0.02,0.2
71,775.0,0.001,0.0
72,857.0,-0.002,0.0
73,794.0,-0.078,2.4
74,857.0,0.053,1.2
75,794.0,0.451,80.8
76,862.0,-0.001,0.0
77,808.0,-0.001,0.0
78,932.0,-0.001,0.0
79,869.0,-0.0,0.0
80,934.0,0.0,0.0
81,870.0,0.0,0.0
82,978.0,-0.003,0.0
83,929.0,-0.002,0.0
84,980.0,0.0,0.0
85,934.0,0.001,0.0
86,982.0,0.014,0.1
87,963.0,0.002,0.0
88,983.0,0.0,0.0
89,964.0,0.133,8.5
90,1002.0,-0.0,0.0
91,964.0,-0.102,5.1
92,1002.0,-0.0,0.0
93,967.0,-0.001,0.0
94,1013.0,0.286,41.5
95,978.0,0.0,0.0
96,1016.0,-0.001,0.0
97,979.0,-0.0,0.0
98,1022.0,0.0,0.0
99,982.0,0.0,0.0
100,1025.0,0.356,65.0
101,1009.0,0.411,85.1
102,1046.0,0.0,0.0
103,1019.0,0.0,0.0
104,1060.0,-0.092,4.5
105,1034.0,-0.001,0.0
106,1069.0,-0.0,0.0
107,1036.0,-0.242,30.3
108,1103.0,0.0,0.0
109,1101.0,0.001,0.0
110,1104.0,0.001,0.0
111,1109.0,0.0,0.0
112,1140.0,-0.0,0.0
113,1147.0,-0.0,0.0
114,1182.0,0.001,0.0
115,1162.0,0.0,0.0
116,1183.0,-0.0,0.0
117,1176.0,-0.0,0.0
118,1204.0,0.158,15.0
119,1203.0,0.054,1.7
120,1205.0,-0.0,0.0
121,1211.0,-0.0,0.0
122,1214.0,0.689,288.4
123,1237.0,0.002,0.0
124,1287.0,0.0,0.0
125,1254.0,0.604,228.5
126,1303.0,-0.694,313.6
127,1287.0,-0.0,0.0
128,1305.0,0.003,0.0
129,1327.0,0.0,0.0
130,1305.0,-0.015,0.1
131,1340.0,-0.0,0.0
132,1325.0,0.0,0.0
133,1347.0,0.001,0.0
134,1342.0,-0.0,0.0
135,1360.0,-0.001,0.0
136,1354.0,-0.001,0.0
137,1371.0,-0.002,0.0
138,1359.0,0.0,0.0
139,1371.0,0.653,292.4
140,1431.0,-0.0,0.0
141,1422.0,-0.0,0.0
142,1472.0,-0.0,0.0
143,1458.0,-0.0,0.0
144,1484.0,0.0,0.0
145,1476.0,0.0,0.0
146,1517.0,0.0,0.0
147,1482.0,0.0,0.0
148,1528.0,-0.281,60.2
149,1504.0,-0.0,0.0
150,1552.0,-0.001,0.0
151,1511.0,-0.0,0.0
152,1587.0,-0.0,0.0
153,1516.0,-0.329,82.2
154,1618.0,-0.0,0.0
155,1541.0,-0.0,0.0
156,1623.0,0.0,0.0
157,1547.0,0.0,0.0
158,1643.0,0.895,657.3
159,1608.0,0.0,0.0
160,1644.0,-0.0,0.0
161,1634.0,-0.124,12.5
162,1652.0,-0.499,205.8
163,1682.0,-1.163,1138.4
164,3159.0,-0.0,0.0
165,3160.0,-0.0,0.0
166,3159.0,-0.017,0.5
167,3160.0,-0.009,0.1
168,3164.0,-0.0,0.0
169,3165.0,-0.0,0.0
170,3165.0,0.0,0.0
171,3166.0,0.0,0.0
172,3166.0,0.0,0.0
173,3180.0,0.0,0.0
174,3168.0,-0.0,0.0
175,3181.0,-0.0,0.0
176,3175.0,-0.01,0.2
177,3185.0,-0.01,0.2
178,3176.0,-0.0,0.0
179,3188.0,-0.0,0.0
180,3180.0,-0.0,0.0
181,3191.0,-0.0,0.0
182,3182.0,-0.0,0.0
183,3195.0,-0.01,0.1
184,3184.0,-0.0,0.0
185,3200.0,-0.0,0.0
186,3185.0,-0.033,1.8
187,3203.0,-0.0,0.0
188,3190.0,-0.0,0.0
189,3208.0,-0.0,0.0
