,Frequencies,Displacement,Reorg Energy
0,-0.0,0.0,-0.0
1,-0.0,0.0,-0.0
2,-0.0,-0.0,-0.0
3,-0.0,-0.0,-0.0
4,-0.0,-0.0,-0.0
5,-0.0,-0.0,-0.0
6,0.0,-0.0,0.0
7,0.0,-0.0,0.0
8,0.0,-0.0,0.0
9,0.0,-0.0,0.0
10,0.0,0.0,0.0
11,0.0,0.0,0.0
12,21.0,0.002,0.0
13,43.0,0.001,0.0
14,47.0,0.001,0.0
15,45.0,0.001,0.0
16,51.0,0.002,0.0
17,51.0,0.003,0.0
18,140.0,-0.0,0.0
19,117.0,-0.0,0.0
20,156.0,0.0,0.0
21,143.0,0.0,0.0
22,261.0,0.239,7.4
23,216.0,0.001,0.0
24,286.0,0.001,0.0
25,261.0,0.223,6.5
26,405.0,-0.0,0.0
27,348.0,-0.0,0.0
28,411.0,-0.0,0.0
29,387.0,-0.0,0.0
30,412.0,0.0,0.0
31,406.0,0.0,0.0
32,479.0,-0.0,0.0
33,460.0,-0.0,0.0
34,529.0,-0.0,0.0
35,474.0,-0.0,0.0
36,550.0,-0.0,0.0
37,515.0,-0.0,0.0
38,570.0,0.0,0.0
39,532.0,0.0,0.0
40,577.0,-0.0,0.0
41,549.0,-0.0,0.0
42,636.0,-0.0,0.0
43,617.0,-0.0,0.0
44,642.0,-0.0,0.0
45,622.0,-0.0,0.0
46,705.0,0.0,0.0
47,653.0,0.0,0.0
48,706.0,0.0,0.0
49,654.0,0.0,0.0
50,716.0,0.385,53.2
51,698.0,0.44,67.5
52,775.0,-0.0,0.0
53,742.0,-0.0,0.0
54,775.0,0.0,0.0
55,743.0,0.0,0.0
56,853.0,0.0,0.0
57,792.0,0.0,0.0
58,853.0,0.0,0.0
59,795.0,0.0,0.0
60,857.0,-0.0,0.0
61,820.0,-0.0,0.0
62,930.0,0.0,0.0
63,865.0,0.0,0.0
64,932.0,0.0,0.0
65,865.0,0.0,0.0
66,981.0,-0.0,0.0
67,964.0,-0.0,0.0
68,981.0,0.0,0.0
69,965.0,0.0,0.0
70,1002.0,-0.0,0.0
71,976.0,-0.0,0.0
72,1002.0,-0.0,0.0
73,976.0,-0.0,0.0
74,1014.0,0.582,171.6
75,986.0,0.0,0.0
76,1014.0,0.0,0.0
77,993.0,0.599,178.4
78,1047.0,-0.008,0.0
79,1015.0,-0.061,1.9
80,1049.0,0.0,0.0
81,1015.0,0.0,0.0
82,1100.0,-0.0,0.0
83,1097.0,-0.0,0.0
84,1102.0,-0.0,0.0
85,1098.0,-0.0,0.0
86,1160.0,0.625,226.9
87,1150.0,0.551,174.5
88,1183.0,0.0,0.0
89,1166.0,0.0,0.0
90,1183.0,0.0,0.0
91,1166.0,0.0,0.0
92,1200.0,0.0,0.0
93,1192.0,0.0,0.0
94,1202.0,-0.33,65.4
95,1205.0,-0.224,30.2
96,1309.0,0.0,0.0
97,1275.0,0.0,0.0
98,1312.0,-0.0,0.0
99,1281.0,-0.0,0.0
100,1341.0,-0.0,0.0
101,1362.0,-0.0,0.0
102,1351.0,0.0,0.0
103,1362.0,0.0,0.0
104,1352.0,0.0,0.0
105,1406.0,0.0,0.0
106,1472.0,0.0,0.0
107,1442.0,0.0,0.0
108,1474.0,-0.0,0.0
109,1442.0,-0.0,0.0
110,1516.0,-0.301,68.5
111,1476.0,-0.244,43.7
112,1535.0,0.0,0.0
113,1513.0,0.0,0.0
114,1607.0,-0.0,0.0
115,1524.0,-0.0,0.0
116,1609.0,0.0,0.0
117,1524.0,0.0,0.0
118,1637.0,0.714,416.6
119,1608.0,0.0,0.0
120,1646.0,-0.0,0.0
121,1637.0,-0.566,262.3
122,2302.0,-0.887,905.9
123,2143.0,-1.028,1132.6
124,3163.0,-0.0,0.0
125,3162.0,-0.0,0.0
126,3163.0,-0.012,0.2
127,3162.0,-0.01,0.2
128,3172.0,0.0,0.0
129,3166.0,0.0,0.0
130,3172.0,0.0,0.0
131,3166.0,0.0,0.0
132,3183.0,-0.0,0.0
133,3183.0,-0.0,0.0
134,3183.0,-0.002,0.0
135,3183.0,-0.006,0.1
136,3191.0,0.0,0.0
137,3188.0,0.0,0.0
138,3191.0,0.0,0.0
139,3188.0,0.0,0.0
140,3195.0,0.0,0.0
141,3194.0,0.0,0.0
