,Frequencies,Displacement,Reorg Energy
0,-0.0,-0.0,-0.0
1,-0.0,-0.0,-0.0
2,-0.0,-0.0,-0.0
3,-0.0,-0.0,-0.0
4,-0.0,-0.0,-0.0
5,0.0,-0.0,0.0
6,0.0,-0.0,0.0
7,0.0,-0.0,0.0
8,0.0,0.0,0.0
9,0.0,0.0,0.0
10,0.0,0.0,0.0
11,0.0,0.0,0.0
12,25.0,-5.313,349.4
13,24.0,-5.729,386.0
14,40.0,0.216,0.9
15,41.0,0.821,13.9
16,46.0,3.239,241.0
17,45.0,0.747,12.5
18,82.0,-3.819,600.8
19,74.0,-0.935,32.4
20,94.0,-1.014,48.6
21,102.0,-1.018,52.7
22,124.0,-1.847,211.9
23,125.0,-0.451,12.7
24,139.0,-1.58,173.8
25,158.0,-1.289,131.6
26,174.0,-1.211,127.6
27,189.0,-1.052,104.4
28,235.0,-0.254,7.6
29,225.0,-0.379,16.1
30,246.0,0.997,122.4
31,237.0,0.297,10.4
32,265.0,-0.373,18.4
33,261.0,-1.153,173.2
34,304.0,-0.237,8.5
35,299.0,-0.588,51.6
36,341.0,0.647,71.3
37,308.0,0.325,16.3
38,387.0,0.354,24.2
39,377.0,0.777,113.7
40,398.0,0.66,86.7
41,392.0,0.661,85.5
42,414.0,0.012,0.0
43,412.0,0.278,15.9
44,424.0,0.018,0.1
45,415.0,0.301,18.8
46,441.0,0.021,0.1
47,438.0,0.083,1.5
48,485.0,-0.197,9.4
49,462.0,-0.334,25.7
50,506.0,0.083,1.7
51,490.0,0.243,14.5
52,506.0,0.08,1.6
53,518.0,0.177,8.1
54,549.0,0.004,0.0
55,521.0,0.061,1.0
56,559.0,0.461,59.3
57,553.0,0.253,17.7
58,580.0,-0.161,7.5
59,574.0,-0.048,0.7
60,612.0,-0.235,16.9
61,605.0,-0.141,6.0
62,624.0,-0.048,0.7
63,613.0,-0.049,0.7
64,635.0,-0.024,0.2
65,631.0,-0.083,2.2
66,654.0,-0.089,2.6
67,637.0,-0.233,17.2
68,670.0,-0.03,0.3
69,665.0,-0.119,4.7
70,706.0,-0.0,0.0
71,693.0,-0.01,0.0
72,725.0,-0.206,15.4
73,718.0,-0.236,19.9
74,749.0,-0.204,15.6
75,723.0,-0.195,13.8
76,757.0,0.125,5.9
77,732.0,0.004,0.0
78,764.0,0.047,0.9
79,743.0,0.022,0.2
80,771.0,-0.144,8.0
81,754.0,-0.085,2.7
82,799.0,0.036,0.5
83,769.0,0.066,1.7
84,839.0,0.109,5.0
85,821.0,0.017,0.1
86,849.0,-0.085,3.1
87,833.0,-0.01,0.0
88,854.0,-0.166,11.8
89,838.0,-0.02,0.2
90,868.0,0.048,1.0
91,852.0,0.064,1.7
92,868.0,-0.001,0.0
93,869.0,-0.009,0.0
94,893.0,0.071,2.2
95,874.0,0.087,3.3
96,895.0,-0.116,6.0
97,882.0,-0.08,2.8
98,902.0,0.028,0.4
99,894.0,0.049,1.1
100,929.0,0.077,2.8
101,911.0,0.243,26.8
102,950.0,-0.038,0.7
103,916.0,-0.01,0.0
104,970.0,-0.076,2.8
105,932.0,-0.26,31.5
106,976.0,0.016,0.1
107,945.0,0.056,1.5
108,977.0,-0.019,0.2
109,955.0,-0.27,34.9
110,995.0,-0.075,2.8
111,958.0,-0.137,9.0
112,997.0,-0.18,16.2
113,966.0,-0.293,41.6
114,1000.0,0.039,0.7
115,974.0,0.105,5.4
116,1010.0,0.358,64.7
117,993.0,0.069,2.4
118,1016.0,0.046,1.1
119,1007.0,0.046,1.1
120,1040.0,0.087,3.9
121,1044.0,0.017,0.2
122,1042.0,-0.048,1.2
123,1058.0,-0.032,0.5
124,1050.0,0.012,0.1
125,1065.0,0.13,9.0
126,1078.0,-0.024,0.3
127,1096.0,-0.099,5.4
128,1106.0,0.013,0.1
129,1107.0,0.117,7.6
130,1128.0,0.025,0.3
131,1110.0,0.062,2.1
132,1168.0,0.04,1.0
133,1160.0,0.069,2.7
134,1183.0,0.009,0.1
135,1177.0,0.149,13.1
136,1184.0,-0.113,7.6
137,1181.0,-0.098,5.7
138,1198.0,0.359,77.3
139,1184.0,0.225,30.0
140,1203.0,-0.087,4.6
141,1200.0,-0.178,19.1
142,1205.0,0.005,0.0
143,1208.0,0.057,2.0
144,1231.0,-0.122,9.2
145,1236.0,-0.202,25.3
146,1248.0,-0.056,2.0
147,1258.0,-0.066,2.7
148,1282.0,-0.647,268.6
149,1271.0,-0.078,3.9
150,1283.0,0.024,0.4
151,1290.0,0.163,17.1
152,1308.0,0.15,14.6
153,1302.0,0.136,12.0
154,1329.0,0.093,5.7
155,1321.0,0.264,46.0
156,1346.0,-0.144,14.0
157,1330.0,-0.108,7.8
158,1352.0,-0.184,22.8
159,1346.0,-0.014,0.1
160,1359.0,0.068,3.2
161,1359.0,0.141,13.4
162,1377.0,0.383,101.2
163,1371.0,0.724,359.4
164,1400.0,0.011,0.1
165,1377.0,0.199,27.2
166,1415.0,-0.022,0.3
167,1399.0,-0.076,4.0
168,1435.0,-0.497,177.1
169,1429.0,-0.004,0.0
170,1477.0,0.039,1.1
171,1455.0,0.037,1.0
172,1481.0,0.171,21.6
173,1471.0,0.173,21.9
174,1481.0,0.02,0.3
175,1479.0,0.063,2.9
176,1518.0,0.126,12.0
177,1517.0,0.488,180.5
178,1528.0,0.044,1.5
179,1521.0,0.307,71.8
180,1556.0,0.038,1.1
181,1531.0,0.057,2.5
182,1593.0,0.702,392.3
183,1565.0,0.151,17.8
184,1614.0,0.051,2.1
185,1574.0,0.071,4.0
186,1616.0,-0.067,3.7
187,1576.0,-0.026,0.5
188,1642.0,0.156,19.9
189,1586.0,0.624,308.9
190,1658.0,-0.072,4.3
191,1596.0,-0.273,59.3
192,1668.0,-0.151,18.9
193,1620.0,-0.312,79.1
194,1681.0,0.285,68.3
195,1635.0,0.02,0.3
196,3127.0,0.003,0.0
197,3154.0,0.003,0.0
198,3140.0,0.013,0.3
199,3155.0,0.007,0.1
200,3155.0,0.003,0.0
201,3160.0,0.028,1.3
202,3157.0,-0.004,0.0
203,3161.0,-0.0,0.0
204,3158.0,-0.001,0.0
205,3162.0,-0.001,0.0
206,3160.0,-0.006,0.1
207,3162.0,-0.004,0.0
208,3163.0,-0.001,0.0
209,3169.0,-0.01,0.2
210,3169.0,0.006,0.0
211,3172.0,0.006,0.1
212,3169.0,-0.01,0.2
213,3173.0,-0.007,0.1
214,3173.0,0.001,0.0
215,3174.0,0.031,1.5
216,3181.0,0.002,0.0
217,3182.0,0.002,0.0
218,3184.0,-0.015,0.4
219,3187.0,-0.006,0.1
220,3184.0,0.015,0.4
221,3187.0,0.027,1.2
222,3190.0,-0.003,0.0
223,3190.0,-0.007,0.1
224,3198.0,-0.021,0.7
225,3198.0,-0.055,4.9
