,Frequencies,Displacement,Reorg Energy
0,-0.0,0.0,-0.0
1,-0.0,0.0,-0.0
2,0.0,-0.0,0.0
3,-0.0,-0.0,-0.0
4,0.0,0.0,0.0
5,0.0,0.0,0.0
6,0.0,-0.0,0.0
7,0.0,-0.0,0.0
8,0.0,0.0,0.0
9,0.0,0.0,0.0
10,0.0,0.0,0.0
11,0.0,0.0,0.0
12,11.0,0.702,2.8
13,13.0,1.207,9.3
14,14.0,-5.902,241.9
15,15.0,-5.252,209.7
16,25.0,-0.173,0.4
17,21.0,-0.223,0.5
18,35.0,0.074,0.1
19,33.0,4.604,345.9
20,40.0,-0.563,6.4
21,43.0,-0.209,0.9
22,61.0,0.505,7.7
23,52.0,0.401,4.2
24,70.0,0.19,1.3
25,74.0,0.716,19.0
26,76.0,1.589,95.6
27,83.0,0.302,3.8
28,97.0,-0.299,4.3
29,95.0,-0.048,0.1
30,119.0,0.735,32.1
31,117.0,0.844,41.7
32,135.0,-0.256,4.4
33,143.0,-0.211,3.2
34,139.0,-0.012,0.0
35,144.0,-0.363,9.5
36,154.0,-0.034,0.1
37,155.0,-0.139,1.5
38,189.0,-0.029,0.1
39,192.0,-0.035,0.1
40,204.0,0.152,2.3
41,204.0,0.161,2.7
42,211.0,0.096,1.0
43,221.0,0.11,1.3
44,245.0,-0.026,0.1
45,253.0,-0.153,2.9
46,264.0,0.009,0.0
47,262.0,0.322,13.5
48,269.0,-0.33,14.7
49,270.0,-0.304,12.5
50,294.0,-0.067,0.7
51,293.0,-0.078,0.9
52,304.0,-0.011,0.0
53,314.0,-0.067,0.7
54,340.0,0.066,0.7
55,350.0,0.088,1.4
56,355.0,-0.233,9.6
57,387.0,-0.161,5.0
58,406.0,0.247,12.4
59,410.0,0.159,5.2
60,411.0,-0.08,1.3
61,412.0,-0.045,0.4
62,420.0,0.293,18.1
63,416.0,0.344,24.5
64,426.0,0.032,0.2
65,421.0,0.138,4.0
66,428.0,0.026,0.1
67,433.0,0.004,0.0
68,439.0,-0.033,0.2
69,442.0,-0.009,0.0
70,444.0,0.11,2.7
71,443.0,0.026,0.2
72,456.0,0.084,1.6
73,470.0,0.015,0.1
74,471.0,-0.1,2.3
75,508.0,-0.114,3.3
76,503.0,0.0,0.0
77,510.0,0.129,4.2
78,504.0,0.163,6.7
79,526.0,0.009,0.0
80,529.0,0.135,4.9
81,533.0,0.032,0.3
82,540.0,0.052,0.7
83,560.0,0.023,0.2
84,551.0,-0.021,0.1
85,570.0,-0.081,1.9
86,565.0,0.114,3.7
87,573.0,0.035,0.3
88,577.0,-0.066,1.2
89,585.0,-0.096,2.7
90,585.0,-0.268,21.0
91,591.0,-0.179,9.5
92,598.0,-0.013,0.0
93,614.0,-0.41,51.6
94,604.0,0.389,45.7
95,627.0,0.0,0.0
96,629.0,0.13,5.3
97,633.0,0.038,0.4
98,634.0,0.027,0.2
99,640.0,0.087,2.4
100,641.0,-0.048,0.7
101,652.0,-0.03,0.3
102,660.0,-0.109,3.9
103,670.0,-0.026,0.2
104,675.0,0.31,32.3
105,689.0,0.228,17.9
106,680.0,0.017,0.1
107,697.0,0.008,0.0
108,697.0,0.009,0.0
109,700.0,0.206,14.9
110,705.0,0.111,4.3
111,713.0,0.046,0.8
112,711.0,-0.079,2.2
113,717.0,-0.077,2.1
114,715.0,-0.018,0.1
115,736.0,-0.007,0.0
116,730.0,0.005,0.0
117,740.0,0.017,0.1
118,744.0,-0.013,0.1
119,761.0,-0.012,0.1
120,756.0,-0.28,29.6
121,771.0,-0.312,37.5
122,763.0,-0.0,0.0
123,773.0,-0.018,0.1
124,798.0,0.066,1.8
125,818.0,0.001,0.0
126,804.0,-0.103,4.3
127,835.0,-0.078,2.5
128,807.0,0.112,5.0
129,843.0,0.176,13.0
130,811.0,0.016,0.1
131,846.0,0.0,0.0
132,822.0,0.082,2.8
133,854.0,0.055,1.3
134,844.0,0.035,0.5
135,867.0,0.0,0.0
136,855.0,-0.003,0.0
137,873.0,-0.06,1.6
138,871.0,-0.074,2.4
139,876.0,-0.004,0.0
140,882.0,-0.003,0.0
141,878.0,-0.01,0.0
142,907.0,-0.098,4.4
143,922.0,-0.081,3.0
144,931.0,0.0,0.0
145,937.0,0.005,0.0
146,943.0,0.001,0.0
147,952.0,0.0,0.0
148,950.0,-0.032,0.5
149,958.0,-0.003,0.0
150,951.0,0.099,4.7
151,967.0,0.038,0.7
152,955.0,-0.075,2.7
153,970.0,-0.038,0.7
154,959.0,0.01,0.1
155,975.0,0.014,0.1
156,963.0,-0.036,0.6
157,979.0,-0.082,3.3
158,974.0,-0.0,0.0
159,990.0,-0.0,0.0
160,986.0,0.017,0.1
161,1001.0,0.006,0.0
162,992.0,0.092,4.2
163,1002.0,0.099,4.9
164,1002.0,0.043,0.9
165,1019.0,0.029,0.4
166,1009.0,0.031,0.5
167,1028.0,0.153,12.1
168,1016.0,-0.088,3.9
169,1036.0,-0.054,1.5
170,1026.0,-0.071,2.6
171,1038.0,-0.053,1.5
172,1036.0,0.039,0.8
173,1053.0,0.0,0.0
174,1074.0,-0.088,4.1
175,1083.0,-0.079,3.4
176,1103.0,-0.041,0.9
177,1110.0,-0.033,0.6
178,1139.0,-0.025,0.4
179,1142.0,-0.054,1.7
180,1140.0,0.106,6.4
181,1143.0,0.058,1.9
182,1149.0,-0.043,1.1
183,1145.0,-0.048,1.3
184,1156.0,-0.005,0.0
185,1149.0,-0.002,0.0
186,1178.0,0.014,0.1
187,1176.0,0.021,0.3
188,1186.0,-0.125,9.2
189,1184.0,-0.008,0.0
190,1194.0,0.061,2.2
191,1209.0,0.245,36.3
192,1204.0,-0.066,2.6
193,1211.0,-0.116,8.1
194,1217.0,0.218,28.8
195,1215.0,0.224,30.3
196,1236.0,0.345,73.7
197,1238.0,0.147,13.3
198,1255.0,0.008,0.0
199,1252.0,0.134,11.2
200,1272.0,0.017,0.2
201,1269.0,0.014,0.1
202,1276.0,-0.022,0.3
203,1275.0,-0.018,0.2
204,1288.0,-0.004,0.0
205,1293.0,-0.044,1.2
206,1322.0,0.029,0.6
207,1309.0,0.26,44.1
208,1326.0,0.023,0.4
209,1312.0,0.016,0.2
210,1330.0,-0.034,0.8
211,1323.0,-0.023,0.3
212,1333.0,0.11,8.1
213,1340.0,0.046,1.4
214,1341.0,0.194,25.2
215,1343.0,0.036,0.9
216,1344.0,0.03,0.6
217,1346.0,0.012,0.1
218,1348.0,0.247,41.0
219,1361.0,0.237,38.2
220,1367.0,-0.268,49.1
221,1404.0,-0.304,65.0
222,1426.0,0.158,17.8
223,1421.0,0.244,42.3
224,1431.0,0.046,1.5
225,1434.0,0.182,23.7
226,1445.0,-0.101,7.3
227,1440.0,-0.111,8.9
228,1457.0,0.364,96.4
229,1451.0,0.017,0.2
230,1463.0,-0.021,0.3
231,1458.0,-0.006,0.0
232,1465.0,0.125,11.4
233,1463.0,0.17,21.1
234,1468.0,0.116,10.0
235,1469.0,0.386,109.3
236,1479.0,0.144,15.3
237,1489.0,0.084,5.3
238,1489.0,0.102,7.7
239,1522.0,0.004,0.0
240,1491.0,0.055,2.3
241,1530.0,0.165,20.8
242,1499.0,-0.217,35.5
243,1537.0,-0.299,68.6
244,1505.0,-0.309,71.8
245,1550.0,-0.161,20.1
246,1526.0,-0.436,144.9
247,1563.0,-0.23,41.2
248,1533.0,-0.022,0.4
249,1580.0,-0.065,3.4
250,1544.0,-0.048,1.8
251,1597.0,-0.005,0.0
252,1584.0,-0.016,0.2
253,1602.0,-0.069,3.8
254,1621.0,-0.05,2.0
255,1638.0,-0.124,12.5
256,1634.0,0.358,104.6
257,1641.0,0.418,143.1
258,1647.0,0.58,276.9
259,1652.0,0.042,1.5
260,3030.0,0.01,0.1
261,3028.0,0.005,0.0
262,3057.0,-0.0,0.0
263,3055.0,-0.0,0.0
264,3161.0,-0.007,0.1
265,3166.0,-0.012,0.2
266,3162.0,-0.008,0.1
267,3167.0,-0.011,0.2
268,3164.0,-0.008,0.1
269,3169.0,-0.004,0.0
270,3173.0,-0.0,0.0
271,3170.0,-0.01,0.2
272,3174.0,-0.01,0.2
273,3177.0,-0.005,0.0
274,3177.0,0.0,0.0
275,3180.0,0.001,0.0
276,3184.0,0.01,0.2
277,3185.0,0.005,0.0
278,3185.0,0.003,0.0
279,3186.0,0.006,0.1
280,3193.0,-0.004,0.0
281,3189.0,-0.006,0.1
282,3200.0,0.0,0.0
283,3191.0,0.003,0.0
284,3202.0,-0.008,0.1
285,3198.0,-0.003,0.0
286,3206.0,-0.007,0.1
287,3199.0,-0.003,0.0
288,3206.0,0.002,0.0
289,3201.0,0.014,0.3
290,3221.0,-0.031,1.5
291,3206.0,-0.004,0.0
