,Frequencies,Displacement,Reorg Energy
0,-0.0,-0.0,-0.0
1,-0.0,-0.0,-0.0
2,-0.0,-0.0,-0.0
3,-0.0,-0.0,-0.0
4,-0.0,-0.0,-0.0
5,0.0,-0.0,0.0
6,0.0,-0.0,0.0
7,0.0,-0.0,0.0
8,0.0,0.0,0.0
9,0.0,0.0,0.0
10,0.0,-0.0,0.0
11,0.0,-0.0,0.0
12,8.0,0.315,0.4
13,6.0,0.064,0.0
14,10.0,-1.156,6.9
15,9.0,-0.17,0.1
16,16.0,-0.049,0.0
17,11.0,-0.203,0.2
18,25.0,0.16,0.3
19,25.0,0.107,0.1
20,27.0,-0.05,0.0
21,29.0,-0.021,0.0
22,40.0,0.074,0.1
23,42.0,0.064,0.1
24,56.0,-0.006,0.0
25,55.0,-0.0,0.0
26,62.0,0.006,0.0
27,62.0,0.006,0.0
28,71.0,-0.761,20.7
29,71.0,-0.279,2.7
30,79.0,0.002,0.0
31,77.0,0.003,0.0
32,89.0,-0.01,0.0
33,89.0,-0.007,0.0
34,98.0,-0.051,0.1
35,99.0,-0.027,0.0
36,109.0,0.059,0.2
37,115.0,0.221,2.8
38,117.0,-1.497,131.4
39,115.0,-1.101,69.8
40,123.0,-0.587,21.2
41,121.0,-1.2,87.1
42,141.0,0.002,0.0
43,142.0,0.006,0.0
44,160.0,0.025,0.0
45,161.0,0.025,0.0
46,169.0,0.002,0.0
47,168.0,0.002,0.0
48,195.0,-0.002,0.0
49,185.0,-0.0,0.0
50,200.0,-0.158,2.5
51,197.0,-0.152,2.3
52,203.0,-0.02,0.0
53,200.0,-0.008,0.0
54,204.0,-0.389,15.5
55,203.0,-0.535,29.0
56,214.0,0.021,0.0
57,212.0,0.01,0.0
58,230.0,0.538,33.3
59,228.0,0.507,29.3
60,234.0,-0.192,4.3
61,234.0,-0.017,0.0
62,236.0,-0.223,5.9
63,236.0,-0.192,4.4
64,252.0,0.005,0.0
65,251.0,0.01,0.0
66,259.0,-0.003,0.0
67,256.0,-0.001,0.0
68,261.0,0.074,0.7
69,258.0,0.024,0.1
70,281.0,0.161,3.7
71,280.0,0.189,5.0
72,296.0,-0.007,0.0
73,296.0,-0.494,36.1
74,297.0,-0.476,33.7
75,302.0,-0.0,0.0
76,331.0,0.041,0.3
77,319.0,0.019,0.1
78,343.0,0.013,0.0
79,350.0,0.068,0.8
80,358.0,-0.008,0.0
81,350.0,-0.002,0.0
82,386.0,0.187,6.7
83,386.0,0.016,0.0
84,392.0,0.159,4.9
85,389.0,0.095,1.8
86,395.0,0.075,1.1
87,393.0,0.109,2.3
88,417.0,0.0,0.0
89,416.0,0.026,0.1
90,423.0,0.016,0.1
91,417.0,0.001,0.0
92,435.0,-0.157,5.4
93,419.0,-0.071,1.1
94,438.0,0.027,0.2
95,430.0,0.162,5.6
96,442.0,-0.008,0.0
97,433.0,-0.193,8.0
98,450.0,-0.769,133.1
99,438.0,-0.119,3.1
100,453.0,0.5,56.6
101,447.0,0.166,6.2
102,454.0,0.004,0.0
103,447.0,0.0,0.0
104,462.0,-0.013,0.0
105,467.0,-0.011,0.0
106,475.0,0.195,9.0
107,468.0,0.624,91.0
108,492.0,0.461,52.1
109,476.0,0.275,18.1
110,496.0,0.091,2.0
111,484.0,0.002,0.0
112,502.0,0.0,0.0
113,498.0,0.404,40.7
114,505.0,0.004,0.0
115,499.0,0.006,0.0
116,516.0,-0.001,0.0
117,505.0,-0.445,50.0
118,526.0,-0.134,4.7
119,506.0,-0.001,0.0
120,531.0,0.045,0.5
121,522.0,0.053,0.7
122,543.0,0.123,4.1
123,530.0,0.195,10.0
124,548.0,-0.032,0.3
125,545.0,-0.257,18.0
126,571.0,-0.075,1.6
127,571.0,-0.06,1.0
128,578.0,-0.004,0.0
129,571.0,-0.001,0.0
130,579.0,-0.007,0.0
131,574.0,-0.007,0.0
132,583.0,0.041,0.5
133,575.0,0.02,0.1
134,593.0,0.142,6.0
135,576.0,0.015,0.1
136,593.0,0.28,23.2
137,597.0,0.239,17.1
138,623.0,-0.001,0.0
139,604.0,-0.0,0.0
140,626.0,0.009,0.0
141,616.0,0.007,0.0
142,628.0,-0.336,35.4
143,631.0,-0.388,47.4
144,646.0,-0.001,0.0
145,632.0,-0.001,0.0
146,663.0,0.001,0.0
147,634.0,0.002,0.0
148,668.0,0.001,0.0
149,652.0,0.0,0.0
150,675.0,0.193,12.6
151,680.0,0.001,0.0
152,706.0,0.111,4.4
153,689.0,0.274,26.0
154,713.0,-0.197,13.9
155,697.0,-0.001,0.0
156,715.0,-0.068,1.6
157,703.0,-0.0,0.0
158,728.0,0.216,17.0
159,706.0,0.041,0.6
160,733.0,0.0,0.0
161,712.0,0.25,22.2
162,748.0,0.0,0.0
163,715.0,0.055,1.1
164,757.0,-0.001,0.0
165,725.0,-0.28,28.4
166,763.0,0.004,0.0
167,744.0,0.0,0.0
168,770.0,-0.001,0.0
169,754.0,-0.004,0.0
170,787.0,0.001,0.0
171,758.0,0.0,0.0
172,802.0,-0.041,0.7
173,764.0,-0.001,0.0
174,807.0,-0.005,0.0
175,800.0,-0.047,0.9
176,816.0,-0.0,0.0
177,809.0,-0.001,0.0
178,819.0,-0.071,2.1
179,811.0,-0.031,0.4
180,823.0,-0.106,4.6
181,815.0,-0.0,0.0
182,824.0,-0.0,0.0
183,817.0,-0.083,2.8
184,831.0,0.001,0.0
185,823.0,0.095,3.7
186,832.0,0.0,0.0
187,827.0,0.001,0.0
188,845.0,-0.018,0.1
189,832.0,-0.0,0.0
190,850.0,0.002,0.0
191,844.0,0.022,0.2
192,860.0,0.006,0.0
193,851.0,0.006,0.0
194,898.0,0.062,1.7
195,878.0,0.001,0.0
196,899.0,0.002,0.0
197,900.0,0.134,8.0
198,907.0,-0.273,33.8
199,908.0,-0.219,21.8
200,938.0,0.221,23.0
201,929.0,0.174,14.1
202,944.0,0.001,0.0
203,936.0,0.139,9.0
204,949.0,-0.002,0.0
205,937.0,-0.002,0.0
206,953.0,0.098,4.6
207,945.0,0.0,0.0
208,956.0,-0.001,0.0
209,952.0,-0.058,1.6
210,969.0,-0.007,0.0
211,957.0,-0.0,0.0
212,973.0,0.0,0.0
213,975.0,0.0,0.0
214,976.0,0.001,0.0
215,977.0,0.0,0.0
216,984.0,0.128,8.1
217,985.0,0.032,0.5
218,986.0,-0.0,0.0
219,988.0,-0.0,0.0
220,986.0,0.044,1.0
221,989.0,0.0,0.0
222,989.0,-0.0,0.0
223,1002.0,-0.139,9.7
224,997.0,0.152,11.5
225,1027.0,0.232,27.6
226,1027.0,-0.253,33.0
227,1062.0,-0.02,0.2
228,1069.0,0.008,0.0
229,1087.0,0.087,4.1
230,1080.0,0.085,3.9
231,1096.0,0.025,0.4
232,1095.0,0.095,5.0
233,1110.0,0.037,0.8
234,1107.0,-0.022,0.3
235,1119.0,-0.02,0.2
236,1131.0,-0.479,129.8
237,1138.0,-0.014,0.1
238,1150.0,-0.013,0.1
239,1150.0,-0.001,0.0
240,1155.0,0.0,0.0
241,1155.0,0.0,0.0
242,1163.0,0.001,0.0
243,1158.0,0.333,64.0
244,1165.0,0.024,0.3
245,1164.0,0.175,17.8
246,1175.0,0.022,0.3
247,1170.0,0.012,0.1
248,1175.0,0.174,17.7
249,1177.0,0.076,3.4
250,1190.0,-0.037,0.8
251,1186.0,-0.024,0.3
252,1201.0,-0.014,0.1
253,1196.0,-0.014,0.1
254,1215.0,-0.167,17.0
255,1200.0,-0.007,0.0
256,1216.0,-0.026,0.4
257,1210.0,-0.094,5.3
258,1228.0,0.062,2.3
259,1225.0,0.093,5.3
260,1236.0,0.028,0.5
261,1233.0,0.026,0.4
262,1250.0,-0.0,0.0
263,1243.0,-0.002,0.0
264,1258.0,0.407,104.1
265,1251.0,0.011,0.1
266,1275.0,-0.414,109.3
267,1260.0,-0.126,9.9
268,1287.0,-0.419,112.8
269,1276.0,-0.023,0.3
270,1295.0,0.01,0.1
271,1299.0,0.3,58.6
272,1298.0,-0.237,36.6
273,1318.0,-0.34,76.2
274,1323.0,0.092,5.6
275,1318.0,0.201,26.6
276,1340.0,0.325,70.8
277,1343.0,0.748,375.4
278,1345.0,-0.001,0.0
279,1351.0,-0.064,2.8
280,1362.0,0.048,1.5
281,1366.0,0.031,0.7
282,1363.0,-0.022,0.3
283,1367.0,-0.05,1.7
284,1370.0,0.23,36.4
285,1374.0,0.444,135.2
286,1384.0,0.0,0.0
287,1382.0,0.001,0.0
288,1388.0,-0.06,2.5
289,1392.0,-0.0,0.0
290,1393.0,-0.041,1.2
291,1400.0,-0.0,0.0
292,1394.0,-0.002,0.0
293,1404.0,-0.01,0.1
294,1398.0,0.0,0.0
295,1405.0,0.205,29.6
296,1412.0,-0.025,0.5
297,1416.0,-0.036,0.9
298,1425.0,-0.113,9.1
299,1428.0,-0.144,14.7
300,1437.0,-0.123,10.8
301,1434.0,-0.159,18.1
302,1441.0,-0.109,8.5
303,1438.0,-0.029,0.6
304,1451.0,-0.304,67.0
305,1445.0,-0.003,0.0
306,1459.0,0.157,18.1
307,1447.0,0.056,2.3
308,1467.0,-0.135,13.4
309,1458.0,-0.041,1.2
310,1470.0,-0.001,0.0
311,1461.0,-0.065,3.0
312,1484.0,-0.039,1.1
313,1466.0,-0.002,0.0
314,1484.0,-0.0,0.0
315,1468.0,-0.378,104.8
316,1486.0,0.006,0.0
317,1485.0,0.0,0.0
318,1487.0,-0.06,2.7
319,1491.0,-0.086,5.5
320,1496.0,-0.022,0.4
321,1498.0,-0.028,0.6
322,1507.0,0.0,0.0
323,1505.0,0.0,0.0
324,1519.0,0.128,12.4
325,1511.0,0.003,0.0
326,1524.0,-0.013,0.1
327,1522.0,-0.014,0.1
328,1538.0,0.314,75.9
329,1529.0,0.003,0.0
330,1552.0,0.0,0.0
331,1547.0,0.052,2.1
332,1560.0,0.164,20.9
333,1548.0,0.063,3.1
334,1574.0,0.149,17.5
335,1555.0,0.178,24.6
336,1589.0,-0.004,0.0
337,1570.0,-0.001,0.0
338,1613.0,-0.001,0.0
339,1580.0,-0.005,0.0
340,1618.0,0.001,0.0
341,1599.0,0.003,0.0
342,1621.0,0.015,0.2
343,1600.0,0.064,3.3
344,1635.0,-0.142,16.6
345,1621.0,-0.013,0.1
346,1683.0,-0.003,0.0
347,1686.0,-0.002,0.0
348,1720.0,0.127,13.8
349,1716.0,0.007,0.0
350,1790.0,-0.178,28.4
351,1726.0,-0.113,11.1
352,1866.0,0.005,0.0
353,1751.0,0.046,1.9
354,2277.0,0.297,100.2
355,2334.0,0.267,83.3
356,3029.0,0.0,0.0
357,3029.0,0.016,0.4
358,3034.0,0.009,0.1
359,3034.0,0.0,0.0
360,3044.0,0.019,0.5
361,3038.0,0.007,0.1
362,3074.0,0.0,0.0
363,3057.0,0.0,0.0
364,3087.0,-0.0,0.0
365,3092.0,-0.0,0.0
366,3090.0,-0.007,0.1
367,3096.0,-0.006,0.1
368,3109.0,0.004,0.0
369,3113.0,0.003,0.0
370,3132.0,-0.0,0.0
371,3133.0,-0.0,0.0
372,3141.0,0.005,0.0
373,3143.0,0.004,0.0
374,3193.0,0.003,0.0
375,3199.0,0.004,0.0
376,3193.0,0.001,0.0
377,3199.0,0.001,0.0
378,3198.0,-0.003,0.0
379,3200.0,-0.013,0.3
380,3198.0,-0.003,0.0
381,3205.0,-0.002,0.0
382,3209.0,0.003,0.0
383,3205.0,0.004,0.0
384,3209.0,0.004,0.0
385,3211.0,0.015,0.3
386,3218.0,-0.015,0.4
387,3213.0,-0.003,0.0
388,3225.0,-0.001,0.0
389,3213.0,-0.002,0.0
390,3225.0,0.003,0.0
391,3225.0,0.0,0.0
392,3231.0,-0.013,0.3
393,3225.0,-0.002,0.0
