,Frequencies,Displacement,Reorg Energy
0,-0.0,0.0,-0.0
1,-0.0,0.0,-0.0
2,-0.0,0.0,-0.0
3,-0.0,0.0,-0.0
4,-0.0,-0.0,-0.0
5,-0.0,-0.0,-0.0
6,0.0,-0.0,0.0
7,0.0,-0.0,0.0
8,0.0,0.0,0.0
9,0.0,0.0,0.0
10,0.0,-0.0,0.0
11,0.0,-0.0,0.0
12,7.0,3.635,48.2
13,7.0,11.315,462.4
14,14.0,-8.647,513.9
15,9.0,-4.548,89.4
16,15.0,13.243,1296.5
17,12.0,0.471,1.3
18,25.0,4.459,251.6
19,27.0,0.035,0.0
20,28.0,2.243,70.7
21,30.0,1.72,43.7
22,40.0,-0.909,16.6
23,40.0,-3.431,233.0
24,55.0,1.501,61.9
25,42.0,3.683,287.9
26,58.0,-1.589,73.0
27,54.0,-0.265,1.9
28,65.0,-5.82,1107.2
29,57.0,-0.168,0.8
30,71.0,-2.138,161.3
31,65.0,-0.129,0.5
32,86.0,-2.784,333.2
33,77.0,-0.221,1.9
34,92.0,-1.346,83.5
35,90.0,-0.134,0.8
36,94.0,-1.829,157.4
37,94.0,-0.409,7.9
38,105.0,-1.543,125.1
39,99.0,-1.039,53.7
40,111.0,-6.176,2124.9
41,104.0,-0.468,11.4
42,126.0,-0.246,3.8
43,121.0,-0.32,6.2
44,141.0,0.08,0.4
45,138.0,0.009,0.0
46,155.0,0.247,4.7
47,144.0,0.652,30.6
48,169.0,0.018,0.0
49,168.0,0.007,0.0
50,181.0,-0.163,2.4
51,176.0,-0.238,5.0
52,189.0,0.014,0.0
53,183.0,0.009,0.0
54,197.0,-0.08,0.6
55,192.0,-0.157,2.4
56,204.0,-1.25,159.7
57,204.0,-0.042,0.2
58,212.0,0.025,0.1
59,208.0,0.464,22.4
60,224.0,-0.817,74.8
61,213.0,-0.327,11.4
62,233.0,0.584,39.8
63,228.0,0.005,0.0
64,235.0,0.012,0.0
65,235.0,0.016,0.0
66,236.0,-0.406,19.5
67,236.0,-0.069,0.6
68,252.0,0.072,0.7
69,253.0,0.179,4.1
70,264.0,0.088,1.0
71,257.0,0.003,0.0
72,277.0,-0.245,8.3
73,263.0,-0.172,3.9
74,291.0,-0.48,33.5
75,283.0,-0.431,26.3
76,300.0,-0.02,0.1
77,290.0,-0.279,11.3
78,311.0,-0.101,1.6
79,302.0,-0.001,0.0
80,334.0,0.623,64.8
81,321.0,0.114,2.1
82,344.0,0.146,3.7
83,334.0,0.454,34.4
84,349.0,1.4,342.3
85,349.0,0.217,8.2
86,365.0,-0.746,101.6
87,353.0,-0.091,1.5
88,373.0,0.585,63.8
89,381.0,0.027,0.1
90,394.0,0.393,30.4
91,390.0,0.068,0.9
92,396.0,0.216,9.3
93,393.0,0.214,9.0
94,409.0,-2.076,881.9
95,417.0,-0.106,2.4
96,418.0,-0.06,0.7
97,419.0,-0.381,30.5
98,428.0,0.375,30.1
99,432.0,0.226,11.0
100,435.0,0.742,119.7
101,437.0,0.021,0.1
102,443.0,0.397,35.0
103,438.0,0.155,5.2
104,443.0,-0.62,85.3
105,439.0,-0.041,0.4
106,448.0,0.185,7.7
107,446.0,0.084,1.6
108,454.0,-0.023,0.1
109,449.0,-0.058,0.8
110,464.0,0.073,1.2
111,464.0,0.174,7.0
112,467.0,-0.426,42.4
113,469.0,-0.044,0.5
114,471.0,-0.334,26.3
115,478.0,-0.353,29.8
116,499.0,-0.405,40.9
117,486.0,-0.002,0.0
118,504.0,0.071,1.3
119,495.0,0.225,12.6
120,504.0,0.382,36.7
121,500.0,0.058,0.8
122,509.0,0.046,0.5
123,506.0,0.03,0.2
124,517.0,0.026,0.2
125,510.0,0.228,13.3
126,526.0,-0.137,5.0
127,518.0,-0.216,12.0
128,534.0,-0.526,73.9
129,533.0,-0.23,14.1
130,548.0,-0.181,9.0
131,548.0,-0.159,6.9
132,560.0,-0.034,0.3
133,561.0,-0.03,0.3
134,572.0,-0.034,0.3
135,571.0,-0.056,0.9
136,580.0,-0.006,0.0
137,573.0,-0.01,0.0
138,583.0,0.148,6.4
139,574.0,0.017,0.1
140,592.0,-0.002,0.0
141,579.0,-0.146,6.2
142,597.0,0.054,0.9
143,585.0,0.141,5.8
144,605.0,-0.699,148.0
145,605.0,-0.018,0.1
146,624.0,-0.057,1.0
147,611.0,-0.526,84.4
148,626.0,0.027,0.2
149,616.0,0.027,0.2
150,636.0,0.096,2.9
151,633.0,0.068,1.5
152,647.0,-0.011,0.0
153,635.0,-0.013,0.1
154,659.0,0.048,0.7
155,649.0,0.043,0.6
156,662.0,-0.238,18.7
157,653.0,-0.024,0.2
158,667.0,0.028,0.3
159,663.0,0.104,3.6
160,690.0,0.169,9.9
161,678.0,0.004,0.0
162,709.0,-0.259,23.8
163,695.0,-0.117,4.8
164,713.0,0.06,1.3
165,697.0,0.049,0.8
166,715.0,0.155,8.6
167,705.0,0.039,0.5
168,730.0,0.249,22.6
169,709.0,0.008,0.0
170,740.0,0.007,0.0
171,710.0,0.026,0.2
172,741.0,-0.006,0.0
173,714.0,-0.145,7.5
174,748.0,0.004,0.0
175,727.0,0.06,1.3
176,758.0,0.023,0.2
177,744.0,0.042,0.7
178,758.0,-0.037,0.5
179,753.0,-0.069,1.8
180,770.0,0.033,0.4
181,760.0,0.073,2.0
182,786.0,-0.002,0.0
183,761.0,-0.006,0.0
184,802.0,0.059,1.4
185,771.0,0.002,0.0
186,808.0,0.193,15.0
187,799.0,0.039,0.6
188,810.0,-0.208,17.5
189,807.0,-0.057,1.3
190,815.0,0.029,0.3
191,812.0,0.023,0.2
192,816.0,0.045,0.8
193,815.0,0.051,1.1
194,820.0,-0.222,20.1
195,816.0,-0.243,24.1
196,822.0,-0.181,13.4
197,820.0,-0.09,3.3
198,825.0,0.041,0.7
199,829.0,0.008,0.0
200,831.0,-0.014,0.1
201,831.0,-0.293,35.7
202,837.0,-0.136,7.8
203,833.0,-0.023,0.2
204,838.0,-0.177,13.1
205,834.0,-0.108,4.9
206,849.0,-0.052,1.2
207,842.0,-0.104,4.6
208,857.0,0.114,5.5
209,854.0,0.004,0.0
210,861.0,0.416,74.5
211,858.0,0.335,48.1
212,903.0,-0.0,0.0
213,877.0,-0.021,0.2
214,908.0,0.065,1.9
215,905.0,0.069,2.1
216,919.0,0.185,15.8
217,922.0,0.003,0.0
218,930.0,0.143,9.5
219,924.0,0.14,9.0
220,943.0,0.006,0.0
221,934.0,0.037,0.6
222,950.0,-0.002,0.0
223,937.0,-0.008,0.0
224,955.0,-0.0,0.0
225,945.0,-0.0,0.0
226,957.0,-0.12,6.9
227,957.0,-0.002,0.0
228,962.0,-0.039,0.7
229,958.0,-0.044,0.9
230,970.0,-0.001,0.0
231,964.0,-0.021,0.2
232,973.0,-0.022,0.2
233,968.0,-0.137,9.1
234,973.0,0.007,0.0
235,974.0,0.009,0.0
236,975.0,-0.016,0.1
237,976.0,-0.004,0.0
238,983.0,-0.001,0.0
239,978.0,-0.032,0.5
240,986.0,-0.002,0.0
241,988.0,-0.007,0.0
242,987.0,0.027,0.4
243,988.0,0.005,0.0
244,997.0,-0.183,16.7
245,1002.0,-0.157,12.3
246,1024.0,0.136,9.5
247,1029.0,0.154,12.2
248,1031.0,-0.379,74.0
249,1035.0,-0.016,0.1
250,1066.0,0.008,0.0
251,1061.0,0.023,0.3
252,1079.0,-0.027,0.4
253,1083.0,-0.134,9.8
254,1082.0,-0.027,0.4
255,1095.0,-0.022,0.3
256,1094.0,-0.033,0.6
257,1110.0,-0.016,0.1
258,1107.0,0.042,1.0
259,1134.0,0.049,1.4
260,1146.0,-0.093,4.9
261,1136.0,-0.017,0.2
262,1152.0,0.179,18.5
263,1149.0,0.002,0.0
264,1155.0,-0.006,0.0
265,1155.0,-0.001,0.0
266,1158.0,0.265,40.6
267,1157.0,0.129,9.7
268,1164.0,0.184,19.6
269,1163.0,0.003,0.0
270,1164.0,0.016,0.2
271,1164.0,0.063,2.3
272,1174.0,-0.011,0.1
273,1175.0,-0.004,0.0
274,1188.0,0.015,0.1
275,1176.0,0.036,0.7
276,1190.0,0.129,9.9
277,1186.0,0.006,0.0
278,1196.0,0.246,36.3
279,1196.0,0.007,0.0
280,1199.0,-0.018,0.2
281,1203.0,-0.006,0.0
282,1205.0,0.011,0.1
283,1206.0,0.199,23.9
284,1220.0,0.071,3.1
285,1212.0,0.078,3.7
286,1226.0,-0.072,3.1
287,1224.0,-0.093,5.3
288,1230.0,-0.052,1.7
289,1233.0,-0.035,0.7
290,1236.0,-0.051,1.6
291,1235.0,-0.265,43.5
292,1247.0,0.003,0.0
293,1242.0,0.005,0.0
294,1265.0,0.005,0.0
295,1251.0,0.012,0.1
296,1280.0,-0.156,15.6
297,1263.0,-0.102,6.6
298,1280.0,-0.222,31.6
299,1268.0,-0.113,8.1
300,1298.0,0.107,7.4
301,1299.0,0.27,47.2
302,1304.0,0.013,0.1
303,1316.0,0.121,9.6
304,1318.0,0.007,0.0
305,1317.0,0.155,15.8
306,1328.0,-0.023,0.3
307,1318.0,-0.027,0.5
308,1337.0,-0.171,19.5
309,1334.0,-0.005,0.0
310,1341.0,0.324,70.2
311,1351.0,0.225,34.1
312,1346.0,0.107,7.8
313,1357.0,0.219,32.6
314,1358.0,-0.011,0.1
315,1361.0,-0.349,82.7
316,1363.0,0.083,4.7
317,1366.0,0.034,0.8
318,1368.0,-0.468,149.5
319,1380.0,-0.574,227.2
320,1372.0,0.113,8.8
321,1382.0,0.003,0.0
322,1384.0,-0.001,0.0
323,1392.0,-0.102,7.3
324,1393.0,0.041,1.2
325,1400.0,0.002,0.0
326,1393.0,0.004,0.0
327,1404.0,0.255,45.5
328,1397.0,-0.001,0.0
329,1404.0,-0.198,27.4
330,1410.0,-0.042,1.3
331,1416.0,-0.04,1.1
332,1424.0,0.077,4.2
333,1420.0,0.218,33.8
334,1430.0,0.032,0.7
335,1430.0,0.121,10.4
336,1438.0,-0.147,15.6
337,1438.0,-0.217,34.0
338,1444.0,-0.026,0.5
339,1439.0,-0.214,33.1
340,1458.0,-0.185,25.0
341,1445.0,-0.024,0.4
342,1463.0,0.036,0.9
343,1447.0,0.095,6.5
344,1465.0,-0.33,79.8
345,1458.0,-0.003,0.0
346,1470.0,-0.086,5.4
347,1461.0,-0.143,15.0
348,1471.0,0.03,0.7
349,1466.0,0.003,0.0
350,1477.0,0.0,0.0
351,1469.0,0.413,125.5
352,1483.0,-0.013,0.1
353,1485.0,-0.0,0.0
354,1484.0,0.001,0.0
355,1492.0,0.073,4.0
356,1487.0,-0.098,7.1
357,1497.0,-0.032,0.8
358,1495.0,-0.027,0.5
359,1505.0,-0.0,0.0
360,1507.0,-0.0,0.0
361,1511.0,-0.002,0.0
362,1524.0,-0.015,0.2
363,1522.0,-0.012,0.1
364,1535.0,-0.384,113.3
365,1527.0,-0.141,15.1
366,1537.0,0.011,0.1
367,1534.0,0.125,12.0
368,1541.0,-0.133,13.5
369,1547.0,-0.066,3.3
370,1561.0,-0.116,10.5
371,1555.0,-0.217,36.7
372,1573.0,-0.083,5.4
373,1558.0,-0.084,5.5
374,1574.0,0.157,19.5
375,1570.0,0.004,0.0
376,1581.0,0.002,0.0
377,1581.0,0.004,0.0
378,1593.0,0.005,0.0
379,1599.0,0.003,0.0
380,1613.0,0.002,0.0
381,1600.0,0.098,7.6
382,1620.0,-0.031,0.8
383,1607.0,-0.003,0.0
384,1623.0,-0.025,0.5
385,1623.0,-0.037,1.1
386,1631.0,-0.078,5.0
387,1646.0,-0.14,16.2
388,1679.0,0.004,0.0
389,1685.0,0.001,0.0
390,1706.0,-0.0,0.0
391,1705.0,-0.003,0.0
392,1715.0,0.107,9.9
393,1725.0,0.087,6.6
394,1737.0,0.276,66.1
395,1741.0,0.261,59.2
396,3028.0,-0.0,0.0
397,3028.0,-0.018,0.5
398,3033.0,0.012,0.2
399,3034.0,0.0,0.0
400,3045.0,0.022,0.7
401,3038.0,0.009,0.1
402,3076.0,-0.0,0.0
403,3055.0,-0.0,0.0
404,3085.0,-0.0,0.0
405,3092.0,-0.0,0.0
406,3088.0,-0.008,0.1
407,3095.0,-0.007,0.1
408,3108.0,-0.006,0.1
409,3112.0,-0.004,0.0
410,3131.0,0.001,0.0
411,3132.0,0.0,0.0
412,3141.0,0.005,0.0
413,3143.0,0.005,0.0
414,3174.0,-0.007,0.1
415,3176.0,-0.037,2.2
416,3190.0,-0.002,0.0
417,3180.0,-0.047,3.4
418,3190.0,0.001,0.0
419,3195.0,0.021,0.7
420,3194.0,-0.034,1.9
421,3197.0,-0.074,8.9
422,3196.0,0.002,0.0
423,3198.0,0.001,0.0
424,3197.0,-0.004,0.0
425,3198.0,-0.0,0.0
426,3206.0,-0.003,0.0
427,3199.0,-0.013,0.3
428,3207.0,-0.003,0.0
429,3201.0,-0.032,1.7
430,3220.0,0.003,0.0
431,3205.0,0.0,0.0
432,3220.0,-0.008,0.1
433,3205.0,-0.004,0.0
434,3222.0,0.018,0.5
435,3213.0,0.002,0.0
436,3234.0,0.049,3.9
437,3213.0,0.002,0.0
438,3247.0,-0.064,6.7
439,3224.0,-0.001,0.0
440,3248.0,-0.061,6.1
441,3224.0,-0.005,0.0
