,Frequencies,Displacement,Reorg Energy
0,-0.0,-0.0,-0.0
1,-0.0,-0.0,-0.0
2,-0.0,-0.0,-0.0
3,-0.0,-0.0,-0.0
4,0.0,-0.0,0.0
5,-0.0,-0.0,-0.0
6,0.0,-0.0,0.0
7,0.0,-0.0,0.0
8,0.0,0.0,0.0
9,0.0,0.0,0.0
10,0.0,-0.0,0.0
11,0.0,-0.0,0.0
12,6.0,-1.688,7.9
13,8.0,-0.427,0.7
14,9.0,-0.616,1.7
15,12.0,-1.491,13.0
16,12.0,-0.42,1.0
17,14.0,-0.538,2.0
18,22.0,-0.002,0.0
19,23.0,-0.635,4.5
20,28.0,0.384,2.1
21,28.0,0.163,0.4
22,40.0,2.826,160.3
23,42.0,0.021,0.0
24,43.0,2.593,145.6
25,51.0,1.506,58.0
26,52.0,0.227,1.4
27,56.0,1.282,46.3
28,56.0,-0.1,0.3
29,64.0,-4.488,641.0
30,66.0,0.156,0.8
31,69.0,0.298,3.0
32,75.0,-0.05,0.1
33,82.0,-2.232,204.3
34,87.0,-0.073,0.2
35,90.0,-2.42,263.6
36,96.0,0.363,6.3
37,92.0,0.356,5.8
38,99.0,1.332,88.0
39,101.0,0.82,33.9
40,105.0,0.408,8.7
41,109.0,4.49,1102.7
42,122.0,-0.317,6.1
43,127.0,-0.714,32.4
44,134.0,-0.07,0.3
45,140.0,-0.451,14.2
46,144.0,-0.391,11.0
47,149.0,-0.182,2.5
48,164.0,0.032,0.1
49,163.0,0.024,0.0
50,175.0,0.211,3.9
51,177.0,0.076,0.5
52,182.0,-0.024,0.1
53,183.0,-0.329,9.9
54,189.0,0.028,0.1
55,186.0,0.161,2.4
56,204.0,-0.119,1.4
57,205.0,-0.732,54.9
58,206.0,0.547,30.9
59,216.0,0.588,37.4
60,218.0,-0.204,4.5
61,218.0,-0.601,39.4
62,228.0,-0.01,0.0
63,231.0,-0.13,2.0
64,235.0,0.007,0.0
65,236.0,0.008,0.0
66,237.0,0.036,0.2
67,237.0,0.118,1.7
68,253.0,-0.129,2.1
69,253.0,-0.081,0.8
70,264.0,-0.165,3.6
71,270.0,-0.042,0.2
72,272.0,-0.027,0.1
73,280.0,-0.143,2.9
74,282.0,-0.24,8.2
75,288.0,-0.275,10.9
76,290.0,-0.104,1.6
77,312.0,-0.003,0.0
78,315.0,-0.033,0.2
79,315.0,-0.025,0.1
80,330.0,-0.433,30.9
81,332.0,-0.108,1.9
82,341.0,-0.25,10.7
83,345.0,-0.171,5.1
84,355.0,-0.076,1.0
85,351.0,-0.249,10.9
86,359.0,-0.007,0.0
87,364.0,-0.214,8.4
88,381.0,0.087,1.5
89,370.0,0.273,13.8
90,391.0,-0.018,0.1
91,390.0,-0.084,1.4
92,395.0,0.049,0.5
93,395.0,0.187,6.9
94,420.0,0.083,1.5
95,407.0,0.856,149.4
96,431.0,0.039,0.3
97,429.0,0.005,0.0
98,436.0,-0.091,1.8
99,432.0,-0.032,0.2
100,437.0,0.257,14.4
101,436.0,0.076,1.3
102,439.0,-0.179,7.0
103,437.0,-0.083,1.5
104,446.0,0.121,3.3
105,444.0,0.475,50.2
106,448.0,0.033,0.2
107,446.0,0.188,7.9
108,452.0,-0.157,5.6
109,446.0,-0.049,0.5
110,467.0,-0.198,9.1
111,462.0,-0.005,0.0
112,470.0,-0.023,0.1
113,467.0,-0.277,17.9
114,480.0,-0.03,0.2
115,475.0,-0.207,10.2
116,480.0,-0.034,0.3
117,478.0,-0.004,0.0
118,484.0,-0.032,0.2
119,478.0,-0.007,0.0
120,499.0,-0.277,19.1
121,503.0,-0.361,32.7
122,512.0,-0.121,3.8
123,508.0,-0.147,5.5
124,519.0,0.089,2.0
125,512.0,0.003,0.0
126,534.0,-0.094,2.4
127,533.0,-0.036,0.3
128,535.0,-0.032,0.3
129,535.0,-0.216,12.5
130,552.0,0.123,4.2
131,552.0,0.002,0.0
132,561.0,0.029,0.2
133,556.0,0.008,0.0
134,571.0,0.067,1.3
135,572.0,0.084,2.0
136,578.0,-0.014,0.1
137,577.0,-0.002,0.0
138,585.0,0.081,1.9
139,585.0,0.049,0.7
140,586.0,0.027,0.2
141,585.0,0.004,0.0
142,597.0,-0.028,0.2
143,595.0,-0.02,0.1
144,612.0,0.557,95.0
145,605.0,0.668,135.0
146,623.0,0.001,0.0
147,623.0,0.029,0.3
148,631.0,0.028,0.3
149,630.0,0.036,0.4
150,633.0,-0.021,0.1
151,633.0,-0.067,1.4
152,647.0,0.03,0.3
153,646.0,0.028,0.3
154,659.0,-0.022,0.2
155,657.0,-0.012,0.0
156,665.0,0.01,0.0
157,660.0,0.022,0.2
158,667.0,0.03,0.3
159,667.0,0.034,0.4
160,697.0,0.117,4.8
161,688.0,0.302,31.4
162,698.0,0.205,14.7
163,710.0,0.232,19.2
164,712.0,-0.156,8.6
165,714.0,-0.066,1.6
166,714.0,0.017,0.1
167,716.0,0.115,4.7
168,717.0,0.092,3.0
169,724.0,0.047,0.8
170,726.0,0.12,5.2
171,736.0,0.001,0.0
172,742.0,0.013,0.1
173,740.0,0.001,0.0
174,746.0,0.051,1.0
175,749.0,0.013,0.1
176,751.0,0.008,0.0
177,753.0,0.002,0.0
178,763.0,0.069,1.8
179,760.0,0.076,2.2
180,772.0,0.07,1.9
181,770.0,0.051,1.0
182,786.0,0.0,0.0
183,784.0,0.001,0.0
184,800.0,0.003,0.0
185,795.0,0.002,0.0
186,803.0,-0.072,2.1
187,802.0,-0.067,1.8
188,811.0,0.023,0.2
189,806.0,0.08,2.5
190,817.0,-0.204,17.0
191,811.0,-0.058,1.4
192,822.0,-0.035,0.5
193,818.0,-0.202,16.7
194,834.0,-0.032,0.4
195,821.0,-0.067,1.8
196,836.0,0.118,5.8
197,836.0,0.205,17.5
198,844.0,0.126,6.7
199,845.0,0.077,2.5
200,855.0,0.049,1.0
201,856.0,0.181,14.0
202,858.0,0.137,8.0
203,860.0,0.043,0.8
204,865.0,0.003,0.0
205,865.0,0.032,0.4
206,865.0,-0.018,0.1
207,866.0,-0.014,0.1
208,870.0,-0.024,0.3
209,872.0,-0.01,0.0
210,872.0,-0.0,0.0
211,873.0,-0.002,0.0
212,877.0,0.01,0.0
213,906.0,0.011,0.1
214,912.0,-0.003,0.0
215,908.0,-0.007,0.0
216,923.0,-0.14,9.1
217,918.0,-0.194,17.3
218,928.0,-0.046,1.0
219,926.0,-0.023,0.2
220,937.0,0.002,0.0
221,946.0,0.001,0.0
222,946.0,0.0,0.0
223,951.0,0.013,0.1
224,957.0,-0.0,0.0
225,957.0,-0.079,3.0
226,958.0,-0.074,2.7
227,957.0,-0.0,0.0
228,965.0,-0.037,0.7
229,965.0,-0.006,0.0
230,970.0,0.026,0.3
231,974.0,0.102,5.1
232,980.0,0.07,2.4
233,978.0,0.017,0.1
234,987.0,-0.031,0.5
235,984.0,-0.026,0.3
236,992.0,0.008,0.0
237,995.0,0.01,0.1
238,997.0,0.001,0.0
239,996.0,0.255,32.5
240,1001.0,-0.009,0.0
241,999.0,-0.0,0.0
242,1002.0,-0.17,14.5
243,1004.0,-0.004,0.0
244,1006.0,-0.0,0.0
245,1008.0,-0.0,0.0
246,1029.0,0.141,10.2
247,1022.0,0.153,12.0
248,1035.0,-0.078,3.2
249,1026.0,-0.185,17.6
250,1063.0,0.003,0.0
251,1065.0,0.008,0.0
252,1081.0,-0.004,0.0
253,1081.0,-0.051,1.4
254,1101.0,0.021,0.2
255,1102.0,0.014,0.1
256,1110.0,0.017,0.2
257,1107.0,0.049,1.3
258,1134.0,0.056,1.8
259,1116.0,0.05,1.4
260,1149.0,-0.001,0.0
261,1154.0,-0.195,21.9
262,1150.0,0.039,0.9
263,1154.0,0.005,0.0
264,1156.0,-0.0,0.0
265,1156.0,-0.001,0.0
266,1160.0,0.001,0.0
267,1164.0,0.074,3.2
268,1166.0,-0.042,1.0
269,1165.0,-0.002,0.0
270,1172.0,-0.022,0.3
271,1168.0,-0.019,0.2
272,1176.0,-0.061,2.2
273,1179.0,-0.002,0.0
274,1194.0,-0.025,0.4
275,1196.0,-0.016,0.2
276,1200.0,0.016,0.2
277,1197.0,0.114,7.8
278,1205.0,0.245,36.2
279,1205.0,0.132,10.5
280,1210.0,0.004,0.0
281,1211.0,0.006,0.0
282,1212.0,-0.157,15.0
283,1215.0,-0.002,0.0
284,1221.0,0.022,0.3
285,1220.0,0.107,7.0
286,1221.0,0.024,0.4
287,1223.0,0.07,3.0
288,1235.0,0.163,16.5
289,1230.0,0.212,27.7
290,1241.0,0.007,0.0
291,1241.0,0.008,0.0
292,1251.0,-0.002,0.0
293,1249.0,-0.003,0.0
294,1260.0,0.085,4.6
295,1271.0,0.012,0.1
296,1268.0,0.047,1.4
297,1275.0,0.041,1.1
298,1269.0,-0.008,0.0
299,1281.0,-0.063,2.5
300,1309.0,0.086,4.9
301,1305.0,0.024,0.4
302,1314.0,0.024,0.4
303,1317.0,0.006,0.0
304,1316.0,-0.001,0.0
305,1323.0,-0.029,0.6
306,1326.0,0.002,0.0
307,1331.0,0.163,17.7
308,1333.0,-0.016,0.2
309,1336.0,-0.024,0.4
310,1337.0,-0.004,0.0
311,1340.0,-0.373,93.2
312,1356.0,0.202,27.6
313,1342.0,0.279,52.1
314,1361.0,0.409,113.9
315,1349.0,0.028,0.5
316,1369.0,-0.005,0.0
317,1368.0,-0.365,91.1
318,1375.0,0.139,13.3
319,1370.0,0.035,0.8
320,1382.0,-0.003,0.0
321,1374.0,-0.022,0.3
322,1385.0,0.291,58.5
323,1376.0,0.012,0.1
324,1401.0,0.0,0.0
325,1381.0,0.0,0.0
326,1404.0,-0.344,83.0
327,1403.0,-0.0,0.0
328,1407.0,-0.094,6.2
329,1406.0,-0.002,0.0
330,1417.0,0.011,0.1
331,1420.0,0.01,0.1
332,1421.0,-0.287,58.3
333,1428.0,-0.053,2.0
334,1429.0,0.056,2.2
335,1434.0,0.017,0.2
336,1437.0,-0.048,1.6
337,1439.0,-0.0,0.0
338,1438.0,-0.248,44.3
339,1445.0,-0.05,1.8
340,1446.0,0.118,10.2
341,1454.0,0.004,0.0
342,1455.0,-0.138,13.9
343,1464.0,-0.136,13.6
344,1458.0,0.043,1.4
345,1465.0,0.339,83.9
346,1470.0,-0.481,169.8
347,1473.0,-0.125,11.5
348,1477.0,0.025,0.5
349,1477.0,0.003,0.0
350,1485.0,0.0,0.0
351,1486.0,0.157,18.4
352,1491.0,0.0,0.0
353,1486.0,0.0,0.0
354,1498.0,-0.007,0.0
355,1490.0,-0.003,0.0
356,1505.0,0.0,0.0
357,1499.0,0.006,0.0
358,1506.0,-0.0,0.0
359,1505.0,-0.0,0.0
360,1523.0,-0.009,0.1
361,1506.0,-0.004,0.0
362,1527.0,-0.133,13.6
363,1522.0,-0.007,0.0
364,1535.0,-0.093,6.7
365,1537.0,-0.106,8.7
366,1543.0,-0.0,0.0
367,1538.0,-0.245,46.1
368,1559.0,0.135,14.3
369,1544.0,0.292,66.0
370,1561.0,0.002,0.0
371,1560.0,0.097,7.4
372,1604.0,0.013,0.1
373,1562.0,0.089,6.1
374,1608.0,-0.011,0.1
375,1603.0,-0.01,0.1
376,1615.0,0.059,2.8
377,1608.0,0.082,5.4
378,1620.0,-0.07,4.0
379,1618.0,-0.024,0.5
380,1631.0,-0.032,0.8
381,1627.0,-0.117,11.1
382,1631.0,0.096,7.5
383,1629.0,0.018,0.3
384,1648.0,0.244,48.9
385,1633.0,0.022,0.4
386,1649.0,-0.0,0.0
387,1647.0,-0.002,0.0
388,1713.0,0.001,0.0
389,1719.0,0.001,0.0
390,1734.0,-0.002,0.0
391,1726.0,-0.001,0.0
392,1751.0,-0.05,2.1
393,1757.0,-0.047,1.9
394,1768.0,0.032,0.9
395,1763.0,0.01,0.1
396,3028.0,0.014,0.3
397,3037.0,0.0,0.0
398,3035.0,-0.0,0.0
399,3041.0,-0.003,0.0
400,3039.0,-0.004,0.0
401,3042.0,-0.015,0.3
402,3055.0,-0.0,0.0
403,3073.0,-0.0,0.0
404,3093.0,0.0,0.0
405,3096.0,0.0,0.0
406,3096.0,-0.004,0.0
407,3099.0,-0.004,0.0
408,3113.0,-0.002,0.0
409,3115.0,-0.001,0.0
410,3133.0,0.0,0.0
411,3134.0,0.0,0.0
412,3144.0,-0.002,0.0
413,3145.0,-0.002,0.0
414,3176.0,0.017,0.4
415,3181.0,0.009,0.1
416,3179.0,0.019,0.6
417,3197.0,0.003,0.0
418,3193.0,0.015,0.3
419,3197.0,0.001,0.0
420,3194.0,0.003,0.0
421,3202.0,0.015,0.4
422,3194.0,0.001,0.0
423,3204.0,0.001,0.0
424,3195.0,-0.042,2.8
425,3204.0,-0.0,0.0
426,3199.0,0.012,0.2
427,3211.0,0.001,0.0
428,3201.0,-0.0,0.0
429,3211.0,-0.001,0.0
430,3201.0,0.025,1.0
431,3219.0,0.016,0.4
432,3201.0,0.001,0.0
433,3222.0,0.002,0.0
434,3208.0,-0.002,0.0
435,3222.0,-0.003,0.0
436,3208.0,0.002,0.0
437,3228.0,0.021,0.7
438,3218.0,0.002,0.0
439,3237.0,0.013,0.3
440,3218.0,0.004,0.0
441,3237.0,0.034,1.9
