,Frequencies,Displacement,Reorg Energy
0,-0.0,0.0,-0.0
1,-0.0,0.0,-0.0
2,-0.0,0.0,-0.0
3,-0.0,0.0,-0.0
4,-0.0,0.0,-0.0
5,-0.0,0.0,-0.0
6,0.0,-0.0,0.0
7,0.0,-0.0,0.0
8,0.0,0.0,0.0
9,0.0,0.0,0.0
10,0.0,0.0,0.0
11,0.0,0.0,0.0
12,7.0,11.025,439.1
13,8.0,1.47,8.2
14,9.0,6.946,208.6
15,12.0,15.513,1409.7
16,12.0,-0.732,3.2
17,14.0,-5.75,233.1
18,27.0,3.151,134.6
19,23.0,2.632,78.0
20,30.0,-7.1,744.1
21,28.0,-1.69,40.5
22,40.0,-2.434,117.3
23,42.0,-1.232,31.7
24,42.0,4.286,389.9
25,51.0,19.827,10048.6
26,54.0,9.151,2250.6
27,56.0,6.24,1097.5
28,57.0,22.773,14714.7
29,64.0,17.996,10308.2
30,65.0,-2.068,139.2
31,69.0,-0.19,1.2
32,77.0,-13.075,6569.9
33,82.0,-9.078,3379.1
34,90.0,-7.453,2488.8
35,90.0,-4.769,1023.5
36,94.0,-4.648,1017.0
37,92.0,-4.823,1064.7
38,99.0,-6.175,1896.4
39,101.0,-7.028,2494.6
40,104.0,-3.238,545.9
41,109.0,-8.294,3762.8
42,121.0,0.21,2.7
43,127.0,1.007,64.6
44,138.0,1.805,224.6
45,140.0,0.04,0.1
46,144.0,-0.288,6.0
47,149.0,-0.705,37.0
48,168.0,12.236,12566.6
49,163.0,12.427,12614.2
50,176.0,-3.829,1286.5
51,177.0,-2.73,659.3
52,183.0,-3.428,1077.5
53,183.0,-4.459,1819.6
54,192.0,0.91,79.7
55,186.0,3.665,1249.3
56,204.0,2.377,575.8
57,205.0,3.829,1499.6
58,208.0,-1.909,378.6
59,216.0,-0.08,0.7
60,213.0,0.975,101.3
61,218.0,3.313,1197.3
62,228.0,4.914,2756.0
63,231.0,8.31,7961.2
64,235.0,-14.817,25742.9
65,236.0,-13.558,21706.3
66,236.0,-4.299,2178.2
67,237.0,-0.722,61.9
68,253.0,0.296,11.1
69,253.0,0.039,0.2
70,257.0,2.81,1013.4
71,270.0,1.625,356.4
72,263.0,1.334,234.6
73,280.0,0.746,77.9
74,283.0,-0.028,0.1
75,288.0,-1.428,294.2
76,290.0,0.104,1.6
77,312.0,1.088,184.9
78,302.0,-1.19,214.2
79,315.0,-0.085,1.1
80,321.0,-1.322,280.1
81,332.0,-1.649,450.7
82,334.0,0.5,41.7
83,345.0,0.528,48.1
84,349.0,-0.117,2.4
85,351.0,-0.121,2.6
86,353.0,0.411,29.9
87,364.0,0.514,48.1
88,381.0,-0.478,43.6
89,370.0,-0.304,17.1
90,390.0,0.14,3.8
91,390.0,0.015,0.0
92,393.0,-0.373,27.4
93,395.0,-0.193,7.4
94,417.0,-0.334,23.3
95,407.0,-1.613,530.0
96,419.0,-0.417,36.3
97,429.0,-0.022,0.1
98,432.0,0.392,33.1
99,432.0,0.093,1.9
100,437.0,0.205,9.2
101,436.0,0.555,67.3
102,438.0,-0.556,67.8
103,437.0,-0.218,10.4
104,439.0,0.062,0.8
105,444.0,0.966,207.0
106,446.0,-2.303,1182.2
107,446.0,-2.79,1736.4
108,449.0,-1.52,518.5
109,446.0,-0.781,136.1
110,464.0,-0.365,31.0
111,462.0,-0.271,17.0
112,469.0,-0.117,3.2
113,467.0,-0.578,77.9
114,478.0,0.662,104.8
115,475.0,0.502,59.8
116,486.0,-0.615,92.0
117,478.0,-1.573,591.2
118,495.0,-1.229,374.3
119,478.0,-0.077,1.4
120,500.0,0.663,109.8
121,503.0,1.297,422.9
122,506.0,-0.214,11.6
123,508.0,-1.053,281.4
124,510.0,0.569,82.7
125,512.0,0.326,27.3
126,518.0,0.497,63.9
127,533.0,0.174,8.1
128,533.0,1.095,319.9
129,535.0,1.312,460.4
130,548.0,-0.026,0.2
131,552.0,-0.923,235.0
132,561.0,-0.063,1.1
133,556.0,-0.058,0.9
134,571.0,0.11,3.5
135,572.0,0.042,0.5
136,573.0,0.499,71.3
137,577.0,0.006,0.0
138,574.0,-0.23,15.2
139,585.0,-0.574,96.3
140,579.0,-0.049,0.7
141,585.0,-0.153,6.9
142,585.0,0.209,12.8
143,595.0,0.545,88.3
144,605.0,-0.237,17.0
145,605.0,-3.373,3441.6
146,611.0,1.604,786.5
147,623.0,0.011,0.0
148,616.0,-0.012,0.0
149,630.0,-0.17,9.1
150,633.0,-0.111,3.9
151,633.0,-0.466,68.7
152,635.0,0.127,5.1
153,646.0,0.015,0.1
154,649.0,0.823,219.5
155,657.0,0.267,23.4
156,653.0,-0.069,1.6
157,660.0,-0.185,11.2
158,663.0,-0.418,57.9
159,667.0,-0.048,0.8
160,678.0,-0.175,10.3
161,688.0,-0.825,234.2
162,695.0,0.011,0.0
163,710.0,5.767,11810.2
164,697.0,-0.016,0.1
165,714.0,-2.013,1446.6
166,705.0,1.166,479.2
167,716.0,1.972,1392.0
168,709.0,2.434,2099.9
169,724.0,1.222,540.2
170,710.0,1.837,1197.8
171,736.0,0.01,0.0
172,714.0,5.268,9903.1
173,740.0,0.061,1.4
174,727.0,0.978,347.8
175,749.0,0.015,0.1
176,744.0,-0.224,18.7
177,753.0,-0.045,0.8
178,753.0,0.17,10.9
179,760.0,0.22,18.4
180,760.0,-0.044,0.7
181,770.0,-0.032,0.4
182,761.0,-0.104,4.1
183,784.0,-0.101,4.0
184,771.0,-0.097,3.7
185,795.0,-0.008,0.0
186,799.0,0.012,0.1
187,802.0,0.214,18.4
188,807.0,0.032,0.4
189,806.0,0.221,19.7
190,812.0,0.077,2.4
191,811.0,0.043,0.7
192,815.0,0.012,0.1
193,818.0,2.075,1760.8
194,816.0,-2.195,1967.5
195,821.0,-1.178,570.0
196,820.0,1.0,410.1
197,836.0,0.644,173.3
198,829.0,0.062,1.6
199,845.0,0.159,10.7
200,831.0,0.493,100.9
201,856.0,0.647,179.2
202,833.0,-0.195,15.8
203,860.0,-0.105,4.7
204,834.0,0.335,46.8
205,865.0,0.078,2.6
206,842.0,-0.037,0.6
207,866.0,-0.047,0.9
208,854.0,0.292,36.5
209,872.0,0.025,0.3
210,858.0,0.197,16.6
211,873.0,0.002,0.0
212,877.0,0.04,0.7
213,906.0,0.011,0.1
214,905.0,-0.078,2.7
215,908.0,-0.192,16.8
216,922.0,1.241,710.2
217,918.0,1.614,1194.4
218,924.0,0.998,460.4
219,926.0,0.07,2.2
220,934.0,0.088,3.6
221,946.0,0.555,145.7
222,937.0,-0.034,0.5
223,951.0,-0.046,1.0
224,945.0,-0.504,120.2
225,957.0,-1.548,1146.9
226,957.0,0.405,78.6
227,957.0,0.541,140.3
228,958.0,1.434,984.8
229,965.0,0.079,3.0
230,964.0,-0.595,170.8
231,974.0,-0.109,5.8
232,968.0,0.296,42.5
233,978.0,0.032,0.5
234,974.0,0.009,0.0
235,984.0,0.086,3.6
236,976.0,0.003,0.0
237,995.0,0.139,9.6
238,978.0,-0.011,0.1
239,996.0,-2.645,3485.8
240,988.0,0.006,0.0
241,999.0,0.007,0.0
242,988.0,0.009,0.0
243,1004.0,0.017,0.1
244,1002.0,-2.019,2042.1
245,1008.0,-0.005,0.0
246,1029.0,1.661,1418.7
247,1022.0,0.288,42.4
248,1035.0,0.734,279.1
249,1026.0,1.433,1054.1
250,1061.0,-0.048,1.2
251,1065.0,-0.003,0.0
252,1083.0,0.061,2.0
253,1081.0,0.214,24.8
254,1095.0,-0.082,3.7
255,1102.0,-0.072,2.8
256,1110.0,0.56,173.9
257,1107.0,0.153,13.0
258,1134.0,0.152,13.1
259,1116.0,0.034,0.6
260,1136.0,0.027,0.4
261,1154.0,0.193,21.4
262,1149.0,-0.002,0.0
263,1154.0,-0.004,0.0
264,1155.0,-0.064,2.3
265,1156.0,-0.062,2.2
266,1157.0,0.056,1.8
267,1164.0,0.076,3.3
268,1163.0,0.02,0.2
269,1165.0,0.001,0.0
270,1164.0,-0.009,0.1
271,1168.0,-0.053,1.7
272,1175.0,0.011,0.1
273,1179.0,0.033,0.6
274,1176.0,0.004,0.0
275,1196.0,0.103,6.4
276,1186.0,-0.022,0.3
277,1197.0,-0.53,168.1
278,1196.0,0.046,1.2
279,1205.0,0.56,188.8
280,1203.0,-0.021,0.3
281,1211.0,-0.058,2.1
282,1206.0,0.482,139.8
283,1215.0,0.003,0.0
284,1212.0,0.005,0.0
285,1220.0,0.379,87.6
286,1224.0,-0.07,3.0
287,1223.0,-0.453,125.8
288,1233.0,-0.17,17.8
289,1230.0,-1.446,1286.5
290,1235.0,0.939,544.7
291,1241.0,0.118,8.6
292,1242.0,-0.044,1.2
293,1249.0,-0.056,2.0
294,1251.0,0.07,3.0
295,1271.0,0.119,9.0
296,1263.0,-0.111,7.8
297,1275.0,-0.158,16.0
298,1268.0,0.109,7.6
299,1281.0,0.139,12.4
300,1299.0,0.685,305.3
301,1305.0,0.109,7.7
302,1316.0,0.059,2.3
303,1317.0,0.019,0.2
304,1317.0,-0.157,16.2
305,1323.0,-0.724,347.0
306,1318.0,0.003,0.0
307,1331.0,1.795,2144.0
308,1334.0,0.002,0.0
309,1336.0,0.066,2.9
310,1351.0,-0.01,0.1
311,1340.0,-1.615,1746.3
312,1357.0,1.549,1628.9
313,1342.0,1.531,1572.7
314,1361.0,5.478,20421.2
315,1349.0,0.112,8.5
316,1366.0,-0.104,7.4
317,1368.0,-2.448,4097.7
318,1380.0,0.403,112.0
319,1370.0,0.229,36.0
320,1382.0,0.846,495.1
321,1374.0,0.213,31.2
322,1392.0,0.129,11.5
323,1376.0,0.052,1.8
324,1400.0,0.221,34.3
325,1381.0,0.794,435.0
326,1404.0,-1.65,1910.7
327,1403.0,-0.174,21.2
328,1404.0,1.234,1069.6
329,1406.0,0.354,87.9
330,1416.0,-0.021,0.3
331,1420.0,-0.063,2.8
332,1420.0,-0.774,424.9
333,1428.0,-0.98,685.3
334,1430.0,-0.445,141.6
335,1434.0,-8.354,50055.0
336,1438.0,9.44,64072.0
337,1439.0,1.132,921.8
338,1439.0,-0.013,0.1
339,1445.0,-4.995,18025.9
340,1445.0,0.149,15.9
341,1454.0,0.374,101.5
342,1447.0,4.637,15550.6
343,1464.0,0.036,0.9
344,1458.0,1.528,1703.5
345,1465.0,6.916,35036.1
346,1461.0,0.136,13.5
347,1473.0,0.487,174.7
348,1466.0,0.102,7.6
349,1477.0,0.348,89.3
350,1469.0,-3.764,10407.7
351,1486.0,-0.23,39.5
352,1485.0,0.119,10.6
353,1486.0,0.156,18.0
354,1492.0,-0.237,42.0
355,1490.0,-0.034,0.8
356,1497.0,-0.059,2.6
357,1499.0,-0.03,0.7
358,1505.0,-0.401,121.3
359,1505.0,-0.332,82.9
360,1511.0,-0.011,0.1
361,1506.0,-0.019,0.3
362,1522.0,-0.009,0.1
363,1522.0,-0.017,0.2
364,1527.0,-0.759,439.2
365,1537.0,-0.042,1.3
366,1534.0,0.048,1.7
367,1538.0,0.225,38.9
368,1547.0,0.047,1.7
369,1544.0,0.037,1.0
370,1555.0,0.092,6.6
371,1560.0,0.014,0.1
372,1558.0,-0.386,116.1
373,1562.0,-0.036,1.0
374,1570.0,-0.011,0.1
375,1603.0,-0.466,173.9
376,1581.0,-0.006,0.0
377,1608.0,-0.091,6.6
378,1599.0,-0.003,0.0
379,1618.0,-0.24,46.4
380,1600.0,0.09,6.4
381,1627.0,0.353,101.2
382,1607.0,0.029,0.7
383,1629.0,0.046,1.8
384,1623.0,0.561,255.4
385,1633.0,0.115,10.7
386,1646.0,-0.256,54.1
387,1647.0,-0.0,0.0
388,1685.0,-0.063,3.4
389,1719.0,-0.064,3.5
390,1705.0,0.002,0.0
391,1726.0,0.005,0.0
392,1725.0,-0.102,8.9
393,1757.0,-0.061,3.3
394,1741.0,-0.017,0.2
395,1763.0,-0.074,4.9
396,3028.0,-0.487,358.5
397,3037.0,-0.176,47.3
398,3034.0,0.17,43.9
399,3041.0,0.013,0.2
400,3038.0,0.001,0.0
401,3042.0,0.374,213.0
402,3055.0,0.001,0.0
403,3073.0,0.002,0.0
404,3092.0,0.007,0.1
405,3096.0,0.032,1.6
406,3095.0,-0.004,0.0
407,3099.0,-0.003,0.0
408,3112.0,0.007,0.1
409,3115.0,0.005,0.0
410,3132.0,-0.54,456.4
411,3134.0,-0.523,428.5
412,3143.0,0.012,0.2
413,3145.0,0.018,0.5
414,3176.0,-0.029,1.3
415,3181.0,-0.023,0.8
416,3180.0,-0.032,1.6
417,3197.0,-0.004,0.0
418,3195.0,-0.016,0.4
419,3197.0,-0.002,0.0
420,3197.0,-0.074,8.7
421,3202.0,-0.033,1.7
422,3198.0,0.003,0.0
423,3204.0,0.003,0.0
424,3198.0,0.001,0.0
425,3204.0,0.001,0.0
426,3199.0,0.002,0.0
427,3211.0,0.003,0.0
428,3201.0,0.022,0.8
429,3211.0,0.003,0.0
430,3205.0,0.0,0.0
431,3219.0,0.031,1.5
432,3205.0,-0.004,0.0
433,3222.0,-0.006,0.1
434,3213.0,-0.001,0.0
435,3222.0,-0.008,0.1
436,3213.0,0.002,0.0
437,3228.0,0.055,4.8
438,3224.0,0.002,0.0
439,3237.0,0.037,2.2
440,3224.0,-0.005,0.0
441,3237.0,-0.095,14.6
