,Frequencies,Displacement,Reorg Energy
0,-0.0,0.0,-0.0
1,-0.0,0.0,-0.0
2,-0.0,0.0,-0.0
3,-0.0,0.0,-0.0
4,-0.0,-0.0,-0.0
5,0.0,-0.0,0.0
6,0.0,0.0,0.0
7,0.0,0.0,0.0
8,0.0,0.0,0.0
9,0.0,0.0,0.0
10,0.0,0.0,0.0
11,0.0,0.0,0.0
12,17.0,-0.378,1.2
13,10.0,-3.887,76.9
14,18.0,-0.637,3.7
15,17.0,-0.881,6.6
16,20.0,5.434,298.9
17,18.0,0.461,1.9
18,46.0,0.974,21.7
19,45.0,0.022,0.0
20,86.0,-0.168,1.2
21,76.0,-0.013,0.0
22,97.0,0.505,12.4
23,100.0,0.019,0.0
24,112.0,-0.363,7.4
25,118.0,-0.309,5.7
26,139.0,-0.089,0.6
27,139.0,-0.211,3.1
28,161.0,-0.189,2.9
29,157.0,-0.067,0.4
30,163.0,0.128,1.3
31,164.0,0.079,0.5
32,207.0,0.035,0.1
33,205.0,0.013,0.0
34,211.0,-0.194,4.0
35,209.0,-0.052,0.3
36,214.0,0.192,4.0
37,220.0,0.177,3.4
38,242.0,-0.128,2.0
39,239.0,-0.057,0.4
40,263.0,-0.238,7.5
41,260.0,-0.001,0.0
42,270.0,-0.111,1.7
43,269.0,-0.093,1.2
44,311.0,-0.113,2.0
45,312.0,-0.068,0.7
46,329.0,0.059,0.6
47,332.0,0.012,0.0
48,393.0,0.095,1.8
49,384.0,0.046,0.4
50,393.0,-0.069,0.9
51,396.0,-0.058,0.7
52,411.0,-0.028,0.2
53,413.0,-0.097,1.9
54,431.0,0.114,2.8
55,427.0,0.029,0.2
56,448.0,0.184,7.6
57,430.0,0.102,2.2
58,457.0,0.099,2.3
59,444.0,0.038,0.3
60,468.0,-0.039,0.4
61,464.0,-0.163,6.2
62,473.0,0.112,2.9
63,470.0,0.069,1.1
64,493.0,0.04,0.4
65,489.0,0.005,0.0
66,507.0,0.084,1.8
67,499.0,0.011,0.0
68,508.0,-0.014,0.0
69,503.0,-0.016,0.1
70,518.0,0.064,1.1
71,513.0,0.029,0.2
72,524.0,-0.06,1.0
73,522.0,-0.05,0.6
74,546.0,-0.104,3.0
75,542.0,-0.024,0.2
76,547.0,-0.073,1.5
77,549.0,-0.071,1.4
78,564.0,0.023,0.2
79,556.0,0.037,0.4
80,566.0,-0.081,1.9
81,559.0,-0.029,0.2
82,573.0,0.063,1.1
83,572.0,0.015,0.1
84,599.0,0.161,7.7
85,591.0,0.144,6.1
86,608.0,0.035,0.4
87,609.0,0.02,0.1
88,629.0,-0.008,0.0
89,617.0,-0.021,0.1
90,629.0,-0.068,1.4
91,624.0,-0.069,1.5
92,658.0,0.018,0.1
93,653.0,0.085,2.4
94,674.0,-0.063,1.3
95,661.0,-0.001,0.0
96,684.0,-0.018,0.1
97,673.0,-0.008,0.0
98,690.0,0.021,0.2
99,687.0,0.043,0.6
100,695.0,0.066,1.5
101,693.0,0.112,4.3
102,719.0,-0.034,0.4
103,714.0,-0.027,0.3
104,721.0,-0.003,0.0
105,720.0,-0.0,0.0
106,752.0,-0.008,0.0
107,751.0,-0.0,0.0
108,774.0,0.018,0.1
109,774.0,0.01,0.0
110,788.0,-0.04,0.6
111,790.0,-0.011,0.0
112,810.0,0.089,3.2
113,809.0,0.049,1.0
114,811.0,-0.078,2.4
115,820.0,-0.0,0.0
116,818.0,0.003,0.0
117,827.0,0.007,0.0
118,827.0,0.005,0.0
119,828.0,0.022,0.2
120,831.0,0.03,0.4
121,832.0,0.006,0.0
122,847.0,0.01,0.0
123,848.0,0.003,0.0
124,875.0,0.009,0.0
125,867.0,0.002,0.0
126,879.0,-0.009,0.0
127,877.0,-0.002,0.0
128,883.0,-0.006,0.0
129,885.0,-0.003,0.0
130,942.0,-0.015,0.1
131,941.0,-0.012,0.1
132,945.0,-0.02,0.2
133,945.0,-0.004,0.0
134,949.0,0.001,0.0
135,947.0,0.009,0.0
136,953.0,-0.01,0.0
137,956.0,-0.007,0.0
138,961.0,-0.005,0.0
139,959.0,-0.008,0.0
140,975.0,-0.002,0.0
141,977.0,-0.008,0.0
142,983.0,-0.02,0.2
143,978.0,-0.0,0.0
144,989.0,0.023,0.3
145,987.0,0.026,0.3
146,995.0,-0.029,0.4
147,991.0,-0.046,1.0
148,1060.0,0.049,1.3
149,1056.0,0.093,4.6
150,1098.0,-0.027,0.4
151,1095.0,-0.003,0.0
152,1104.0,0.019,0.2
153,1099.0,0.032,0.6
154,1129.0,-0.007,0.0
155,1129.0,-0.035,0.7
156,1137.0,-0.034,0.7
157,1136.0,-0.066,2.5
158,1154.0,-0.009,0.0
159,1151.0,-0.002,0.0
160,1160.0,0.051,1.5
161,1161.0,0.061,2.1
162,1167.0,-0.017,0.2
163,1166.0,-0.016,0.2
164,1175.0,0.048,1.4
165,1171.0,0.075,3.3
166,1200.0,0.056,1.8
167,1197.0,0.092,5.1
168,1206.0,0.022,0.3
169,1204.0,0.028,0.5
170,1209.0,-0.045,1.2
171,1208.0,-0.034,0.7
172,1235.0,-0.019,0.2
173,1235.0,-0.038,0.9
174,1245.0,-0.006,0.0
175,1249.0,-0.007,0.0
176,1255.0,0.004,0.0
177,1252.0,0.006,0.0
178,1266.0,-0.058,2.2
179,1263.0,-0.099,6.2
180,1276.0,-0.027,0.5
181,1266.0,-0.052,1.7
182,1323.0,-0.117,9.1
183,1309.0,-0.081,4.3
184,1331.0,0.069,3.2
185,1322.0,0.197,25.7
186,1351.0,0.088,5.2
187,1351.0,0.037,0.9
188,1360.0,-0.061,2.6
189,1354.0,-0.12,9.7
190,1382.0,0.052,1.9
191,1369.0,0.042,1.2
192,1394.0,-0.046,1.5
193,1398.0,-0.004,0.0
194,1409.0,0.061,2.6
195,1404.0,0.101,7.2
196,1431.0,0.133,12.7
197,1434.0,0.14,14.0
198,1439.0,0.013,0.1
199,1439.0,0.026,0.5
200,1444.0,-0.0,0.0
201,1446.0,-0.005,0.0
202,1448.0,-0.03,0.6
203,1454.0,-0.075,4.1
204,1464.0,0.065,3.1
205,1460.0,0.048,1.7
206,1469.0,-0.045,1.5
207,1465.0,-0.093,6.3
208,1496.0,0.039,1.2
209,1485.0,0.021,0.3
210,1497.0,-0.01,0.1
211,1494.0,-0.017,0.2
212,1506.0,0.012,0.1
213,1497.0,0.059,2.6
214,1512.0,0.052,2.0
215,1528.0,0.104,8.3
216,1538.0,-0.027,0.6
217,1538.0,-0.058,2.6
218,1542.0,-0.056,2.4
219,1542.0,-0.063,3.0
220,1593.0,0.017,0.2
221,1569.0,0.048,1.8
222,1604.0,0.086,5.9
223,1584.0,0.111,9.8
224,1615.0,-0.08,5.1
225,1596.0,-0.044,1.6
226,1635.0,-0.101,8.3
227,1633.0,-0.174,24.7
228,2160.0,-0.051,2.8
229,2152.0,-0.152,24.8
230,3024.0,0.008,0.1
231,3007.0,0.005,0.0
232,3049.0,0.0,0.0
233,3028.0,0.0,0.0
234,3155.0,-0.002,0.0
235,3161.0,-0.004,0.0
236,3157.0,0.001,0.0
237,3164.0,0.004,0.0
238,3162.0,-0.001,0.0
239,3168.0,-0.001,0.0
240,3165.0,0.001,0.0
241,3170.0,0.006,0.1
242,3168.0,-0.001,0.0
243,3174.0,-0.002,0.0
244,3174.0,0.003,0.0
245,3178.0,0.003,0.0
246,3181.0,-0.008,0.1
247,3187.0,-0.007,0.1
248,3185.0,0.007,0.1
249,3193.0,0.002,0.0
250,3188.0,-0.008,0.1
251,3194.0,-0.011,0.2
252,3200.0,0.001,0.0
253,3198.0,0.001,0.0
254,3214.0,-0.005,0.0
255,3208.0,-0.003,0.0
