,Frequencies,Displacement,Reorg Energy
0,-0.0,-0.0,-0.0
1,-0.0,-0.0,-0.0
2,-0.0,-0.0,-0.0
3,-0.0,-0.0,-0.0
4,0.0,-0.0,0.0
5,-0.0,-0.0,-0.0
6,0.0,-0.0,0.0
7,-0.0,-0.0,-0.0
8,0.0,0.0,0.0
9,0.0,0.0,0.0
10,0.0,-0.0,0.0
11,0.0,-0.0,0.0
12,6.0,-3.051,25.8
13,8.0,-0.821,2.7
14,9.0,-0.65,1.9
15,13.0,-1.727,19.8
16,12.0,-0.734,3.2
17,16.0,-4.319,146.2
18,22.0,-0.007,0.0
19,27.0,-1.672,38.2
20,28.0,-0.014,0.0
21,28.0,-1.057,15.4
22,40.0,0.019,0.0
23,40.0,0.475,4.5
24,43.0,-0.111,0.3
25,55.0,-1.708,80.9
26,52.0,-0.044,0.1
27,58.0,-1.095,34.5
28,56.0,-0.057,0.1
29,60.0,-1.238,46.0
30,66.0,0.027,0.0
31,66.0,0.03,0.0
32,75.0,0.012,0.0
33,82.0,0.795,26.0
34,87.0,-0.006,0.0
35,92.0,-0.201,1.9
36,96.0,0.043,0.1
37,95.0,0.123,0.7
38,99.0,0.469,10.9
39,102.0,1.243,79.0
40,105.0,0.173,1.6
41,107.0,0.563,17.0
42,122.0,-0.092,0.5
43,124.0,-0.228,3.2
44,134.0,0.111,0.8
45,144.0,0.026,0.0
46,144.0,0.03,0.1
47,149.0,0.13,1.3
48,164.0,-0.04,0.1
49,171.0,-0.017,0.0
50,175.0,-0.214,4.0
51,177.0,-0.247,5.4
52,182.0,0.056,0.3
53,189.0,0.104,1.0
54,189.0,-0.001,0.0
55,198.0,-0.039,0.1
56,204.0,0.013,0.0
57,209.0,0.065,0.4
58,206.0,-0.426,18.7
59,211.0,-0.197,4.1
60,218.0,0.205,4.6
61,216.0,0.185,3.7
62,228.0,-0.136,2.1
63,231.0,-0.012,0.0
64,235.0,-0.007,0.0
65,235.0,-0.024,0.1
66,237.0,0.018,0.0
67,236.0,0.025,0.1
68,253.0,0.018,0.0
69,252.0,0.035,0.2
70,264.0,0.033,0.1
71,263.0,0.069,0.6
72,272.0,0.008,0.0
73,265.0,0.003,0.0
74,282.0,0.051,0.4
75,286.0,0.038,0.2
76,290.0,0.001,0.0
77,293.0,0.017,0.0
78,315.0,0.004,0.0
79,301.0,0.009,0.0
80,330.0,0.162,4.3
81,331.0,0.265,11.7
82,341.0,0.145,3.6
83,344.0,0.468,37.6
84,355.0,0.077,1.0
85,348.0,0.304,16.1
86,359.0,-0.011,0.0
87,361.0,-0.029,0.2
88,381.0,0.051,0.5
89,384.0,0.128,3.1
90,391.0,-0.011,0.0
91,394.0,-0.085,1.4
92,395.0,0.021,0.1
93,398.0,0.303,18.3
94,420.0,-0.035,0.3
95,418.0,-0.028,0.2
96,431.0,-0.266,15.3
97,420.0,-0.167,5.9
98,436.0,0.354,27.3
99,435.0,0.418,38.0
100,437.0,0.01,0.0
101,437.0,0.291,18.5
102,439.0,0.088,1.7
103,440.0,0.079,1.4
104,446.0,-0.011,0.0
105,444.0,-0.115,2.9
106,448.0,-0.002,0.0
107,445.0,-0.01,0.0
108,452.0,-0.002,0.0
109,454.0,-0.003,0.0
110,467.0,-0.084,1.6
111,467.0,-0.129,3.9
112,470.0,-0.003,0.0
113,469.0,-0.011,0.0
114,480.0,-0.045,0.5
115,475.0,-0.009,0.0
116,480.0,-0.035,0.3
117,497.0,-0.143,5.1
118,484.0,-0.011,0.0
119,504.0,-0.032,0.3
120,499.0,-0.089,2.0
121,506.0,-0.02,0.1
122,512.0,-0.075,1.4
123,511.0,-0.001,0.0
124,519.0,0.07,1.3
125,517.0,0.017,0.1
126,534.0,-0.236,14.9
127,522.0,-0.096,2.4
128,535.0,0.004,0.0
129,533.0,0.264,18.6
130,552.0,0.506,70.6
131,547.0,0.482,63.5
132,561.0,-0.016,0.1
133,561.0,-0.014,0.1
134,571.0,-0.01,0.0
135,570.0,-0.01,0.0
136,578.0,0.002,0.0
137,580.0,0.002,0.0
138,585.0,0.001,0.0
139,583.0,0.005,0.0
140,586.0,-0.013,0.0
141,588.0,-0.004,0.0
142,597.0,0.001,0.0
143,592.0,0.001,0.0
144,612.0,-0.007,0.0
145,611.0,-0.004,0.0
146,623.0,-0.0,0.0
147,623.0,-0.016,0.1
148,631.0,0.003,0.0
149,625.0,0.001,0.0
150,633.0,0.002,0.0
151,627.0,0.005,0.0
152,647.0,0.009,0.0
153,646.0,0.009,0.0
154,659.0,-0.022,0.2
155,656.0,-0.009,0.0
156,665.0,0.077,2.0
157,664.0,0.072,1.7
158,667.0,-0.002,0.0
159,665.0,-0.052,0.9
160,697.0,-0.029,0.3
161,687.0,-0.002,0.0
162,698.0,-0.044,0.7
163,696.0,-0.051,0.9
164,712.0,0.026,0.2
165,710.0,0.011,0.0
166,714.0,0.01,0.0
167,714.0,0.002,0.0
168,717.0,-0.01,0.0
169,715.0,-0.049,0.8
170,726.0,-0.086,2.7
171,730.0,-0.092,3.1
172,742.0,-0.002,0.0
173,741.0,-0.01,0.0
174,746.0,-0.004,0.0
175,747.0,-0.002,0.0
176,751.0,0.0,0.0
177,752.0,0.005,0.0
178,763.0,0.015,0.1
179,756.0,0.01,0.0
180,772.0,0.017,0.1
181,766.0,0.008,0.0
182,786.0,0.0,0.0
183,782.0,0.0,0.0
184,800.0,0.0,0.0
185,801.0,0.003,0.0
186,803.0,0.013,0.1
187,803.0,0.005,0.0
188,811.0,0.012,0.1
189,808.0,0.013,0.1
190,817.0,0.015,0.1
191,810.0,0.004,0.0
192,822.0,-0.023,0.2
193,815.0,-0.01,0.0
194,834.0,0.023,0.2
195,817.0,0.003,0.0
196,836.0,-0.016,0.1
197,822.0,-0.033,0.5
198,844.0,-0.029,0.4
199,824.0,-0.003,0.0
200,855.0,0.081,2.8
201,828.0,0.004,0.0
202,858.0,0.153,10.1
203,831.0,0.004,0.0
204,865.0,0.001,0.0
205,835.0,0.01,0.0
206,865.0,-0.008,0.0
207,841.0,-0.012,0.1
208,870.0,-0.011,0.1
209,850.0,-0.025,0.3
210,872.0,-0.0,0.0
211,860.0,-0.194,16.2
212,877.0,0.003,0.0
213,870.0,0.004,0.0
214,912.0,-0.047,1.0
215,909.0,-0.044,0.9
216,923.0,0.046,1.0
217,921.0,0.019,0.2
218,928.0,-0.026,0.3
219,931.0,-0.044,0.9
220,937.0,0.002,0.0
221,936.0,0.003,0.0
222,946.0,-0.001,0.0
223,942.0,-0.002,0.0
224,957.0,-0.001,0.0
225,951.0,-0.006,0.0
226,958.0,-0.014,0.1
227,953.0,-0.0,0.0
228,965.0,0.007,0.0
229,957.0,0.007,0.0
230,970.0,-0.031,0.5
231,961.0,-0.009,0.0
232,980.0,-0.007,0.0
233,964.0,-0.001,0.0
234,987.0,-0.018,0.2
235,967.0,-0.001,0.0
236,992.0,0.003,0.0
237,974.0,0.016,0.1
238,997.0,0.0,0.0
239,977.0,0.002,0.0
240,1001.0,-0.004,0.0
241,980.0,-0.0,0.0
242,1002.0,0.026,0.3
243,988.0,0.007,0.0
244,1006.0,-0.0,0.0
245,1000.0,-0.023,0.3
246,1029.0,-0.018,0.2
247,1027.0,-0.034,0.6
248,1035.0,-0.02,0.2
249,1038.0,-0.086,3.8
250,1063.0,-0.039,0.8
251,1066.0,-0.061,2.0
252,1081.0,0.279,42.1
253,1080.0,0.193,20.2
254,1101.0,-0.014,0.1
255,1090.0,-0.101,5.6
256,1110.0,0.008,0.0
257,1107.0,0.007,0.0
258,1134.0,-0.002,0.0
259,1121.0,-0.004,0.0
260,1149.0,-0.002,0.0
261,1142.0,-0.004,0.0
262,1150.0,0.051,1.5
263,1146.0,0.01,0.1
264,1156.0,-0.001,0.0
265,1147.0,-0.001,0.0
266,1160.0,-0.009,0.0
267,1154.0,-0.001,0.0
268,1166.0,0.073,3.1
269,1155.0,0.06,2.1
270,1172.0,0.045,1.2
271,1164.0,0.067,2.6
272,1176.0,0.015,0.1
273,1173.0,0.001,0.0
274,1194.0,0.033,0.7
275,1174.0,0.026,0.4
276,1200.0,-0.01,0.1
277,1185.0,-0.057,1.9
278,1205.0,-0.001,0.0
279,1196.0,-0.028,0.5
280,1210.0,-0.002,0.0
281,1202.0,-0.002,0.0
282,1212.0,0.02,0.2
283,1206.0,0.08,3.9
284,1221.0,0.01,0.1
285,1210.0,0.056,1.9
286,1221.0,0.014,0.1
287,1224.0,0.032,0.6
288,1235.0,0.006,0.0
289,1233.0,0.005,0.0
290,1241.0,-0.015,0.1
291,1234.0,-0.009,0.0
292,1251.0,0.003,0.0
293,1243.0,0.011,0.1
294,1260.0,-0.096,5.8
295,1254.0,-0.009,0.0
296,1268.0,0.018,0.2
297,1265.0,0.007,0.0
298,1269.0,0.007,0.0
299,1267.0,0.09,5.1
300,1309.0,0.342,76.7
301,1296.0,0.519,174.8
302,1314.0,-0.025,0.4
303,1307.0,-0.243,38.6
304,1316.0,-0.007,0.0
305,1314.0,-0.017,0.2
306,1326.0,-0.326,70.5
307,1319.0,-0.005,0.0
308,1333.0,0.008,0.0
309,1337.0,0.002,0.0
310,1337.0,0.002,0.0
311,1342.0,0.046,1.4
312,1356.0,0.015,0.2
313,1355.0,0.008,0.0
314,1361.0,-0.035,0.8
315,1360.0,-0.029,0.6
316,1369.0,-0.009,0.1
317,1365.0,-0.045,1.4
318,1375.0,-0.078,4.2
319,1371.0,-0.494,167.6
320,1382.0,-0.004,0.0
321,1383.0,-0.0,0.0
322,1385.0,0.593,243.4
323,1388.0,0.009,0.1
324,1401.0,0.001,0.0
325,1392.0,0.027,0.5
326,1404.0,-0.029,0.6
327,1397.0,-0.0,0.0
328,1407.0,0.255,45.7
329,1403.0,0.001,0.0
330,1417.0,-0.058,2.4
331,1406.0,-0.089,5.6
332,1421.0,-0.022,0.4
333,1421.0,-0.001,0.0
334,1429.0,0.005,0.0
335,1422.0,0.131,12.1
336,1437.0,-0.089,5.6
337,1436.0,-0.008,0.0
338,1438.0,0.001,0.0
339,1438.0,0.001,0.0
340,1446.0,0.001,0.0
341,1447.0,0.005,0.0
342,1455.0,-0.0,0.0
343,1459.0,-0.015,0.2
344,1458.0,-0.017,0.2
345,1463.0,-0.021,0.3
346,1470.0,-0.001,0.0
347,1468.0,-0.004,0.0
348,1477.0,-0.131,12.6
349,1469.0,-0.004,0.0
350,1485.0,-0.0,0.0
351,1473.0,-0.0,0.0
352,1491.0,0.001,0.0
353,1482.0,0.144,15.3
354,1498.0,0.026,0.5
355,1482.0,0.007,0.0
356,1505.0,-0.001,0.0
357,1494.0,-0.019,0.3
358,1506.0,0.001,0.0
359,1507.0,0.0,0.0
360,1523.0,0.024,0.4
361,1524.0,0.024,0.4
362,1527.0,-0.038,1.1
363,1527.0,-0.022,0.4
364,1535.0,-0.035,1.0
365,1529.0,-0.009,0.1
366,1543.0,0.003,0.0
367,1535.0,0.017,0.2
368,1559.0,-0.026,0.5
369,1559.0,-0.019,0.3
370,1561.0,0.001,0.0
371,1562.0,0.014,0.2
372,1604.0,0.394,124.3
373,1572.0,0.019,0.3
374,1608.0,0.012,0.1
375,1576.0,0.003,0.0
376,1615.0,-0.077,4.7
377,1591.0,-0.005,0.0
378,1620.0,-0.492,196.3
379,1603.0,-0.007,0.0
380,1631.0,-0.006,0.0
381,1609.0,-0.004,0.0
382,1631.0,0.025,0.5
383,1617.0,0.631,322.0
384,1648.0,0.011,0.1
385,1627.0,0.046,1.7
386,1649.0,-0.001,0.0
387,1645.0,-0.054,2.4
388,1713.0,-0.005,0.0
389,1666.0,-0.006,0.0
390,1734.0,0.002,0.0
391,1682.0,0.004,0.0
392,1751.0,0.201,35.5
393,1702.0,0.188,30.1
394,1768.0,0.28,69.3
395,1721.0,0.32,88.2
396,3028.0,-0.002,0.0
397,3022.0,-0.0,0.0
398,3035.0,0.0,0.0
399,3025.0,0.002,0.0
400,3039.0,0.017,0.5
401,3028.0,0.019,0.6
402,3055.0,-0.0,0.0
403,3051.0,-0.0,0.0
404,3093.0,-0.0,0.0
405,3080.0,-0.0,0.0
406,3096.0,0.014,0.3
407,3083.0,0.012,0.2
408,3113.0,0.008,0.1
409,3104.0,0.01,0.1
410,3133.0,0.0,0.0
411,3129.0,0.0,0.0
412,3144.0,0.008,0.1
413,3139.0,0.006,0.1
414,3176.0,0.015,0.4
415,3168.0,0.002,0.0
416,3179.0,0.014,0.3
417,3174.0,0.001,0.0
418,3193.0,0.006,0.1
419,3182.0,0.0,0.0
420,3194.0,-0.0,0.0
421,3182.0,-0.0,0.0
422,3194.0,0.0,0.0
423,3190.0,0.001,0.0
424,3195.0,-0.012,0.2
425,3190.0,-0.004,0.0
426,3199.0,-0.004,0.0
427,3194.0,-0.003,0.0
428,3201.0,-0.002,0.0
429,3200.0,-0.0,0.0
430,3201.0,0.004,0.0
431,3200.0,0.001,0.0
432,3201.0,-0.001,0.0
433,3202.0,-0.003,0.0
434,3208.0,-0.001,0.0
435,3210.0,-0.009,0.1
436,3208.0,0.001,0.0
437,3212.0,0.019,0.6
438,3218.0,-0.002,0.0
439,3212.0,-0.001,0.0
440,3218.0,-0.004,0.0
441,3212.0,-0.009,0.1
