,Frequencies,Displacement,Reorg Energy
0,-0.0,0.0,-0.0
1,-0.0,0.0,-0.0
2,-0.0,-0.0,-0.0
3,-0.0,-0.0,-0.0
4,0.0,0.0,0.0
5,-0.0,0.0,-0.0
6,0.0,-0.0,0.0
7,0.0,-0.0,0.0
8,0.0,-0.0,0.0
9,0.0,-0.0,0.0
10,0.0,0.0,0.0
11,0.0,0.0,0.0
12,6.0,-0.064,0.0
13,8.0,-0.315,0.4
14,9.0,-0.17,0.1
15,10.0,-1.156,6.9
16,11.0,0.203,0.2
17,16.0,0.049,0.0
18,25.0,-0.107,0.1
19,25.0,-0.16,0.3
20,29.0,0.021,0.0
21,27.0,0.05,0.0
22,42.0,0.064,0.1
23,40.0,0.074,0.1
24,55.0,0.0,0.0
25,56.0,0.006,0.0
26,62.0,-0.006,0.0
27,62.0,-0.006,0.0
28,71.0,-0.279,2.7
29,71.0,-0.761,20.7
30,77.0,-0.003,0.0
31,79.0,-0.002,0.0
32,89.0,-0.007,0.0
33,89.0,-0.01,0.0
34,99.0,-0.027,0.0
35,98.0,-0.051,0.1
36,115.0,-0.221,2.8
37,109.0,-0.059,0.2
38,115.0,1.101,69.8
39,117.0,1.497,131.4
40,121.0,1.2,87.1
41,123.0,0.587,21.2
42,142.0,-0.006,0.0
43,141.0,-0.002,0.0
44,161.0,0.025,0.0
45,160.0,0.025,0.0
46,168.0,0.002,0.0
47,169.0,0.002,0.0
48,185.0,-0.0,0.0
49,195.0,-0.002,0.0
50,197.0,0.152,2.3
51,200.0,0.158,2.5
52,200.0,-0.008,0.0
53,203.0,-0.02,0.0
54,203.0,-0.535,29.0
55,204.0,-0.389,15.5
56,212.0,0.01,0.0
57,214.0,0.021,0.0
58,228.0,-0.507,29.3
59,230.0,-0.538,33.3
60,234.0,0.017,0.0
61,234.0,0.192,4.3
62,236.0,0.192,4.4
63,236.0,0.223,5.9
64,251.0,-0.01,0.0
65,252.0,-0.005,0.0
66,256.0,0.001,0.0
67,259.0,0.003,0.0
68,258.0,-0.024,0.1
69,261.0,-0.074,0.7
70,280.0,0.189,5.0
71,281.0,0.161,3.7
72,296.0,-0.494,36.1
73,296.0,-0.007,0.0
74,302.0,-0.0,0.0
75,297.0,-0.476,33.7
76,319.0,-0.019,0.1
77,331.0,-0.041,0.3
78,350.0,-0.068,0.8
79,343.0,-0.013,0.0
80,350.0,-0.002,0.0
81,358.0,-0.008,0.0
82,386.0,-0.016,0.0
83,386.0,-0.187,6.7
84,389.0,-0.095,1.8
85,392.0,-0.159,4.9
86,393.0,-0.109,2.3
87,395.0,-0.075,1.1
88,416.0,0.026,0.1
89,417.0,0.0,0.0
90,417.0,-0.001,0.0
91,423.0,-0.016,0.1
92,419.0,-0.071,1.1
93,435.0,-0.157,5.4
94,430.0,0.162,5.6
95,438.0,0.027,0.2
96,433.0,0.193,8.0
97,442.0,0.008,0.0
98,438.0,0.119,3.1
99,450.0,0.769,133.1
100,447.0,0.166,6.2
101,453.0,0.5,56.6
102,447.0,-0.0,0.0
103,454.0,-0.004,0.0
104,467.0,0.011,0.0
105,462.0,0.013,0.0
106,468.0,0.624,91.0
107,475.0,0.195,9.0
108,476.0,0.275,18.1
109,492.0,0.461,52.1
110,484.0,-0.002,0.0
111,496.0,-0.091,2.0
112,498.0,0.404,40.7
113,502.0,0.0,0.0
114,499.0,-0.006,0.0
115,505.0,-0.004,0.0
116,505.0,-0.445,50.0
117,516.0,-0.001,0.0
118,506.0,-0.001,0.0
119,526.0,-0.134,4.7
120,522.0,0.053,0.7
121,531.0,0.045,0.5
122,530.0,-0.195,10.0
123,543.0,-0.123,4.1
124,545.0,-0.257,18.0
125,548.0,-0.032,0.3
126,571.0,-0.06,1.0
127,571.0,-0.075,1.6
128,571.0,0.001,0.0
129,578.0,0.004,0.0
130,574.0,-0.007,0.0
131,579.0,-0.007,0.0
132,575.0,-0.02,0.1
133,583.0,-0.041,0.5
134,576.0,-0.015,0.1
135,593.0,-0.142,6.0
136,597.0,-0.239,17.1
137,593.0,-0.28,23.2
138,604.0,0.0,0.0
139,623.0,0.001,0.0
140,616.0,0.007,0.0
141,626.0,0.009,0.0
142,631.0,0.388,47.4
143,628.0,0.336,35.4
144,632.0,0.001,0.0
145,646.0,0.001,0.0
146,634.0,-0.002,0.0
147,663.0,-0.001,0.0
148,652.0,0.0,0.0
149,668.0,0.001,0.0
150,680.0,0.001,0.0
151,675.0,0.193,12.6
152,689.0,-0.274,26.0
153,706.0,-0.111,4.4
154,697.0,0.001,0.0
155,713.0,0.197,13.9
156,703.0,0.0,0.0
157,715.0,0.068,1.6
158,706.0,-0.041,0.6
159,728.0,-0.216,17.0
160,712.0,0.25,22.2
161,733.0,0.0,0.0
162,715.0,0.055,1.1
163,748.0,0.0,0.0
164,725.0,0.28,28.4
165,757.0,0.001,0.0
166,744.0,-0.0,0.0
167,763.0,-0.004,0.0
168,754.0,0.004,0.0
169,770.0,0.001,0.0
170,758.0,0.0,0.0
171,787.0,0.001,0.0
172,764.0,-0.001,0.0
173,802.0,-0.041,0.7
174,800.0,-0.047,0.9
175,807.0,-0.005,0.0
176,809.0,0.001,0.0
177,816.0,0.0,0.0
178,811.0,0.031,0.4
179,819.0,0.071,2.1
180,815.0,0.0,0.0
181,823.0,0.106,4.6
182,817.0,-0.083,2.8
183,824.0,-0.0,0.0
184,823.0,-0.095,3.7
185,831.0,-0.001,0.0
186,827.0,0.001,0.0
187,832.0,0.0,0.0
188,832.0,-0.0,0.0
189,845.0,-0.018,0.1
190,844.0,-0.022,0.2
191,850.0,-0.002,0.0
192,851.0,-0.006,0.0
193,860.0,-0.006,0.0
194,878.0,0.001,0.0
195,898.0,0.062,1.7
196,900.0,0.134,8.0
197,899.0,0.002,0.0
198,908.0,0.219,21.8
199,907.0,0.273,33.8
200,929.0,-0.174,14.1
201,938.0,-0.221,23.0
202,936.0,-0.139,9.0
203,944.0,-0.001,0.0
204,937.0,0.002,0.0
205,949.0,0.002,0.0
206,945.0,0.0,0.0
207,953.0,0.098,4.6
208,952.0,0.058,1.6
209,956.0,0.001,0.0
210,957.0,0.0,0.0
211,969.0,0.007,0.0
212,975.0,0.0,0.0
213,973.0,0.0,0.0
214,977.0,0.0,0.0
215,976.0,0.001,0.0
216,985.0,0.032,0.5
217,984.0,0.128,8.1
218,988.0,-0.0,0.0
219,986.0,-0.0,0.0
220,989.0,0.0,0.0
221,986.0,0.044,1.0
222,1002.0,-0.139,9.7
223,989.0,-0.0,0.0
224,1027.0,-0.232,27.6
225,997.0,-0.152,11.5
226,1062.0,0.02,0.2
227,1027.0,0.253,33.0
228,1087.0,0.087,4.1
229,1069.0,0.008,0.0
230,1096.0,0.025,0.4
231,1080.0,0.085,3.9
232,1110.0,0.037,0.8
233,1095.0,0.095,5.0
234,1119.0,0.02,0.2
235,1107.0,0.022,0.3
236,1138.0,-0.014,0.1
237,1131.0,-0.479,129.8
238,1150.0,0.001,0.0
239,1150.0,0.013,0.1
240,1155.0,0.0,0.0
241,1155.0,0.0,0.0
242,1158.0,-0.333,64.0
243,1163.0,-0.001,0.0
244,1164.0,-0.175,17.8
245,1165.0,-0.024,0.3
246,1170.0,-0.012,0.1
247,1175.0,-0.022,0.3
248,1177.0,-0.076,3.4
249,1175.0,-0.174,17.7
250,1186.0,-0.024,0.3
251,1190.0,-0.037,0.8
252,1196.0,-0.014,0.1
253,1201.0,-0.014,0.1
254,1200.0,0.007,0.0
255,1215.0,0.167,17.0
256,1210.0,-0.094,5.3
257,1216.0,-0.026,0.4
258,1225.0,0.093,5.3
259,1228.0,0.062,2.3
260,1233.0,-0.026,0.4
261,1236.0,-0.028,0.5
262,1243.0,0.002,0.0
263,1250.0,0.0,0.0
264,1251.0,0.011,0.1
265,1258.0,0.407,104.1
266,1260.0,0.126,9.9
267,1275.0,0.414,109.3
268,1276.0,-0.023,0.3
269,1287.0,-0.419,112.8
270,1299.0,0.3,58.6
271,1295.0,0.01,0.1
272,1318.0,-0.34,76.2
273,1298.0,-0.237,36.6
274,1318.0,0.201,26.6
275,1323.0,0.092,5.6
276,1343.0,0.748,375.4
277,1340.0,0.325,70.8
278,1351.0,0.064,2.8
279,1345.0,0.001,0.0
280,1366.0,-0.031,0.7
281,1362.0,-0.048,1.5
282,1367.0,-0.05,1.7
283,1363.0,-0.022,0.3
284,1374.0,-0.444,135.2
285,1370.0,-0.23,36.4
286,1382.0,-0.001,0.0
287,1384.0,-0.0,0.0
288,1392.0,0.0,0.0
289,1388.0,0.06,2.5
290,1400.0,-0.0,0.0
291,1393.0,-0.041,1.2
292,1404.0,-0.01,0.1
293,1394.0,-0.002,0.0
294,1405.0,0.205,29.6
295,1398.0,0.0,0.0
296,1416.0,-0.036,0.9
297,1412.0,-0.025,0.5
298,1428.0,-0.144,14.7
299,1425.0,-0.113,9.1
300,1434.0,-0.159,18.1
301,1437.0,-0.123,10.8
302,1438.0,0.029,0.6
303,1441.0,0.109,8.5
304,1445.0,0.003,0.0
305,1451.0,0.304,67.0
306,1447.0,-0.056,2.3
307,1459.0,-0.157,18.1
308,1458.0,0.041,1.2
309,1467.0,0.135,13.4
310,1461.0,0.065,3.0
311,1470.0,0.001,0.0
312,1466.0,0.002,0.0
313,1484.0,0.039,1.1
314,1468.0,0.378,104.8
315,1484.0,0.0,0.0
316,1485.0,0.0,0.0
317,1486.0,0.006,0.0
318,1491.0,0.086,5.5
319,1487.0,0.06,2.7
320,1498.0,-0.028,0.6
321,1496.0,-0.022,0.4
322,1505.0,0.0,0.0
323,1507.0,0.0,0.0
324,1511.0,0.003,0.0
325,1519.0,0.128,12.4
326,1522.0,-0.014,0.1
327,1524.0,-0.013,0.1
328,1529.0,-0.003,0.0
329,1538.0,-0.314,75.9
330,1547.0,0.052,2.1
331,1552.0,0.0,0.0
332,1548.0,-0.063,3.1
333,1560.0,-0.164,20.9
334,1555.0,0.178,24.6
335,1574.0,0.149,17.5
336,1570.0,0.001,0.0
337,1589.0,0.004,0.0
338,1580.0,0.005,0.0
339,1613.0,0.001,0.0
340,1599.0,0.003,0.0
341,1618.0,0.001,0.0
342,1600.0,-0.064,3.3
343,1621.0,-0.015,0.2
344,1621.0,0.013,0.1
345,1635.0,0.142,16.6
346,1686.0,0.002,0.0
347,1683.0,0.003,0.0
348,1716.0,0.007,0.0
349,1720.0,0.127,13.8
350,1726.0,0.113,11.1
351,1790.0,0.178,28.4
352,1751.0,-0.046,1.9
353,1866.0,-0.005,0.0
354,2334.0,0.267,83.3
355,2277.0,0.297,100.2
356,3029.0,-0.016,0.4
357,3029.0,-0.0,0.0
358,3034.0,0.0,0.0
359,3034.0,0.009,0.1
360,3038.0,0.007,0.1
361,3044.0,0.019,0.5
362,3057.0,0.0,0.0
363,3074.0,0.0,0.0
364,3092.0,-0.0,0.0
365,3087.0,-0.0,0.0
366,3096.0,-0.006,0.1
367,3090.0,-0.007,0.1
368,3113.0,0.003,0.0
369,3109.0,0.004,0.0
370,3133.0,-0.0,0.0
371,3132.0,-0.0,0.0
372,3143.0,0.004,0.0
373,3141.0,0.005,0.0
374,3199.0,0.004,0.0
375,3193.0,0.003,0.0
376,3199.0,0.001,0.0
377,3193.0,0.001,0.0
378,3200.0,0.013,0.3
379,3198.0,0.003,0.0
380,3205.0,0.002,0.0
381,3198.0,0.003,0.0
382,3205.0,-0.004,0.0
383,3209.0,-0.003,0.0
384,3211.0,-0.015,0.3
385,3209.0,-0.004,0.0
386,3213.0,0.003,0.0
387,3218.0,0.015,0.4
388,3213.0,-0.002,0.0
389,3225.0,-0.001,0.0
390,3225.0,0.0,0.0
391,3225.0,0.003,0.0
392,3225.0,0.002,0.0
393,3231.0,0.013,0.3
