,Frequencies,Displacement,Reorg Energy
0,-0.0,-0.0,-0.0
1,-0.0,-0.0,-0.0
2,-0.0,-0.0,-0.0
3,-0.0,-0.0,-0.0
4,-0.0,0.0,-0.0
5,-0.0,0.0,-0.0
6,0.0,-0.0,0.0
7,-0.0,-0.0,-0.0
8,0.0,0.0,0.0
9,0.0,0.0,0.0
10,0.0,-0.0,0.0
11,0.0,-0.0,0.0
12,16.0,1.61,21.3
13,16.0,2.653,57.8
14,20.0,3.157,101.6
15,20.0,1.127,12.6
16,40.0,0.155,0.5
17,36.0,0.449,3.6
18,47.0,-0.334,2.6
19,44.0,-2.613,151.0
20,60.0,0.953,27.3
21,56.0,0.245,1.7
22,89.0,-0.262,3.0
23,91.0,-0.059,0.2
24,100.0,-0.248,3.1
25,110.0,-0.277,4.2
26,137.0,0.107,0.8
27,143.0,0.104,0.8
28,146.0,0.014,0.0
29,146.0,0.845,52.3
30,148.0,0.673,33.5
31,162.0,0.356,10.3
32,190.0,-0.048,0.2
33,192.0,-0.036,0.1
34,204.0,0.046,0.2
35,204.0,0.054,0.3
36,222.0,0.118,1.6
37,237.0,0.037,0.2
38,241.0,-0.011,0.0
39,254.0,-0.064,0.5
40,277.0,-0.131,2.4
41,283.0,-0.152,3.3
42,295.0,-0.199,5.9
43,293.0,-0.112,1.8
44,317.0,-0.018,0.0
45,350.0,-0.323,18.2
46,351.0,0.314,17.3
47,357.0,0.052,0.5
48,377.0,-0.152,4.4
49,377.0,-0.092,1.6
50,411.0,0.164,5.5
51,411.0,0.161,5.3
52,424.0,-0.057,0.7
53,426.0,-0.035,0.3
54,425.0,0.0,0.0
55,436.0,0.006,0.0
56,437.0,0.084,1.5
57,442.0,0.025,0.1
58,442.0,-0.061,0.8
59,468.0,-0.013,0.0
60,455.0,0.025,0.1
61,487.0,0.078,1.5
62,504.0,0.13,4.3
63,509.0,0.146,5.4
64,519.0,0.048,0.6
65,520.0,0.016,0.1
66,520.0,-0.076,1.5
67,545.0,-0.017,0.1
68,542.0,-0.024,0.2
69,565.0,-0.047,0.6
70,559.0,0.237,15.7
71,571.0,0.118,3.9
72,569.0,0.071,1.5
73,583.0,0.074,1.6
74,579.0,-0.335,32.5
75,590.0,-0.257,19.4
76,594.0,-0.007,0.0
77,616.0,-0.481,71.3
78,602.0,0.357,38.4
79,625.0,0.032,0.3
80,628.0,-0.103,3.4
81,634.0,-0.02,0.1
82,628.0,0.032,0.3
83,641.0,0.042,0.6
84,653.0,0.345,39.0
85,672.0,0.255,21.8
86,679.0,0.001,0.0
87,694.0,0.009,0.0
88,681.0,-0.011,0.0
89,699.0,-0.0,0.0
90,685.0,0.259,23.0
91,709.0,0.28,27.7
92,710.0,0.125,5.5
93,717.0,0.014,0.1
94,712.0,0.272,26.3
95,722.0,0.338,41.3
96,722.0,-0.025,0.2
97,736.0,-0.037,0.5
98,730.0,-0.009,0.0
99,745.0,-0.1,3.7
100,765.0,0.009,0.0
101,773.0,0.006,0.0
102,781.0,0.185,13.4
103,818.0,0.04,0.7
104,788.0,-0.0,0.0
105,832.0,-0.093,3.6
106,807.0,0.056,1.2
107,848.0,0.009,0.0
108,816.0,-0.034,0.5
109,861.0,-0.025,0.3
110,856.0,-0.0,0.0
111,867.0,-0.001,0.0
112,869.0,0.061,1.6
113,872.0,0.085,3.2
114,876.0,-0.002,0.0
115,878.0,-0.008,0.0
116,897.0,0.122,6.7
117,922.0,0.087,3.5
118,935.0,0.005,0.0
119,937.0,0.001,0.0
120,937.0,-0.039,0.7
121,951.0,-0.001,0.0
122,943.0,0.002,0.0
123,958.0,0.004,0.0
124,946.0,0.042,0.8
125,963.0,0.008,0.0
126,953.0,-0.132,8.3
127,969.0,-0.159,12.2
128,977.0,-0.027,0.4
129,990.0,-0.0,0.0
130,979.0,0.002,0.0
131,997.0,0.022,0.2
132,987.0,-0.11,6.0
133,1002.0,-0.107,5.8
134,999.0,-0.014,0.1
135,1027.0,-0.152,11.9
136,1014.0,0.124,7.7
137,1035.0,0.122,7.7
138,1034.0,0.047,1.2
139,1039.0,0.016,0.1
140,1072.0,-0.138,10.2
141,1082.0,-0.12,7.8
142,1101.0,-0.049,1.3
143,1110.0,-0.041,0.9
144,1131.0,-0.043,1.0
145,1143.0,-0.057,1.8
146,1141.0,-0.101,5.8
147,1145.0,-0.087,4.3
148,1154.0,0.006,0.0
149,1150.0,0.001,0.0
150,1179.0,-0.119,8.4
151,1178.0,-0.065,2.5
152,1182.0,0.144,12.3
153,1184.0,0.005,0.0
154,1194.0,0.06,2.1
155,1209.0,0.28,47.4
156,1208.0,-0.265,42.3
157,1213.0,-0.082,4.1
158,1224.0,0.204,25.5
159,1238.0,0.061,2.3
160,1256.0,-0.004,0.0
161,1255.0,-0.176,19.4
162,1268.0,-0.009,0.1
163,1270.0,-0.008,0.0
164,1277.0,-0.02,0.2
165,1275.0,-0.019,0.2
166,1317.0,0.127,10.6
167,1311.0,0.0,0.0
168,1321.0,-0.08,4.2
169,1324.0,-0.096,6.1
170,1328.0,0.239,38.0
171,1340.0,0.03,0.6
172,1340.0,0.094,5.9
173,1346.0,0.063,2.7
174,1349.0,0.114,8.7
175,1361.0,0.29,57.2
176,1356.0,-0.356,85.9
177,1404.0,-0.351,86.4
178,1424.0,-0.081,4.7
179,1421.0,-0.372,98.5
180,1432.0,-0.089,5.6
181,1439.0,-0.152,16.7
182,1444.0,0.025,0.5
183,1449.0,0.017,0.2
184,1458.0,0.327,78.1
185,1458.0,0.028,0.6
186,1465.0,-0.139,14.2
187,1463.0,-0.266,51.6
188,1475.0,0.198,28.8
189,1469.0,0.409,122.6
190,1479.0,-0.004,0.0
191,1489.0,-0.087,5.6
192,1486.0,0.239,42.5
193,1522.0,0.044,1.5
194,1493.0,-0.075,4.2
195,1531.0,-0.143,15.7
196,1497.0,0.095,6.8
197,1542.0,0.427,140.5
198,1500.0,-0.471,166.1
199,1557.0,-0.027,0.6
200,1537.0,-0.454,158.7
201,1592.0,-0.047,1.8
202,1579.0,0.038,1.2
203,1597.0,0.014,0.2
204,1619.0,0.091,6.7
205,1638.0,0.08,5.2
206,1634.0,-0.401,131.5
207,1645.0,-0.3,74.2
208,3021.0,-0.005,0.0
209,3028.0,-0.0,0.0
210,3046.0,-0.0,0.0
211,3056.0,-0.0,0.0
212,3163.0,-0.011,0.2
213,3167.0,-0.007,0.1
214,3164.0,-0.004,0.0
215,3168.0,-0.003,0.0
216,3176.0,0.001,0.0
217,3180.0,0.001,0.0
218,3181.0,-0.004,0.0
219,3181.0,-0.006,0.1
220,3182.0,-0.002,0.0
221,3184.0,-0.003,0.0
222,3188.0,-0.002,0.0
223,3191.0,-0.001,0.0
224,3195.0,-0.001,0.0
225,3198.0,-0.001,0.0
226,3201.0,0.003,0.0
227,3200.0,0.0,0.0
228,3209.0,-0.003,0.0
229,3203.0,-0.013,0.3
230,3219.0,-0.026,1.1
231,3207.0,-0.009,0.1
