,Frequencies,Displacement,Reorg Energy
0,-0.0,0.0,-0.0
1,-0.0,0.0,-0.0
2,-0.0,-0.0,-0.0
3,-0.0,-0.0,-0.0
4,-0.0,0.0,-0.0
5,-0.0,0.0,-0.0
6,0.0,-0.0,0.0
7,-0.0,-0.0,-0.0
8,0.0,-0.0,0.0
9,0.0,-0.0,0.0
10,0.0,-0.0,0.0
11,0.0,-0.0,0.0
12,14.0,1.725,20.5
13,14.0,1.663,19.2
14,19.0,-1.094,11.5
15,20.0,-1.349,18.2
16,27.0,-0.195,0.5
17,27.0,-0.236,0.7
18,46.0,-0.652,9.7
19,45.0,-0.576,7.5
20,66.0,0.676,15.2
21,65.0,0.695,15.7
22,76.0,-0.96,34.9
23,71.0,-0.63,14.1
24,102.0,-0.37,7.0
25,103.0,-0.228,2.7
26,121.0,-0.834,42.0
27,114.0,-0.581,19.2
28,137.0,0.188,2.4
29,135.0,0.095,0.6
30,141.0,-0.1,0.7
31,141.0,-0.056,0.2
32,157.0,0.356,9.9
33,153.0,0.207,3.3
34,183.0,-0.021,0.0
35,182.0,-0.079,0.6
36,191.0,-0.068,0.4
37,192.0,-0.048,0.2
38,219.0,0.075,0.6
39,216.0,0.057,0.4
40,236.0,0.03,0.1
41,231.0,0.001,0.0
42,245.0,-0.019,0.0
43,242.0,-0.029,0.1
44,265.0,-0.25,8.3
45,264.0,-0.19,4.8
46,272.0,-0.059,0.5
47,271.0,-0.03,0.1
48,300.0,0.012,0.0
49,301.0,0.038,0.2
50,332.0,-0.022,0.1
51,329.0,-0.002,0.0
52,333.0,0.12,2.4
53,335.0,0.088,1.3
54,375.0,-0.044,0.4
55,376.0,-0.025,0.1
56,404.0,-0.061,0.7
57,404.0,-0.053,0.6
58,414.0,-0.09,1.7
59,414.0,-0.087,1.6
60,418.0,-0.191,7.6
61,418.0,-0.129,3.5
62,438.0,0.059,0.8
63,435.0,0.051,0.6
64,448.0,0.093,1.9
65,439.0,0.085,1.6
66,454.0,0.036,0.3
67,447.0,0.009,0.0
68,474.0,-0.081,1.6
69,467.0,-0.052,0.6
70,482.0,0.085,1.7
71,480.0,0.059,0.8
72,500.0,-0.042,0.4
73,493.0,-0.038,0.4
74,513.0,-0.064,1.1
75,509.0,-0.055,0.8
76,515.0,0.007,0.0
77,515.0,0.007,0.0
78,525.0,0.005,0.0
79,523.0,0.012,0.0
80,535.0,-0.012,0.0
81,529.0,-0.045,0.5
82,549.0,0.12,3.9
83,545.0,0.087,2.1
84,559.0,0.008,0.0
85,558.0,0.003,0.0
86,564.0,-0.019,0.1
87,561.0,-0.016,0.1
88,574.0,-0.04,0.5
89,568.0,-0.031,0.3
90,577.0,0.013,0.0
91,573.0,0.014,0.1
92,594.0,0.078,1.8
93,595.0,0.101,3.1
94,614.0,-0.006,0.0
95,617.0,-0.0,0.0
96,625.0,0.024,0.2
97,619.0,0.003,0.0
98,631.0,-0.002,0.0
99,624.0,-0.005,0.0
100,634.0,0.003,0.0
101,639.0,0.006,0.0
102,667.0,-0.009,0.0
103,667.0,-0.003,0.0
104,679.0,0.07,1.7
105,669.0,0.005,0.0
106,688.0,-0.004,0.0
107,676.0,-0.046,0.7
108,697.0,-0.021,0.2
109,695.0,-0.053,1.0
110,699.0,-0.062,1.3
111,698.0,-0.014,0.1
112,717.0,-0.021,0.2
113,714.0,-0.021,0.2
114,726.0,0.006,0.0
115,724.0,0.014,0.1
116,740.0,0.057,1.2
117,739.0,0.043,0.7
118,751.0,0.011,0.0
119,750.0,0.009,0.0
120,771.0,-0.034,0.4
121,770.0,-0.036,0.5
122,788.0,0.02,0.2
123,789.0,0.007,0.0
124,799.0,-0.034,0.5
125,801.0,-0.04,0.6
126,806.0,0.011,0.1
127,809.0,0.08,2.6
128,810.0,0.089,3.2
129,811.0,0.011,0.0
130,822.0,-0.016,0.1
131,822.0,-0.011,0.1
132,827.0,0.004,0.0
133,826.0,0.011,0.1
134,834.0,-0.031,0.4
135,829.0,-0.032,0.4
136,837.0,-0.021,0.2
137,835.0,-0.005,0.0
138,848.0,-0.001,0.0
139,849.0,-0.004,0.0
140,852.0,0.0,0.0
141,855.0,0.009,0.0
142,877.0,0.004,0.0
143,869.0,0.0,0.0
144,878.0,-0.0,0.0
145,879.0,-0.005,0.0
146,906.0,0.026,0.3
147,906.0,0.015,0.1
148,942.0,-0.001,0.0
149,942.0,-0.0,0.0
150,948.0,0.004,0.0
151,948.0,0.008,0.0
152,951.0,0.011,0.1
153,949.0,0.003,0.0
154,956.0,-0.003,0.0
155,955.0,-0.012,0.1
156,959.0,0.0,0.0
157,958.0,0.005,0.0
158,968.0,0.003,0.0
159,964.0,0.001,0.0
160,971.0,0.004,0.0
161,974.0,0.013,0.1
162,982.0,-0.036,0.6
163,977.0,-0.011,0.1
164,990.0,-0.004,0.0
165,987.0,-0.008,0.0
166,992.0,0.004,0.0
167,988.0,0.015,0.1
168,1002.0,0.002,0.0
169,1000.0,0.003,0.0
170,1011.0,0.033,0.5
171,1015.0,0.034,0.6
172,1020.0,0.008,0.0
173,1019.0,0.024,0.3
174,1093.0,-0.033,0.6
175,1094.0,-0.045,1.1
176,1103.0,0.006,0.0
177,1099.0,0.01,0.1
178,1128.0,-0.021,0.2
179,1129.0,-0.034,0.6
180,1136.0,-0.005,0.0
181,1136.0,-0.031,0.5
182,1142.0,0.053,1.6
183,1140.0,0.06,2.0
184,1154.0,0.001,0.0
185,1152.0,0.001,0.0
186,1161.0,0.073,3.1
187,1162.0,0.058,2.0
188,1180.0,0.048,1.4
189,1174.0,0.05,1.5
190,1186.0,-0.013,0.1
191,1187.0,-0.027,0.4
192,1197.0,-0.017,0.2
193,1198.0,-0.031,0.6
194,1200.0,-0.029,0.5
195,1200.0,-0.024,0.3
196,1213.0,0.042,1.1
197,1210.0,0.036,0.8
198,1216.0,-0.024,0.3
199,1214.0,-0.012,0.1
200,1231.0,-0.034,0.7
201,1223.0,-0.019,0.2
202,1237.0,0.035,0.8
203,1235.0,0.042,1.1
204,1249.0,-0.039,1.0
205,1252.0,-0.033,0.7
206,1266.0,-0.081,4.2
207,1265.0,-0.056,2.0
208,1270.0,0.016,0.2
209,1266.0,0.057,2.0
210,1287.0,0.085,4.7
211,1287.0,0.093,5.6
212,1309.0,-0.034,0.8
213,1306.0,-0.026,0.4
214,1325.0,0.028,0.5
215,1323.0,0.061,2.4
216,1336.0,0.008,0.0
217,1323.0,0.012,0.1
218,1347.0,-0.046,1.4
219,1340.0,-0.059,2.3
220,1357.0,-0.092,5.7
221,1350.0,-0.075,3.8
222,1370.0,-0.019,0.3
223,1364.0,-0.052,1.9
224,1378.0,-0.038,1.0
225,1378.0,-0.023,0.4
226,1389.0,-0.049,1.6
227,1392.0,-0.062,2.7
228,1407.0,0.039,1.1
229,1404.0,0.047,1.6
230,1429.0,-0.086,5.3
231,1423.0,-0.08,4.6
232,1439.0,-0.016,0.2
233,1440.0,-0.034,0.8
234,1442.0,0.014,0.1
235,1447.0,0.019,0.3
236,1449.0,0.006,0.0
237,1448.0,0.017,0.2
238,1455.0,0.013,0.1
239,1453.0,0.03,0.6
240,1464.0,-0.039,1.1
241,1462.0,-0.027,0.5
242,1476.0,-0.022,0.4
243,1466.0,-0.035,0.9
244,1481.0,-0.011,0.1
245,1471.0,-0.016,0.2
246,1494.0,-0.002,0.0
247,1490.0,-0.016,0.2
248,1496.0,0.032,0.8
249,1498.0,0.008,0.0
250,1502.0,-0.048,1.7
251,1510.0,-0.011,0.1
252,1505.0,-0.048,1.8
253,1526.0,-0.066,3.3
254,1525.0,0.016,0.2
255,1531.0,0.076,4.4
256,1536.0,-0.066,3.4
257,1536.0,-0.038,1.1
258,1545.0,-0.005,0.0
259,1543.0,-0.053,2.1
260,1592.0,-0.034,0.9
261,1569.0,-0.001,0.0
262,1603.0,0.082,5.4
263,1581.0,0.014,0.2
264,1613.0,0.077,4.8
265,1595.0,0.001,0.0
266,1625.0,-0.13,13.7
267,1625.0,-0.048,1.9
268,1642.0,-0.05,2.0
269,1647.0,-0.17,23.9
270,3026.0,-0.006,0.1
271,3016.0,-0.005,0.0
272,3052.0,0.0,0.0
273,3038.0,0.0,0.0
274,3153.0,0.002,0.0
275,3159.0,0.002,0.0
276,3154.0,0.002,0.0
277,3162.0,0.002,0.0
278,3159.0,0.002,0.0
279,3165.0,0.008,0.1
280,3160.0,-0.007,0.1
281,3166.0,-0.001,0.0
282,3163.0,0.007,0.1
283,3167.0,0.006,0.1
284,3166.0,0.001,0.0
285,3173.0,0.001,0.0
286,3172.0,0.003,0.0
287,3175.0,0.009,0.1
288,3178.0,0.007,0.1
289,3177.0,0.004,0.0
290,3179.0,0.01,0.2
291,3182.0,0.004,0.0
292,3180.0,-0.009,0.1
293,3185.0,-0.002,0.0
294,3191.0,0.004,0.0
295,3186.0,0.01,0.2
296,3196.0,-0.007,0.1
297,3192.0,-0.001,0.0
298,3202.0,-0.003,0.0
299,3198.0,-0.003,0.0
300,3205.0,-0.005,0.0
301,3209.0,-0.007,0.1
302,3217.0,0.005,0.0
303,3211.0,0.003,0.0
