,Frequencies,Displacement,Reorg Energy
0,-0.0,-0.0,-0.0
1,-0.0,-0.0,-0.0
2,-0.0,-0.0,-0.0
3,-0.0,-0.0,-0.0
4,0.0,-0.0,0.0
5,-0.0,-0.0,-0.0
6,0.0,-0.0,0.0
7,0.0,-0.0,0.0
8,0.0,0.0,0.0
9,0.0,0.0,0.0
10,0.0,-0.0,0.0
11,0.0,-0.0,0.0
12,6.0,-11.788,384.7
13,7.0,-3.905,55.6
14,9.0,-3.47,53.6
15,14.0,-9.236,586.3
16,12.0,-2.705,43.0
17,15.0,-13.207,1289.4
18,22.0,-1.582,27.6
19,25.0,-0.228,0.7
20,28.0,1.018,14.7
21,28.0,0.128,0.2
22,40.0,5.117,525.6
23,40.0,1.124,25.4
24,43.0,5.579,674.1
25,55.0,0.31,2.6
26,52.0,-3.319,288.4
27,58.0,-2.779,223.3
28,56.0,-4.817,646.9
29,65.0,-21.161,14638.2
30,66.0,0.419,5.8
31,71.0,5.235,967.5
32,75.0,-2.793,293.5
33,86.0,-5.767,1429.7
34,87.0,1.993,172.0
35,92.0,3.193,469.6
36,96.0,0.036,0.1
37,94.0,6.997,2302.0
38,99.0,3.356,558.3
39,105.0,3.296,571.5
40,105.0,0.943,46.6
41,111.0,12.665,8934.8
42,122.0,-1.212,89.3
43,126.0,-0.459,13.3
44,134.0,0.085,0.5
45,141.0,0.891,55.8
46,144.0,-0.736,39.0
47,155.0,-0.475,17.5
48,164.0,3.817,1191.2
49,169.0,4.148,1457.8
50,175.0,-1.45,183.4
51,181.0,-1.592,229.5
52,182.0,-0.562,28.7
53,189.0,-0.256,6.2
54,189.0,-2.733,703.9
55,197.0,-1.807,321.1
56,204.0,-0.93,88.1
57,204.0,-0.214,4.7
58,206.0,-1.623,271.9
59,212.0,-1.417,213.4
60,218.0,1.932,406.0
61,224.0,0.162,2.9
62,228.0,-1.791,366.0
63,233.0,-1.841,395.0
64,235.0,4.462,2337.0
65,235.0,4.755,2651.4
66,237.0,-0.808,77.3
67,236.0,-1.034,126.2
68,253.0,-0.359,16.4
69,252.0,-0.05,0.3
70,264.0,-0.754,74.9
71,264.0,-0.402,21.3
72,272.0,-0.449,27.4
73,277.0,-0.518,37.1
74,282.0,-2.491,876.1
75,291.0,-5.106,3788.0
76,290.0,-4.308,2692.6
77,300.0,-0.462,32.0
78,315.0,0.27,11.5
79,311.0,0.102,1.6
80,330.0,1.203,238.5
81,334.0,3.177,1683.5
82,341.0,1.492,379.3
83,344.0,0.095,1.6
84,355.0,-0.442,34.8
85,349.0,-4.543,3605.3
86,359.0,-0.383,26.3
87,365.0,-1.591,461.7
88,381.0,0.058,0.6
89,373.0,1.758,576.0
90,391.0,0.031,0.2
91,394.0,0.62,75.7
92,395.0,-1.199,284.0
93,396.0,-0.071,1.0
94,420.0,0.039,0.3
95,409.0,3.483,2483.8
96,431.0,1.53,504.6
97,418.0,0.083,1.4
98,436.0,-1.951,829.6
99,428.0,-0.114,2.8
100,437.0,0.004,0.0
101,435.0,1.994,865.2
102,439.0,-0.645,91.1
103,443.0,-0.74,121.2
104,446.0,-1.513,510.8
105,443.0,-0.104,2.4
106,448.0,0.013,0.0
107,448.0,0.234,12.3
108,452.0,-2.044,943.4
109,454.0,-2.754,1721.3
110,467.0,-2.073,1003.1
111,464.0,-0.108,2.7
112,470.0,-0.189,8.4
113,467.0,-0.875,178.8
114,480.0,0.878,184.9
115,471.0,2.982,2095.7
116,480.0,-0.235,13.2
117,499.0,-1.042,271.2
118,484.0,1.377,458.1
119,504.0,0.772,150.1
120,499.0,0.279,19.4
121,504.0,0.133,4.4
122,512.0,-0.053,0.7
123,509.0,-0.436,48.5
124,519.0,-0.007,0.0
125,517.0,-0.067,1.2
126,534.0,-0.304,24.6
127,526.0,-0.172,7.7
128,535.0,0.086,2.0
129,534.0,0.267,19.1
130,552.0,0.707,137.9
131,548.0,0.533,77.8
132,561.0,0.021,0.1
133,560.0,0.058,0.9
134,571.0,0.061,1.1
135,572.0,0.101,2.9
136,578.0,-0.038,0.4
137,580.0,-0.029,0.2
138,585.0,0.191,10.6
139,583.0,0.424,52.3
140,586.0,-0.255,19.1
141,592.0,-0.465,64.1
142,597.0,-0.458,62.7
143,597.0,-0.076,1.7
144,612.0,0.51,79.4
145,605.0,0.014,0.1
146,623.0,0.018,0.1
147,624.0,0.011,0.0
148,631.0,-0.024,0.2
149,626.0,-0.005,0.0
150,633.0,-0.069,1.5
151,636.0,-0.12,4.6
152,647.0,0.151,7.4
153,647.0,0.01,0.0
154,659.0,0.166,9.1
155,659.0,0.169,9.4
156,665.0,0.124,5.1
157,662.0,0.155,8.0
158,667.0,-0.024,0.2
159,667.0,-0.011,0.0
160,697.0,0.053,1.0
161,690.0,0.13,5.8
162,698.0,0.138,6.7
163,709.0,0.146,7.6
164,712.0,-0.127,5.7
165,713.0,-0.084,2.5
166,714.0,-0.031,0.3
167,715.0,-0.097,3.4
168,717.0,0.062,1.4
169,730.0,0.306,34.2
170,726.0,0.038,0.5
171,740.0,0.034,0.4
172,742.0,-0.095,3.4
173,741.0,-0.012,0.1
174,746.0,0.098,3.6
175,748.0,0.186,13.0
176,751.0,-0.036,0.5
177,758.0,-0.088,3.0
178,763.0,-0.022,0.2
179,758.0,-0.102,3.9
180,772.0,0.042,0.7
181,770.0,0.107,4.4
182,786.0,-0.169,11.2
183,786.0,-0.141,7.8
184,800.0,-0.022,0.2
185,802.0,-0.045,0.8
186,803.0,-0.125,6.3
187,808.0,-0.21,17.8
188,811.0,0.082,2.7
189,810.0,0.317,40.7
190,817.0,-0.206,17.3
191,815.0,-0.006,0.0
192,822.0,-0.008,0.0
193,816.0,-0.029,0.3
194,834.0,0.011,0.1
195,820.0,0.014,0.1
196,836.0,0.166,11.5
197,822.0,0.1,4.1
198,844.0,0.254,27.1
199,825.0,0.026,0.3
200,855.0,0.107,4.9
201,831.0,0.085,3.0
202,858.0,0.342,50.3
203,837.0,0.102,4.4
204,865.0,0.017,0.1
205,838.0,0.21,18.4
206,865.0,-0.025,0.3
207,849.0,-0.094,3.8
208,870.0,0.023,0.2
209,857.0,0.009,0.0
210,872.0,-0.005,0.0
211,861.0,-0.014,0.1
212,877.0,0.024,0.3
213,903.0,0.004,0.0
214,912.0,0.152,10.6
215,908.0,0.155,10.9
216,923.0,-0.163,12.3
217,919.0,-0.203,18.9
218,928.0,0.148,10.1
219,930.0,0.287,38.2
220,937.0,0.003,0.0
221,943.0,1.485,1039.2
222,946.0,1.387,909.3
223,950.0,0.008,0.0
224,957.0,-2.127,2165.3
225,955.0,-2.052,2010.2
226,958.0,-0.027,0.3
227,957.0,-0.153,11.3
228,965.0,-0.061,1.8
229,962.0,-0.046,1.0
230,970.0,0.29,40.8
231,970.0,0.076,2.8
232,980.0,0.384,72.2
233,973.0,0.118,6.8
234,987.0,-0.152,11.4
235,973.0,-0.035,0.6
236,992.0,-0.016,0.1
237,975.0,-0.131,8.3
238,997.0,0.007,0.0
239,983.0,0.013,0.1
240,1001.0,-0.007,0.0
241,986.0,-0.025,0.3
242,1002.0,-0.164,13.5
243,987.0,-0.293,42.3
244,1006.0,0.006,0.0
245,997.0,0.026,0.3
246,1029.0,0.132,8.9
247,1024.0,0.341,59.5
248,1035.0,-0.088,4.0
249,1031.0,-0.669,230.5
250,1063.0,0.042,0.9
251,1066.0,0.139,10.3
252,1081.0,-0.064,2.2
253,1079.0,-0.162,14.1
254,1101.0,0.387,82.5
255,1082.0,0.538,156.7
256,1110.0,0.015,0.1
257,1094.0,0.129,9.0
258,1134.0,0.057,1.8
259,1107.0,0.059,1.9
260,1149.0,0.002,0.0
261,1146.0,0.168,16.2
262,1150.0,0.006,0.0
263,1152.0,0.051,1.5
264,1156.0,-1.497,1294.6
265,1155.0,-1.37,1084.3
266,1160.0,0.132,10.2
267,1158.0,0.455,120.0
268,1166.0,0.172,17.3
269,1164.0,0.044,1.1
270,1172.0,-0.77,347.1
271,1164.0,-0.003,0.0
272,1176.0,0.011,0.1
273,1174.0,0.377,83.5
274,1194.0,-1.435,1229.4
275,1188.0,-1.298,1001.4
276,1200.0,0.538,174.0
277,1190.0,0.597,212.1
278,1205.0,-0.13,10.1
279,1196.0,-1.104,729.1
280,1210.0,0.416,105.0
281,1199.0,0.997,595.7
282,1212.0,0.058,2.0
283,1205.0,0.169,17.1
284,1221.0,0.267,43.4
285,1220.0,0.994,602.4
286,1221.0,0.536,175.6
287,1226.0,0.822,414.2
288,1235.0,0.231,32.8
289,1230.0,0.807,400.9
290,1241.0,-0.729,329.7
291,1236.0,-0.59,214.7
292,1251.0,-0.268,45.0
293,1247.0,-0.127,10.0
294,1260.0,-0.046,1.3
295,1265.0,-0.024,0.4
296,1268.0,0.098,6.1
297,1280.0,0.056,2.0
298,1269.0,0.226,32.4
299,1280.0,0.053,1.8
300,1309.0,0.415,112.8
301,1298.0,0.673,294.0
302,1314.0,0.029,0.6
303,1304.0,1.005,658.5
304,1316.0,-0.033,0.7
305,1318.0,-0.012,0.1
306,1326.0,-0.266,47.0
307,1328.0,-0.547,198.5
308,1333.0,-0.004,0.0
309,1337.0,-0.462,142.4
310,1337.0,0.073,3.6
311,1341.0,0.496,164.6
312,1356.0,-0.073,3.6
313,1346.0,-0.099,6.6
314,1361.0,0.221,33.3
315,1358.0,0.048,1.6
316,1369.0,-0.087,5.2
317,1363.0,-0.305,63.6
318,1375.0,-0.204,28.5
319,1368.0,-0.444,134.8
320,1382.0,-5.871,23822.9
321,1372.0,-0.211,30.6
322,1385.0,0.904,566.5
323,1384.0,4.945,16921.4
324,1401.0,-1.968,2713.7
325,1393.0,-0.156,17.0
326,1404.0,-0.328,75.6
327,1393.0,-0.042,1.2
328,1407.0,0.054,2.0
329,1397.0,3.85,10352.9
330,1417.0,0.102,7.3
331,1410.0,0.238,40.0
332,1421.0,-0.228,37.0
333,1424.0,-0.704,352.8
334,1429.0,-0.019,0.3
335,1430.0,-0.389,108.2
336,1437.0,0.768,424.1
337,1438.0,0.654,307.2
338,1438.0,-0.236,39.9
339,1444.0,-0.009,0.1
340,1446.0,0.07,3.5
341,1458.0,0.119,10.3
342,1455.0,-0.285,59.1
343,1463.0,-0.062,2.9
344,1458.0,0.019,0.3
345,1465.0,0.315,72.5
346,1470.0,-0.425,132.9
347,1470.0,-0.174,22.1
348,1477.0,-0.179,23.8
349,1471.0,-0.018,0.2
350,1485.0,-1.122,934.6
351,1477.0,-0.036,1.0
352,1491.0,0.018,0.2
353,1483.0,0.014,0.2
354,1498.0,0.082,5.0
355,1484.0,1.191,1052.0
356,1505.0,0.281,59.6
357,1487.0,0.1,7.4
358,1506.0,-0.02,0.3
359,1495.0,-0.075,4.2
360,1523.0,0.185,26.1
361,1507.0,0.215,34.8
362,1527.0,-0.114,9.8
363,1524.0,-0.223,37.9
364,1535.0,-0.097,7.2
365,1535.0,-0.317,77.1
366,1543.0,-0.017,0.2
367,1537.0,-0.002,0.0
368,1559.0,0.066,3.4
369,1541.0,0.282,61.4
370,1561.0,-0.019,0.3
371,1561.0,-0.177,24.4
372,1604.0,0.375,112.9
373,1573.0,0.067,3.5
374,1608.0,0.007,0.0
375,1574.0,0.001,0.0
376,1615.0,-0.029,0.7
377,1581.0,-0.018,0.3
378,1620.0,-0.5,202.3
379,1593.0,-0.016,0.2
380,1631.0,-0.047,1.8
381,1613.0,-0.02,0.3
382,1631.0,0.081,5.3
383,1620.0,0.312,78.8
384,1648.0,0.08,5.3
385,1623.0,0.752,459.2
386,1649.0,0.023,0.4
387,1631.0,0.267,58.3
388,1713.0,0.084,6.0
389,1679.0,0.097,7.9
390,1734.0,-0.005,0.0
391,1706.0,-0.001,0.0
392,1751.0,0.18,28.4
393,1715.0,0.093,7.4
394,1768.0,0.221,43.3
395,1737.0,0.758,498.7
396,3028.0,0.018,0.5
397,3028.0,0.013,0.2
398,3035.0,0.021,0.7
399,3033.0,0.013,0.3
400,3039.0,0.001,0.0
401,3045.0,0.013,0.3
402,3055.0,-0.0,0.0
403,3076.0,-0.0,0.0
404,3093.0,0.006,0.1
405,3085.0,0.018,0.5
406,3096.0,0.016,0.4
407,3088.0,0.0,0.0
408,3113.0,0.009,0.1
409,3108.0,0.006,0.1
410,3133.0,-0.18,50.9
411,3131.0,-0.184,52.9
412,3144.0,0.003,0.0
413,3141.0,0.0,0.0
414,3176.0,0.019,0.6
415,3174.0,0.038,2.3
416,3179.0,0.025,1.0
417,3190.0,0.003,0.0
418,3193.0,0.013,0.3
419,3190.0,0.002,0.0
420,3194.0,0.001,0.0
421,3194.0,0.024,1.0
422,3194.0,0.0,0.0
423,3196.0,0.001,0.0
424,3195.0,-0.027,1.1
425,3197.0,-0.001,0.0
426,3199.0,0.014,0.3
427,3206.0,0.003,0.0
428,3201.0,0.0,0.0
429,3207.0,0.003,0.0
430,3201.0,0.02,0.6
431,3220.0,0.002,0.0
432,3201.0,0.0,0.0
433,3220.0,0.008,0.1
434,3208.0,-0.002,0.0
435,3222.0,-0.008,0.1
436,3208.0,0.003,0.0
437,3234.0,0.017,0.5
438,3218.0,0.004,0.0
439,3247.0,0.333,179.7
440,3218.0,0.006,0.1
441,3248.0,0.287,133.6
