,Frequencies,Displacement,Reorg Energy
0,-0.0,0.0,-0.0
1,-0.0,0.0,-0.0
2,0.0,-0.0,0.0
3,-0.0,-0.0,-0.0
4,0.0,-0.0,0.0
5,-0.0,-0.0,-0.0
6,0.0,-0.0,0.0
7,0.0,-0.0,0.0
8,0.0,-0.0,0.0
9,0.0,-0.0,0.0
10,0.0,-0.0,0.0
11,0.0,-0.0,0.0
12,25.0,-0.001,0.0
13,24.0,-0.011,0.0
14,50.0,-0.017,0.0
15,34.0,-0.005,0.0
16,54.0,0.161,0.7
17,58.0,0.161,0.7
18,71.0,0.002,0.0
19,89.0,0.002,0.0
20,127.0,0.003,0.0
21,142.0,0.003,0.0
22,150.0,-0.003,0.0
23,168.0,-0.543,24.8
24,167.0,0.571,27.1
25,171.0,0.002,0.0
26,190.0,0.004,0.0
27,192.0,0.001,0.0
28,216.0,-0.774,64.8
29,217.0,-0.797,69.0
30,232.0,0.003,0.0
31,252.0,0.005,0.0
32,253.0,0.002,0.0
33,264.0,0.003,0.0
34,290.0,0.178,4.6
35,288.0,0.172,4.3
36,294.0,0.002,0.0
37,316.0,0.002,0.0
38,396.0,0.041,0.3
39,400.0,0.033,0.2
40,412.0,-0.002,0.0
41,435.0,-0.001,0.0
42,428.0,-0.009,0.0
43,436.0,-0.015,0.1
44,435.0,-0.001,0.0
45,467.0,-0.002,0.0
46,453.0,0.0,0.0
47,492.0,0.001,0.0
48,494.0,-0.172,7.3
49,496.0,-0.218,11.8
50,500.0,-0.244,14.9
51,509.0,-0.203,10.5
52,521.0,-0.001,0.0
53,553.0,-0.001,0.0
54,549.0,0.002,0.0
55,571.0,0.208,12.3
56,551.0,0.437,52.5
57,579.0,0.001,0.0
58,563.0,0.067,1.3
59,581.0,0.167,8.1
60,579.0,-0.891,229.7
61,605.0,-0.949,272.7
62,585.0,0.003,0.0
63,615.0,0.003,0.0
64,622.0,-0.252,19.7
65,637.0,-0.0,0.0
66,625.0,-0.003,0.0
67,656.0,-0.335,36.8
68,670.0,-0.001,0.0
69,691.0,-0.23,18.3
70,672.0,-0.139,6.5
71,702.0,-0.001,0.0
72,697.0,-0.05,0.9
73,714.0,-0.136,6.6
74,705.0,0.167,9.9
75,716.0,0.039,0.5
76,724.0,0.0,0.0
77,736.0,0.0,0.0
78,765.0,-0.0,0.0
79,771.0,-0.0,0.0
80,793.0,-0.027,0.3
81,812.0,-0.004,0.0
82,813.0,-0.094,3.6
83,834.0,-0.087,3.2
84,819.0,0.001,0.0
85,866.0,0.0,0.0
86,852.0,0.0,0.0
87,874.0,0.0,0.0
88,871.0,-0.0,0.0
89,884.0,-0.0,0.0
90,911.0,-0.203,18.8
91,925.0,-0.177,14.5
92,937.0,0.0,0.0
93,941.0,0.0,0.0
94,937.0,-0.061,1.7
95,949.0,-0.0,0.0
96,949.0,-0.0,0.0
97,955.0,-0.132,8.3
98,974.0,-0.131,8.3
99,988.0,-0.0,0.0
100,980.0,-0.0,0.0
101,1002.0,-0.133,8.9
102,992.0,0.037,0.7
103,1024.0,0.126,8.2
104,1028.0,-0.048,1.2
105,1038.0,-0.032,0.5
106,1065.0,-0.141,10.6
107,1079.0,-0.163,14.3
108,1097.0,-0.015,0.1
109,1110.0,-0.032,0.6
110,1132.0,0.305,52.5
111,1143.0,0.134,10.2
112,1146.0,-0.242,33.6
113,1151.0,-0.0,0.0
114,1152.0,-0.0,0.0
115,1166.0,-0.019,0.2
116,1163.0,-0.012,0.1
117,1183.0,-0.012,0.1
118,1182.0,0.059,2.1
119,1190.0,0.231,31.7
120,1208.0,-0.117,8.3
121,1211.0,-0.037,0.8
122,1257.0,-0.045,1.3
123,1267.0,-0.03,0.6
124,1271.0,-0.234,34.9
125,1275.0,-0.182,21.1
126,1278.0,0.24,36.8
127,1311.0,0.345,77.9
128,1327.0,-0.06,2.4
129,1343.0,-0.274,50.5
130,1340.0,0.106,7.5
131,1357.0,0.329,73.4
132,1360.0,0.171,19.9
133,1406.0,0.36,91.2
134,1370.0,-0.459,144.0
135,1415.0,-0.41,119.0
136,1427.0,-0.128,11.6
137,1439.0,-0.259,48.1
138,1443.0,-0.11,8.7
139,1459.0,-0.15,16.3
140,1458.0,-0.193,27.3
141,1461.0,-0.527,202.7
142,1466.0,-0.057,2.4
143,1470.0,-0.401,118.5
144,1479.0,0.459,155.9
145,1488.0,0.103,7.9
146,1493.0,-0.169,21.2
147,1520.0,-0.08,4.9
148,1514.0,-0.788,470.1
149,1530.0,-0.127,12.4
150,1534.0,0.188,27.2
151,1546.0,0.529,216.5
152,1564.0,-0.115,10.3
153,1596.0,-0.092,6.8
154,1612.0,0.066,3.5
155,1635.0,0.009,0.1
156,3006.0,-0.005,0.0
157,3031.0,-0.011,0.2
158,3026.0,-0.0,0.0
159,3059.0,-0.0,0.0
160,3167.0,-0.003,0.0
161,3168.0,-0.002,0.0
162,3178.0,0.002,0.0
163,3180.0,0.002,0.0
164,3190.0,-0.0,0.0
165,3191.0,-0.0,0.0
166,3198.0,0.004,0.0
167,3198.0,0.005,0.0
168,3198.0,0.001,0.0
169,3201.0,0.001,0.0
170,3228.0,-0.016,0.4
171,3221.0,-0.016,0.4
