,Frequencies,Displacement,Reorg Energy
0,-0.0,0.0,-0.0
1,-0.0,0.0,-0.0
2,-0.0,-0.0,-0.0
3,-0.0,-0.0,-0.0
4,0.0,0.0,0.0
5,-0.0,0.0,-0.0
6,0.0,0.0,0.0
7,0.0,0.0,0.0
8,0.0,-0.0,0.0
9,0.0,-0.0,0.0
10,0.0,0.0,0.0
11,0.0,0.0,0.0
12,6.0,7.141,141.2
13,7.0,7.852,222.7
14,9.0,-0.126,0.1
15,9.0,-1.322,7.6
16,12.0,1.014,6.0
17,12.0,0.015,0.0
18,22.0,-6.463,460.7
19,27.0,-4.407,263.2
20,28.0,-3.141,140.0
21,30.0,-10.092,1503.3
22,40.0,5.889,696.2
23,40.0,5.075,509.7
24,43.0,6.277,853.2
25,42.0,4.819,492.8
26,52.0,-14.039,5160.5
27,54.0,-12.184,3989.7
28,56.0,-18.879,9935.7
29,57.0,-19.612,10913.1
30,66.0,-5.879,1138.5
31,65.0,-6.901,1549.8
32,75.0,-12.796,6158.2
33,77.0,-13.798,7316.5
34,87.0,11.496,5720.9
35,90.0,7.981,2853.4
36,96.0,-3.459,572.1
37,94.0,-5.264,1304.6
38,99.0,0.052,0.1
39,99.0,0.03,0.0
40,105.0,-4.379,1004.1
41,104.0,-5.169,1391.4
42,122.0,-1.3,102.7
43,121.0,-0.769,35.9
44,134.0,2.308,357.2
45,138.0,1.812,226.4
46,144.0,-0.687,34.0
47,144.0,-0.63,28.5
48,164.0,10.941,9788.6
49,168.0,12.131,12352.6
50,175.0,-6.96,4228.9
51,176.0,-4.161,1519.5
52,182.0,-0.483,21.2
53,183.0,-3.032,843.0
54,189.0,-5.872,3249.9
55,192.0,-4.212,1706.8
56,204.0,2.235,508.6
57,204.0,1.462,218.0
58,206.0,-2.137,471.3
59,208.0,-1.158,139.4
60,218.0,-1.224,162.9
61,213.0,-0.116,1.4
62,228.0,-1.241,175.7
63,228.0,-0.511,29.8
64,235.0,12.567,18537.7
65,235.0,15.615,28590.3
66,237.0,-10.137,12169.7
67,236.0,-4.16,2039.4
68,253.0,0.241,7.4
69,253.0,0.293,10.9
70,264.0,1.202,190.6
71,257.0,2.781,992.3
72,272.0,-1.79,435.2
73,263.0,-1.418,264.7
74,282.0,0.603,51.4
75,283.0,0.212,6.3
76,290.0,0.513,38.2
77,290.0,0.134,2.6
78,315.0,1.065,178.5
79,302.0,1.235,230.6
80,330.0,1.197,235.9
81,321.0,0.255,10.4
82,341.0,0.604,62.2
83,334.0,1.765,519.8
84,355.0,-0.838,124.6
85,349.0,-0.307,16.4
86,359.0,0.688,85.0
87,353.0,0.606,64.9
88,381.0,-0.534,54.4
89,381.0,-0.567,61.4
90,391.0,0.073,1.0
91,390.0,0.092,1.7
92,395.0,-0.151,4.5
93,393.0,-0.162,5.2
94,420.0,0.333,23.3
95,417.0,0.46,44.2
96,431.0,0.132,3.7
97,419.0,0.186,7.3
98,436.0,-0.102,2.3
99,432.0,-0.315,21.4
100,437.0,-1.014,224.5
101,437.0,-0.842,154.7
102,439.0,0.552,66.8
103,438.0,1.052,242.2
104,446.0,-2.332,1213.0
105,439.0,-0.431,40.9
106,448.0,0.333,24.8
107,446.0,0.967,208.5
108,452.0,-0.952,204.5
109,449.0,-2.424,1318.2
110,467.0,0.543,68.7
111,464.0,0.455,48.0
112,470.0,0.077,1.4
113,469.0,0.184,7.9
114,480.0,0.154,5.7
115,478.0,0.482,55.5
116,480.0,-0.728,127.3
117,486.0,-0.573,79.8
118,484.0,1.478,528.0
119,495.0,1.324,434.4
120,499.0,1.494,556.7
121,500.0,1.123,315.5
122,512.0,-0.536,73.7
123,506.0,-0.311,24.5
124,519.0,0.234,14.1
125,510.0,0.88,197.5
126,534.0,0.986,259.5
127,518.0,0.05,0.6
128,535.0,0.182,8.8
129,533.0,1.12,334.8
130,552.0,0.777,166.3
131,548.0,0.086,2.0
132,561.0,-0.043,0.5
133,561.0,-0.128,4.6
134,571.0,0.102,3.0
135,571.0,0.118,3.9
136,578.0,-0.024,0.2
137,573.0,-0.488,68.3
138,585.0,0.296,25.7
139,574.0,0.25,17.9
140,586.0,-0.278,22.7
141,579.0,-0.144,6.0
142,597.0,-0.357,38.1
143,585.0,-0.216,13.7
144,612.0,-2.271,1577.5
145,605.0,-0.1,3.0
146,623.0,-0.028,0.2
147,611.0,-2.227,1516.2
148,631.0,0.105,3.5
149,616.0,0.003,0.0
150,633.0,-0.161,8.2
151,633.0,-0.142,6.4
152,647.0,0.77,191.9
153,635.0,0.377,45.1
154,659.0,-0.024,0.2
155,649.0,-0.698,158.2
156,665.0,-0.686,156.5
157,653.0,-0.107,3.7
158,667.0,-0.011,0.0
159,663.0,-0.457,69.2
160,697.0,-0.06,1.3
161,678.0,-0.058,1.1
162,698.0,-0.06,1.2
163,695.0,-0.23,18.3
164,712.0,5.946,12580.9
165,697.0,0.019,0.1
166,714.0,1.038,384.8
167,705.0,1.325,618.9
168,717.0,-1.882,1269.7
169,709.0,-2.403,2047.2
170,726.0,-1.27,585.3
171,710.0,-1.83,1189.2
172,742.0,0.046,0.8
173,714.0,5.481,10722.3
174,746.0,0.232,20.0
175,727.0,1.062,410.2
176,751.0,-0.049,0.9
177,744.0,-0.199,14.8
178,763.0,0.045,0.8
179,753.0,0.033,0.4
180,772.0,-0.074,2.1
181,760.0,-0.072,2.0
182,786.0,-0.096,3.6
183,761.0,-0.157,9.4
184,800.0,-0.034,0.5
185,771.0,-0.019,0.1
186,803.0,-0.053,1.1
187,799.0,-0.037,0.6
188,811.0,0.017,0.1
189,807.0,0.057,1.3
190,817.0,-2.093,1788.3
191,812.0,-0.041,0.7
192,822.0,0.829,282.6
193,815.0,0.005,0.0
194,834.0,0.517,111.2
195,816.0,2.017,1660.3
196,836.0,-0.311,40.4
197,820.0,-0.974,388.9
198,844.0,0.059,1.5
199,829.0,0.065,1.7
200,855.0,-0.475,96.3
201,831.0,-0.445,82.4
202,858.0,-0.28,33.6
203,833.0,-0.229,21.8
204,865.0,-0.004,0.0
205,834.0,-0.386,62.3
206,865.0,0.003,0.0
207,842.0,0.019,0.1
208,870.0,0.005,0.0
209,854.0,0.37,58.3
210,872.0,0.002,0.0
211,858.0,0.203,17.7
212,877.0,0.05,1.1
213,877.0,0.05,1.1
214,912.0,0.119,6.5
215,905.0,0.097,4.2
216,923.0,-1.467,993.7
217,922.0,-1.166,627.2
218,928.0,-0.216,21.7
219,924.0,-0.942,410.1
220,937.0,-0.022,0.2
221,934.0,-0.083,3.2
222,946.0,-0.597,168.3
223,937.0,-0.028,0.4
224,957.0,0.464,103.2
225,945.0,0.506,121.2
226,958.0,1.627,1267.8
227,957.0,0.408,79.6
228,965.0,0.624,187.6
229,958.0,1.597,1221.5
230,970.0,0.284,39.1
231,964.0,0.664,212.6
232,980.0,0.128,8.1
233,968.0,0.365,64.4
234,987.0,0.081,3.2
235,974.0,0.004,0.0
236,992.0,-0.0,0.0
237,976.0,-0.011,0.1
238,997.0,-0.003,0.0
239,978.0,-0.027,0.4
240,1001.0,-0.001,0.0
241,988.0,-0.001,0.0
242,1002.0,2.154,2324.6
243,988.0,0.005,0.0
244,1006.0,-0.004,0.0
245,1002.0,-2.152,2318.5
246,1029.0,-1.757,1588.5
247,1029.0,-1.752,1578.5
248,1035.0,0.762,300.3
249,1035.0,0.792,324.3
250,1063.0,0.009,0.0
251,1061.0,0.054,1.6
252,1081.0,0.156,13.2
253,1083.0,0.056,1.7
254,1101.0,0.102,5.8
255,1095.0,0.097,5.2
256,1110.0,0.538,160.6
257,1110.0,0.536,159.3
258,1134.0,0.102,5.9
259,1134.0,0.101,5.8
260,1149.0,0.001,0.0
261,1136.0,0.017,0.2
262,1150.0,-0.009,0.0
263,1149.0,-0.002,0.0
264,1156.0,0.013,0.1
265,1155.0,0.062,2.3
266,1160.0,-0.01,0.1
267,1157.0,-0.06,2.1
268,1166.0,-0.021,0.2
269,1163.0,-0.005,0.0
270,1172.0,0.042,1.0
271,1164.0,0.088,4.5
272,1176.0,0.178,18.7
273,1175.0,0.027,0.4
274,1194.0,0.039,0.9
275,1176.0,0.161,15.2
276,1200.0,0.004,0.0
277,1186.0,0.008,0.0
278,1205.0,-0.046,1.3
279,1196.0,-0.026,0.4
280,1210.0,0.005,0.0
281,1203.0,0.019,0.2
282,1212.0,0.349,73.6
283,1206.0,0.007,0.0
284,1221.0,0.036,0.8
285,1212.0,0.334,67.8
286,1221.0,0.044,1.2
287,1224.0,0.08,4.0
288,1235.0,0.84,435.8
289,1233.0,0.166,17.0
290,1241.0,-0.121,9.0
291,1235.0,-0.848,444.0
292,1251.0,-0.066,2.8
293,1242.0,-0.04,1.0
294,1260.0,-0.005,0.0
295,1251.0,-0.073,3.4
296,1268.0,0.12,9.2
297,1263.0,0.014,0.1
298,1269.0,0.079,3.9
299,1268.0,0.133,11.2
300,1309.0,0.238,37.2
301,1299.0,0.677,297.5
302,1314.0,0.125,10.2
303,1316.0,0.039,1.0
304,1316.0,-0.014,0.1
305,1317.0,-0.249,40.9
306,1326.0,-0.632,264.8
307,1318.0,-0.005,0.0
308,1333.0,0.069,3.2
309,1334.0,0.04,1.1
310,1337.0,0.022,0.3
311,1351.0,0.18,21.9
312,1356.0,-1.258,1072.1
313,1357.0,-1.725,2018.9
314,1361.0,5.089,17624.6
315,1361.0,4.945,16645.6
316,1369.0,-0.016,0.2
317,1366.0,-0.079,4.2
318,1375.0,0.177,21.6
319,1380.0,0.074,3.8
320,1382.0,-0.822,467.3
321,1382.0,-0.849,498.5
322,1385.0,0.648,290.5
323,1392.0,0.025,0.4
324,1401.0,-0.237,39.2
325,1400.0,-0.223,34.8
326,1404.0,2.356,3895.5
327,1404.0,1.951,2672.1
328,1407.0,0.399,112.2
329,1404.0,1.462,1499.8
330,1417.0,-0.003,0.0
331,1416.0,-0.036,0.9
332,1421.0,-0.324,74.7
333,1420.0,-0.407,117.9
334,1429.0,-0.047,1.6
335,1430.0,-0.376,100.9
336,1437.0,-0.345,85.4
337,1438.0,-9.16,60328.6
338,1438.0,-9.141,60088.0
339,1439.0,-0.102,7.5
340,1446.0,-4.882,17235.1
341,1445.0,-0.164,19.4
342,1455.0,0.246,44.1
343,1447.0,4.788,16581.7
344,1458.0,1.392,1412.1
345,1458.0,1.497,1633.5
346,1470.0,4.231,13155.0
347,1461.0,0.032,0.7
348,1477.0,-0.19,26.8
349,1466.0,-0.103,7.8
350,1485.0,-0.143,15.2
351,1469.0,-4.259,13325.1
352,1491.0,-0.001,0.0
353,1485.0,-0.119,10.6
354,1498.0,-0.008,0.0
355,1492.0,-0.228,38.8
356,1505.0,-0.393,116.2
357,1497.0,-0.031,0.7
358,1506.0,0.008,0.1
359,1505.0,0.402,121.7
360,1523.0,-0.0,0.0
361,1511.0,-0.008,0.0
362,1527.0,-0.562,241.6
363,1522.0,-0.01,0.1
364,1535.0,0.181,25.2
365,1527.0,0.576,253.0
366,1543.0,0.003,0.0
367,1534.0,0.183,25.6
368,1559.0,0.226,39.8
369,1547.0,0.007,0.0
370,1561.0,0.011,0.1
371,1555.0,0.067,3.5
372,1604.0,0.499,199.3
373,1558.0,0.23,41.3
374,1608.0,0.001,0.0
375,1570.0,0.008,0.1
376,1615.0,-0.052,2.2
377,1581.0,-0.006,0.0
378,1620.0,-0.329,87.9
379,1599.0,-0.003,0.0
380,1631.0,-0.002,0.0
381,1600.0,-0.006,0.0
382,1631.0,0.009,0.1
383,1607.0,0.007,0.0
384,1648.0,-0.066,3.6
385,1623.0,-0.619,310.6
386,1649.0,0.002,0.0
387,1646.0,0.062,3.2
388,1713.0,0.065,3.6
389,1685.0,0.068,3.9
390,1734.0,-0.001,0.0
391,1705.0,-0.001,0.0
392,1751.0,0.028,0.7
393,1725.0,0.046,1.8
394,1768.0,0.047,2.0
395,1741.0,0.062,3.3
396,3028.0,0.471,336.3
397,3028.0,0.472,336.7
398,3035.0,0.168,43.0
399,3034.0,0.17,43.6
400,3039.0,0.003,0.0
401,3038.0,0.002,0.0
402,3055.0,0.002,0.0
403,3055.0,0.0,0.0
404,3093.0,-0.01,0.2
405,3092.0,-0.007,0.1
406,3096.0,0.002,0.0
407,3095.0,0.001,0.0
408,3113.0,-0.003,0.0
409,3112.0,-0.0,0.0
410,3133.0,-0.537,451.4
411,3132.0,-0.539,455.7
412,3144.0,-0.011,0.2
413,3143.0,-0.01,0.2
414,3176.0,0.005,0.0
415,3176.0,0.006,0.0
416,3179.0,0.013,0.3
417,3180.0,0.015,0.4
418,3193.0,0.004,0.0
419,3195.0,0.003,0.0
420,3194.0,-0.0,0.0
421,3197.0,-0.009,0.1
422,3194.0,-0.0,0.0
423,3198.0,-0.0,0.0
424,3195.0,-0.004,0.0
425,3198.0,-0.0,0.0
426,3199.0,-0.008,0.1
427,3199.0,-0.009,0.1
428,3201.0,0.004,0.0
429,3201.0,0.029,1.3
430,3201.0,-0.029,1.3
431,3205.0,-0.001,0.0
432,3201.0,0.001,0.0
433,3205.0,0.004,0.0
434,3208.0,0.0,0.0
435,3213.0,0.0,0.0
436,3208.0,0.001,0.0
437,3213.0,0.001,0.0
438,3218.0,0.008,0.1
439,3224.0,0.003,0.0
440,3218.0,0.012,0.2
441,3224.0,0.009,0.1
