,Frequencies,Displacement,Reorg Energy
0,-0.0,-0.0,-0.0
1,-0.0,-0.0,-0.0
2,-0.0,0.0,-0.0
3,-0.0,0.0,-0.0
4,0.0,0.0,0.0
5,0.0,0.0,0.0
6,0.0,-0.0,0.0
7,0.0,-0.0,0.0
8,0.0,-0.0,0.0
9,0.0,-0.0,0.0
10,0.0,-0.0,0.0
11,0.0,-0.0,0.0
12,5.0,1.035,2.5
13,6.0,1.429,6.4
14,12.0,7.857,379.2
15,15.0,0.14,0.1
16,16.0,-8.243,545.2
17,15.0,-12.586,1215.6
18,23.0,-6.129,433.9
19,24.0,-8.578,873.7
20,27.0,-9.812,1280.7
21,27.0,-7.673,796.4
22,33.0,-10.253,1756.2
23,34.0,-5.535,524.2
24,46.0,1.69,65.2
25,55.0,1.617,72.4
26,55.0,-2.381,155.4
27,58.0,-0.884,22.6
28,58.0,-1.107,35.8
29,59.0,-0.709,14.8
30,75.0,-2.375,212.1
31,77.0,-1.87,135.1
32,87.0,-1.732,130.3
33,80.0,-0.408,6.6
34,88.0,-0.422,7.8
35,89.0,-0.45,9.0
36,97.0,-2.207,236.9
37,102.0,-0.66,22.1
38,103.0,2.019,210.1
39,108.0,0.25,3.4
40,109.0,1.47,117.8
41,130.0,3.114,628.9
42,140.0,-0.207,3.0
43,130.0,-1.508,147.6
44,152.0,-0.107,0.9
45,142.0,-0.972,66.9
46,167.0,0.106,0.9
47,168.0,0.318,8.5
48,172.0,0.095,0.8
49,175.0,0.657,37.7
50,187.0,0.648,39.3
51,184.0,0.297,8.1
52,194.0,-0.442,18.9
53,195.0,-0.23,5.2
54,198.0,1.38,188.3
55,200.0,4.534,2054.5
56,212.0,0.358,13.6
57,205.0,0.149,2.3
58,213.0,-1.047,116.7
59,212.0,-0.386,15.8
60,235.0,2.052,493.8
61,224.0,0.666,49.7
62,236.0,-3.621,1544.9
63,234.0,-0.102,1.2
64,236.0,-0.783,72.4
65,234.0,-0.078,0.7
66,246.0,1.758,380.9
67,239.0,0.263,8.3
68,254.0,-0.003,0.0
69,252.0,-0.109,1.5
70,257.0,-0.321,13.2
71,259.0,-0.01,0.0
72,259.0,-0.783,79.3
73,269.0,-0.326,14.3
74,290.0,3.496,1773.6
75,280.0,2.158,653.0
76,294.0,0.438,28.3
77,292.0,0.368,19.7
78,298.0,3.39,1711.7
79,297.0,0.01,0.0
80,316.0,-3.941,2455.5
81,318.0,-0.352,19.7
82,339.0,0.482,39.3
83,341.0,0.794,107.4
84,357.0,-2.019,728.3
85,347.0,-2.352,960.7
86,366.0,1.168,249.9
87,368.0,0.364,24.4
88,379.0,0.119,2.7
89,377.0,0.354,23.7
90,393.0,0.081,1.3
91,398.0,0.069,0.9
92,402.0,-0.136,3.7
93,405.0,-0.048,0.5
94,417.0,0.481,48.1
95,418.0,0.258,13.9
96,428.0,0.896,171.8
97,424.0,1.633,565.7
98,435.0,-0.685,102.1
99,433.0,-0.4,34.6
100,438.0,-0.932,190.3
101,436.0,-0.124,3.4
102,443.0,0.633,88.8
103,443.0,0.1,2.2
104,449.0,-0.235,12.4
105,454.0,-0.037,0.3
106,450.0,-0.263,15.6
107,456.0,-0.032,0.2
108,453.0,0.104,2.4
109,461.0,0.278,17.8
110,464.0,-3.183,2348.4
111,463.0,-0.162,6.1
112,467.0,-2.079,1009.4
113,466.0,-0.133,4.1
114,484.0,4.308,4494.1
115,480.0,0.107,2.8
116,494.0,2.226,1225.4
117,495.0,0.14,4.8
118,500.0,0.006,0.0
119,500.0,0.191,9.2
120,503.0,-1.668,699.8
121,503.0,-0.021,0.1
122,505.0,3.733,3517.1
123,514.0,0.145,5.4
124,515.0,0.727,136.3
125,517.0,0.017,0.1
126,516.0,-1.781,818.8
127,536.0,-0.067,1.2
128,536.0,-1.838,904.7
129,540.0,-0.031,0.3
130,546.0,1.158,366.0
131,548.0,0.076,1.6
132,570.0,0.209,12.5
133,570.0,0.124,4.4
134,579.0,0.112,3.6
135,579.0,0.004,0.0
136,580.0,1.66,800.0
137,582.0,0.078,1.8
138,582.0,1.459,619.7
139,587.0,0.066,1.3
140,590.0,0.436,56.0
141,591.0,0.076,1.7
142,608.0,-0.563,96.2
143,606.0,-0.34,35.0
144,623.0,0.098,3.0
145,624.0,0.009,0.0
146,625.0,-0.028,0.3
147,624.0,-0.048,0.7
148,638.0,-0.397,50.2
149,635.0,-0.085,2.3
150,647.0,0.146,6.9
151,646.0,0.014,0.1
152,661.0,0.076,1.9
153,661.0,0.038,0.5
154,662.0,0.861,245.2
155,669.0,0.013,0.1
156,668.0,0.133,5.9
157,670.0,0.095,3.0
158,698.0,-1.081,408.3
159,683.0,-0.296,29.9
160,707.0,-0.641,145.3
161,713.0,-0.057,1.2
162,711.0,-0.067,1.6
163,720.0,-0.073,1.9
164,714.0,-0.06,1.3
165,727.0,-0.026,0.2
166,727.0,-0.336,41.1
167,727.0,-0.107,4.2
168,737.0,0.756,210.8
169,732.0,0.035,0.4
170,747.0,-0.015,0.1
171,748.0,-0.005,0.0
172,754.0,0.093,3.3
173,759.0,0.01,0.0
174,766.0,0.136,7.0
175,764.0,0.075,2.1
176,771.0,-0.198,15.1
177,773.0,-0.044,0.8
178,786.0,0.073,2.1
179,786.0,0.034,0.4
180,800.0,-0.104,4.4
181,803.0,-0.043,0.7
182,806.0,0.01,0.0
183,812.0,0.043,0.8
184,816.0,-0.025,0.3
185,816.0,-0.0,0.0
186,821.0,0.31,39.5
187,822.0,0.097,3.9
188,822.0,0.109,4.9
189,823.0,0.096,3.8
190,825.0,-0.09,3.4
191,824.0,-0.038,0.6
192,830.0,0.062,1.6
193,829.0,0.072,2.2
194,834.0,0.045,0.8
195,833.0,0.05,1.0
196,846.0,-0.075,2.4
197,837.0,-0.412,71.1
198,849.0,-0.085,3.1
199,846.0,-0.016,0.1
200,859.0,0.023,0.2
201,848.0,0.038,0.6
202,882.0,0.05,1.1
203,886.0,1.247,688.7
204,893.0,0.015,0.1
205,896.0,0.438,86.0
206,910.0,-0.254,29.4
207,901.0,-0.071,2.3
208,926.0,-0.691,221.1
209,924.0,-0.04,0.7
210,930.0,-0.303,42.6
211,930.0,-0.33,50.5
212,934.0,1.644,1262.8
213,944.0,0.0,0.0
214,939.0,-2.058,1988.3
215,946.0,-0.049,1.1
216,944.0,-0.001,0.0
217,952.0,-0.09,3.8
218,948.0,-0.965,441.4
219,956.0,-0.002,0.0
220,956.0,0.001,0.0
221,956.0,0.047,1.0
222,958.0,-0.064,2.0
223,968.0,-0.925,413.6
224,974.0,-0.03,0.4
225,973.0,-0.093,4.2
226,978.0,0.022,0.2
227,976.0,0.004,0.0
228,978.0,0.024,0.3
229,982.0,0.001,0.0
230,988.0,0.031,0.5
231,985.0,0.024,0.3
232,991.0,-0.012,0.1
233,989.0,-0.001,0.0
234,1002.0,0.071,2.5
235,990.0,0.031,0.5
236,1008.0,0.432,94.0
237,998.0,0.166,13.8
238,1019.0,1.508,1158.7
239,1010.0,0.147,10.9
240,1046.0,0.156,12.7
241,1053.0,0.412,89.4
242,1070.0,0.008,0.0
243,1054.0,0.144,10.9
244,1089.0,-3.532,6790.5
245,1071.0,-0.038,0.8
246,1095.0,0.175,16.7
247,1094.0,0.014,0.1
248,1112.0,0.356,70.3
249,1109.0,0.032,0.6
250,1121.0,-0.916,470.1
251,1124.0,-0.096,5.2
252,1135.0,1.528,1324.3
253,1151.0,0.035,0.7
254,1149.0,0.044,1.1
255,1155.0,0.001,0.0
256,1151.0,0.199,22.9
257,1160.0,0.268,41.6
258,1155.0,-0.001,0.0
259,1160.0,-0.003,0.0
260,1167.0,0.03,0.5
261,1164.0,0.027,0.4
262,1175.0,-0.005,0.0
263,1175.0,-0.015,0.1
264,1176.0,-0.482,136.6
265,1189.0,-0.125,9.3
266,1191.0,-0.06,2.2
267,1190.0,-0.026,0.4
268,1201.0,-0.005,0.0
269,1201.0,-0.015,0.1
270,1209.0,0.02,0.2
271,1211.0,0.053,1.7
272,1213.0,-0.379,87.2
273,1215.0,-0.157,15.0
274,1215.0,0.085,4.4
275,1218.0,0.125,9.5
276,1228.0,0.005,0.0
277,1227.0,0.021,0.3
278,1237.0,-0.035,0.8
279,1236.0,-0.005,0.0
280,1249.0,0.116,8.4
281,1250.0,0.008,0.0
282,1254.0,0.283,50.1
283,1257.0,0.172,18.6
284,1266.0,0.021,0.3
285,1275.0,0.062,2.5
286,1277.0,0.203,26.2
287,1283.0,0.181,20.9
288,1282.0,0.04,1.0
289,1295.0,0.12,9.4
290,1296.0,-0.072,3.3
291,1299.0,-0.038,0.9
292,1298.0,0.098,6.2
293,1301.0,0.301,59.0
294,1306.0,-0.04,1.0
295,1304.0,-0.122,9.7
296,1324.0,0.218,31.5
297,1320.0,0.617,251.4
298,1328.0,0.249,41.0
299,1327.0,0.008,0.0
300,1355.0,0.581,228.5
301,1353.0,0.117,9.3
302,1362.0,-0.024,0.4
303,1356.0,-0.024,0.4
304,1362.0,0.049,1.6
305,1362.0,0.01,0.1
306,1368.0,-0.096,6.4
307,1368.0,-0.027,0.5
308,1372.0,0.07,3.4
309,1372.0,0.089,5.5
310,1380.0,0.281,54.5
311,1382.0,0.02,0.3
312,1384.0,0.0,0.0
313,1384.0,0.0,0.0
314,1393.0,0.053,1.9
315,1393.0,0.045,1.4
316,1398.0,-0.001,0.0
317,1397.0,-0.007,0.0
318,1398.0,0.021,0.3
319,1398.0,0.001,0.0
320,1402.0,0.452,143.5
321,1403.0,0.302,63.9
322,1413.0,0.012,0.1
323,1411.0,0.004,0.0
324,1427.0,-0.066,3.1
325,1427.0,-0.111,8.8
326,1432.0,0.159,18.1
327,1432.0,0.24,41.3
328,1439.0,0.28,56.3
329,1441.0,0.071,3.7
330,1440.0,-0.246,43.4
331,1444.0,-0.154,17.2
332,1457.0,-0.167,20.4
333,1462.0,-0.053,2.0
334,1461.0,-0.157,17.9
335,1464.0,-0.19,26.5
336,1473.0,-0.861,545.7
337,1474.0,-0.143,15.0
338,1474.0,0.119,10.4
339,1477.0,0.282,58.6
340,1482.0,0.019,0.3
341,1484.0,0.0,0.0
342,1484.0,-0.0,0.0
343,1485.0,-0.006,0.0
344,1484.0,-0.003,0.0
345,1490.0,-0.028,0.6
346,1497.0,-0.006,0.0
347,1496.0,-0.001,0.0
348,1506.0,0.001,0.0
349,1498.0,0.063,3.0
350,1523.0,0.005,0.0
351,1507.0,0.001,0.0
352,1529.0,-0.084,5.4
353,1524.0,-0.003,0.0
354,1537.0,-0.031,0.7
355,1533.0,-0.498,189.9
356,1544.0,-0.09,6.3
357,1555.0,-0.097,7.3
358,1556.0,-0.286,63.4
359,1561.0,-0.04,1.2
360,1565.0,-0.491,188.3
361,1574.0,-0.044,1.5
362,1576.0,0.023,0.4
363,1589.0,0.039,1.2
364,1589.0,0.014,0.2
365,1593.0,0.005,0.0
366,1598.0,-0.049,1.9
367,1609.0,-0.475,181.4
368,1616.0,-0.047,1.8
369,1616.0,-0.037,1.1
370,1619.0,-0.113,10.3
371,1622.0,-0.038,1.2
372,1632.0,-0.368,110.3
373,1632.0,-0.059,2.8
374,1644.0,0.627,322.8
375,1640.0,0.067,3.7
376,1687.0,0.004,0.0
377,1683.0,0.0,0.0
378,1724.0,-0.034,1.0
379,1719.0,-0.018,0.3
380,1791.0,0.106,10.0
381,1780.0,0.067,4.0
382,1803.0,0.193,33.7
383,2051.0,0.053,2.9
384,3031.0,-0.0,0.0
385,3029.0,-0.0,0.0
386,3031.0,-0.015,0.4
387,3034.0,-0.001,0.0
388,3035.0,-0.002,0.0
389,3041.0,-0.009,0.1
390,3060.0,-0.025,0.9
391,3071.0,-0.001,0.0
392,3088.0,-0.0,0.0
393,3086.0,-0.0,0.0
394,3091.0,-0.002,0.0
395,3090.0,-0.001,0.0
396,3110.0,0.001,0.0
397,3109.0,0.001,0.0
398,3121.0,-0.024,0.9
399,3128.0,-0.009,0.1
400,3132.0,0.0,0.0
401,3132.0,0.0,0.0
402,3142.0,0.001,0.0
403,3141.0,0.001,0.0
404,3156.0,-0.018,0.5
405,3160.0,-0.024,0.9
406,3161.0,0.001,0.0
407,3172.0,0.001,0.0
408,3194.0,0.0,0.0
409,3192.0,0.0,0.0
410,3195.0,-0.0,0.0
411,3193.0,-0.001,0.0
412,3200.0,-0.001,0.0
413,3198.0,-0.0,0.0
414,3201.0,-0.001,0.0
415,3199.0,-0.001,0.0
416,3201.0,0.027,1.2
417,3208.0,0.001,0.0
418,3204.0,0.013,0.3
419,3209.0,0.0,0.0
420,3210.0,0.001,0.0
421,3212.0,0.008,0.1
422,3210.0,-0.001,0.0
423,3215.0,-0.007,0.1
424,3227.0,-0.002,0.0
425,3223.0,-0.001,0.0
426,3227.0,0.003,0.0
427,3224.0,0.002,0.0
428,3248.0,0.002,0.0
429,3248.0,0.002,0.0
