,Frequencies,Displacement,Reorg Energy
0,-0.0,0.0,-0.0
1,-0.0,0.0,-0.0
2,-0.0,-0.0,-0.0
3,-0.0,-0.0,-0.0
4,-0.0,0.0,-0.0
5,-0.0,0.0,-0.0
6,0.0,0.0,0.0
7,0.0,0.0,0.0
8,0.0,-0.0,0.0
9,0.0,-0.0,0.0
10,0.0,0.0,0.0
11,0.0,0.0,0.0
12,8.0,-0.024,0.0
13,8.0,-0.022,0.0
14,14.0,0.026,0.0
15,16.0,0.033,0.0
16,23.0,-1.936,42.4
17,23.0,-1.99,45.6
18,26.0,0.016,0.0
19,26.0,0.004,0.0
20,31.0,-0.013,0.0
21,27.0,-0.005,0.0
22,41.0,0.009,0.0
23,41.0,0.001,0.0
24,56.0,0.012,0.0
25,56.0,0.006,0.0
26,61.0,0.0,0.0
27,61.0,0.001,0.0
28,75.0,-0.0,0.0
29,78.0,-0.009,0.0
30,78.0,0.927,33.5
31,81.0,0.985,39.1
32,89.0,-0.002,0.0
33,89.0,-0.005,0.0
34,99.0,-0.002,0.0
35,99.0,-0.004,0.0
36,113.0,-0.012,0.0
37,110.0,-0.001,0.0
38,118.0,1.101,71.7
39,123.0,1.138,79.4
40,141.0,0.003,0.0
41,140.0,0.002,0.0
42,146.0,0.007,0.0
43,148.0,0.534,21.2
44,147.0,-0.573,24.1
45,164.0,-0.003,0.0
46,168.0,-0.0,0.0
47,170.0,-0.001,0.0
48,181.0,0.0,0.0
49,195.0,0.004,0.0
50,188.0,0.003,0.0
51,200.0,0.215,4.6
52,197.0,-0.207,4.2
53,203.0,-0.0,0.0
54,210.0,0.001,0.0
55,214.0,0.0,0.0
56,222.0,-0.68,51.3
57,225.0,-0.671,50.6
58,224.0,0.023,0.1
59,235.0,0.15,2.6
60,234.0,0.082,0.8
61,236.0,0.073,0.6
62,236.0,0.052,0.3
63,247.0,0.226,6.3
64,241.0,-0.228,6.3
65,248.0,-0.002,0.0
66,253.0,-0.004,0.0
67,253.0,-0.004,0.0
68,256.0,0.002,0.0
69,259.0,0.002,0.0
70,290.0,0.001,0.0
71,294.0,0.523,40.2
72,292.0,0.524,40.1
73,297.0,0.001,0.0
74,298.0,0.184,5.0
75,300.0,0.163,4.0
76,302.0,-0.0,0.0
77,321.0,-0.004,0.0
78,324.0,-0.001,0.0
79,338.0,-0.0,0.0
80,357.0,-0.114,2.3
81,361.0,-0.0,0.0
82,386.0,0.002,0.0
83,364.0,0.11,2.2
84,390.0,-0.009,0.0
85,397.0,-0.007,0.0
86,395.0,-0.195,7.5
87,399.0,-0.101,2.0
88,416.0,-0.085,1.5
89,418.0,-0.0,0.0
90,417.0,-0.001,0.0
91,424.0,-0.05,0.5
92,433.0,-0.291,18.4
93,436.0,-0.256,14.3
94,435.0,0.403,35.2
95,439.0,0.313,21.5
96,439.0,0.111,2.7
97,443.0,0.161,5.8
98,440.0,-0.066,1.0
99,450.0,-0.043,0.4
100,447.0,0.005,0.0
101,454.0,0.001,0.0
102,448.0,-0.38,32.2
103,459.0,-0.253,14.7
104,468.0,0.0,0.0
105,462.0,0.752,130.5
106,472.0,0.39,35.8
107,465.0,0.003,0.0
108,483.0,0.314,23.8
109,483.0,0.231,12.9
110,483.0,-0.025,0.2
111,497.0,-0.354,31.2
112,497.0,0.002,0.0
113,502.0,0.001,0.0
114,505.0,0.504,64.2
115,512.0,0.001,0.0
116,506.0,0.0,0.0
117,517.0,0.0,0.0
118,518.0,0.209,11.3
119,517.0,0.066,1.1
120,535.0,0.002,0.0
121,541.0,0.271,19.9
122,543.0,-0.36,35.3
123,547.0,-0.001,0.0
124,570.0,-0.059,1.0
125,570.0,-0.064,1.2
126,570.0,-0.016,0.1
127,578.0,-0.088,2.3
128,574.0,-0.041,0.5
129,579.0,-0.02,0.1
130,575.0,-0.044,0.6
131,589.0,-0.001,0.0
132,582.0,-0.0,0.0
133,594.0,-0.247,18.2
134,594.0,-0.162,7.8
135,598.0,-0.0,0.0
136,605.0,0.0,0.0
137,620.0,0.285,25.2
138,616.0,-0.003,0.0
139,624.0,-0.001,0.0
140,626.0,0.429,57.5
141,626.0,0.204,13.1
142,632.0,0.002,0.0
143,645.0,0.0,0.0
144,632.0,0.002,0.0
145,649.0,0.235,18.0
146,652.0,-0.0,0.0
147,661.0,-0.0,0.0
148,662.0,0.106,3.7
149,669.0,0.0,0.0
150,676.0,-0.0,0.0
151,692.0,-0.313,33.8
152,689.0,-0.301,31.2
153,713.0,-0.13,6.0
154,696.0,-0.0,0.0
155,715.0,-0.135,6.5
156,700.0,0.001,0.0
157,729.0,0.001,0.0
158,709.0,0.18,11.5
159,731.0,0.233,19.8
160,713.0,0.143,7.3
161,736.0,0.109,4.4
162,727.0,0.258,24.2
163,748.0,0.0,0.0
164,739.0,0.132,6.5
165,759.0,0.0,0.0
166,742.0,-0.002,0.0
167,764.0,-0.001,0.0
168,747.0,0.001,0.0
169,773.0,0.0,0.0
170,757.0,0.0,0.0
171,786.0,0.0,0.0
172,764.0,0.0,0.0
173,805.0,0.079,2.5
174,802.0,-0.079,2.5
175,809.0,-0.047,0.9
176,807.0,-0.0,0.0
177,816.0,-0.0,0.0
178,810.0,-0.05,1.0
179,821.0,-0.13,6.9
180,815.0,-0.0,0.0
181,823.0,-0.0,0.0
182,819.0,0.145,8.6
183,827.0,0.016,0.1
184,826.0,-0.031,0.4
185,829.0,-0.0,0.0
186,826.0,0.001,0.0
187,833.0,0.0,0.0
188,832.0,0.0,0.0
189,844.0,0.0,0.0
190,835.0,0.0,0.0
191,846.0,0.077,2.5
192,844.0,0.08,2.7
193,848.0,0.0,0.0
194,875.0,0.0,0.0
195,897.0,0.0,0.0
196,879.0,0.0,0.0
197,905.0,0.095,4.1
198,902.0,-0.103,4.8
199,919.0,-0.001,0.0
200,915.0,-0.004,0.0
201,920.0,-0.028,0.4
202,936.0,-0.036,0.6
203,944.0,-0.0,0.0
204,936.0,-0.0,0.0
205,947.0,-0.001,0.0
206,946.0,0.0,0.0
207,950.0,0.08,3.0
208,949.0,-0.078,2.9
209,956.0,-0.0,0.0
210,957.0,-0.0,0.0
211,961.0,-0.11,5.8
212,963.0,0.106,5.4
213,973.0,0.0,0.0
214,975.0,-0.0,0.0
215,976.0,-0.071,2.4
216,977.0,-0.0,0.0
217,977.0,-0.001,0.0
218,988.0,0.0,0.0
219,986.0,0.001,0.0
220,989.0,0.0,0.0
221,986.0,0.121,7.2
222,996.0,-0.0,0.0
223,989.0,-0.0,0.0
224,1001.0,-0.125,7.8
225,997.0,-0.117,6.8
226,1008.0,0.078,3.1
227,1011.0,0.025,0.3
228,1029.0,0.098,4.9
229,1023.0,0.001,0.0
230,1063.0,-0.022,0.2
231,1056.0,-0.213,24.0
232,1093.0,0.073,2.9
233,1069.0,0.008,0.0
234,1094.0,-0.026,0.4
235,1094.0,-0.084,3.8
236,1109.0,-0.02,0.2
237,1107.0,-0.008,0.0
238,1131.0,-0.218,26.8
239,1125.0,-0.35,69.0
240,1138.0,-0.049,1.4
241,1151.0,-0.059,2.0
242,1149.0,0.0,0.0
243,1155.0,0.222,28.4
244,1156.0,-0.0,0.0
245,1155.0,-0.001,0.0
246,1160.0,0.124,8.9
247,1161.0,0.0,0.0
248,1162.0,-0.018,0.2
249,1165.0,-0.03,0.5
250,1170.0,0.032,0.6
251,1175.0,0.013,0.1
252,1186.0,-0.022,0.3
253,1190.0,-0.031,0.6
254,1195.0,-0.005,0.0
255,1201.0,-0.005,0.0
256,1197.0,-0.038,0.9
257,1207.0,-0.019,0.2
258,1199.0,0.077,3.6
259,1214.0,0.3,54.5
260,1224.0,0.113,7.8
261,1217.0,0.162,16.0
262,1232.0,-0.065,2.6
263,1227.0,-0.074,3.4
264,1236.0,0.385,91.5
265,1236.0,0.018,0.2
266,1242.0,0.057,2.0
267,1250.0,0.046,1.3
268,1243.0,0.02,0.2
269,1253.0,0.343,73.6
270,1253.0,-0.012,0.1
271,1275.0,-0.272,47.2
272,1264.0,-0.025,0.4
273,1283.0,-0.401,103.1
274,1295.0,0.393,100.2
275,1296.0,0.169,18.4
276,1311.0,0.339,75.4
277,1300.0,0.082,4.4
278,1316.0,0.006,0.0
279,1306.0,0.153,15.2
280,1319.0,0.0,0.0
281,1325.0,0.227,34.0
282,1344.0,0.55,203.0
283,1338.0,0.188,23.6
284,1353.0,-0.059,2.4
285,1354.0,-0.085,4.9
286,1361.0,0.11,8.2
287,1362.0,0.135,12.4
288,1367.0,0.008,0.0
289,1366.0,0.001,0.0
290,1372.0,0.253,43.9
291,1372.0,0.383,100.6
292,1382.0,0.001,0.0
293,1377.0,0.001,0.0
294,1384.0,-0.541,202.4
295,1384.0,-0.0,0.0
296,1392.0,0.09,5.6
297,1390.0,0.301,62.8
298,1400.0,0.0,0.0
299,1393.0,0.036,0.9
300,1404.0,0.205,29.4
301,1397.0,0.033,0.7
302,1405.0,-0.001,0.0
303,1398.0,-0.001,0.0
304,1416.0,-0.041,1.2
305,1412.0,-0.031,0.7
306,1425.0,0.287,58.6
307,1426.0,0.1,7.2
308,1430.0,0.044,1.4
309,1438.0,0.062,2.7
310,1438.0,-0.102,7.5
311,1441.0,-0.178,22.7
312,1441.0,0.0,0.0
313,1449.0,0.272,53.4
314,1447.0,-0.007,0.0
315,1462.0,-0.033,0.8
316,1458.0,-0.065,3.1
317,1464.0,-0.245,44.1
318,1460.0,-0.151,16.8
319,1470.0,-0.091,6.1
320,1465.0,-0.239,41.9
321,1475.0,-0.055,2.2
322,1466.0,-0.07,3.6
323,1484.0,-0.001,0.0
324,1485.0,-0.0,0.0
325,1485.0,-0.051,1.9
326,1494.0,0.074,4.1
327,1488.0,0.018,0.2
328,1498.0,-0.029,0.6
329,1490.0,-0.043,1.4
330,1505.0,-0.0,0.0
331,1496.0,-0.017,0.2
332,1510.0,0.033,0.8
333,1507.0,0.0,0.0
334,1522.0,-0.015,0.2
335,1524.0,-0.006,0.0
336,1526.0,-0.041,1.3
337,1534.0,-0.377,109.0
338,1540.0,0.101,7.9
339,1554.0,0.073,4.1
340,1546.0,-0.06,2.8
341,1560.0,-0.153,18.3
342,1554.0,-0.156,19.0
343,1574.0,-0.153,18.4
344,1571.0,-0.033,0.8
345,1589.0,-0.002,0.0
346,1582.0,-0.045,1.6
347,1604.0,-0.159,20.4
348,1600.0,0.011,0.1
349,1616.0,0.015,0.2
350,1601.0,-0.047,1.8
351,1621.0,-0.003,0.0
352,1620.0,-0.013,0.1
353,1629.0,-0.008,0.1
354,1663.0,-0.224,41.8
355,1638.0,-0.145,17.1
356,1684.0,0.054,2.5
357,1683.0,0.004,0.0
358,1686.0,-0.009,0.1
359,1720.0,-0.112,10.8
360,1725.0,0.109,10.3
361,1779.0,0.301,80.4
362,1730.0,0.011,0.1
363,1946.0,0.001,0.0
364,3028.0,0.015,0.4
365,3030.0,0.0,0.0
366,3034.0,-0.0,0.0
367,3034.0,-0.008,0.1
368,3038.0,-0.007,0.1
369,3042.0,-0.018,0.5
370,3055.0,0.0,0.0
371,3072.0,0.0,0.0
372,3092.0,-0.0,0.0
373,3087.0,-0.0,0.0
374,3095.0,0.006,0.1
375,3090.0,0.006,0.1
376,3112.0,0.003,0.0
377,3109.0,0.004,0.0
378,3132.0,-0.0,0.0
379,3132.0,-0.0,0.0
380,3143.0,-0.004,0.0
381,3141.0,-0.004,0.0
382,3196.0,-0.018,0.5
383,3158.0,-0.045,3.1
384,3198.0,0.003,0.0
385,3193.0,0.003,0.0
386,3198.0,0.002,0.0
387,3193.0,0.0,0.0
388,3199.0,0.013,0.3
389,3199.0,0.003,0.0
390,3206.0,0.002,0.0
391,3199.0,0.004,0.0
392,3206.0,0.004,0.0
393,3208.0,0.003,0.0
394,3213.0,-0.017,0.5
395,3209.0,-0.003,0.0
396,3214.0,0.015,0.4
397,3217.0,0.014,0.3
398,3214.0,-0.034,1.9
399,3219.0,-0.017,0.5
400,3223.0,-0.001,0.0
401,3224.0,-0.001,0.0
402,3224.0,0.002,0.0
403,3224.0,0.003,0.0
404,3237.0,-0.009,0.1
405,3241.0,-0.0,0.0
