,Frequencies,Displacement,Reorg Energy
0,-0.0,-0.0,-0.0
1,-0.0,-0.0,-0.0
2,-0.0,-0.0,-0.0
3,-0.0,-0.0,-0.0
4,-0.0,0.0,-0.0
5,-0.0,0.0,-0.0
6,0.0,0.0,0.0
7,-0.0,0.0,-0.0
8,0.0,-0.0,0.0
9,0.0,-0.0,0.0
10,0.0,0.0,0.0
11,0.0,0.0,0.0
12,7.0,-3.512,45.0
13,8.0,-2.556,26.1
14,14.0,5.976,245.5
15,13.0,4.672,144.6
16,15.0,-9.134,616.8
17,16.0,-11.1,965.5
18,25.0,0.626,5.0
19,27.0,5.449,405.7
20,28.0,-2.341,77.0
21,28.0,-0.065,0.1
22,40.0,-0.855,14.7
23,40.0,-0.224,1.0
24,55.0,-5.204,744.3
25,55.0,-11.22,3491.2
26,58.0,1.9,104.3
27,58.0,7.826,1763.1
28,65.0,15.984,8351.9
29,60.0,6.417,1236.3
30,71.0,5.102,918.8
31,66.0,1.621,86.4
32,86.0,5.897,1494.7
33,82.0,4.031,669.1
34,92.0,1.766,143.7
35,92.0,0.394,7.1
36,94.0,5.532,1439.2
37,95.0,2.159,222.4
38,105.0,1.524,122.1
39,102.0,5.343,1458.4
40,111.0,10.904,6623.0
41,107.0,3.871,803.7
42,126.0,0.363,8.3
43,124.0,1.73,185.9
44,141.0,0.826,47.9
45,144.0,1.008,72.9
46,155.0,-0.573,25.5
47,149.0,-0.115,1.0
48,169.0,2.756,643.6
49,171.0,2.65,599.1
50,181.0,0.44,17.5
51,177.0,0.267,6.3
52,189.0,1.651,258.1
53,189.0,0.809,61.7
54,197.0,1.079,114.4
55,198.0,1.241,152.2
56,204.0,-0.907,84.1
57,209.0,-0.448,21.0
58,212.0,-1.213,156.3
59,211.0,-0.525,29.0
60,224.0,-0.607,41.3
61,216.0,-1.704,313.3
62,233.0,1.356,214.1
63,231.0,0.717,59.4
64,235.0,-0.26,7.9
65,235.0,-0.195,4.5
66,236.0,2.803,927.3
67,236.0,3.045,1094.5
68,252.0,0.063,0.5
69,252.0,0.244,7.5
70,264.0,-0.326,14.0
71,263.0,-0.715,67.3
72,277.0,0.523,37.9
73,265.0,0.296,11.6
74,291.0,5.111,3795.8
75,286.0,3.608,1863.6
76,300.0,-0.018,0.0
77,293.0,-3.538,1830.9
78,311.0,-0.082,1.1
79,301.0,-0.084,1.1
80,334.0,-2.454,1004.6
81,331.0,-1.721,490.4
82,344.0,-0.893,137.1
83,344.0,-2.68,1234.5
84,349.0,-4.252,3158.1
85,348.0,-1.16,234.5
86,365.0,1.304,309.9
87,361.0,0.653,76.9
88,373.0,-1.411,370.9
89,384.0,-0.413,32.7
90,394.0,-0.369,26.8
91,394.0,-0.482,45.6
92,396.0,0.279,15.4
93,398.0,0.188,7.1
94,409.0,2.661,1449.6
95,418.0,0.071,1.1
96,418.0,0.161,5.4
97,420.0,0.484,49.2
98,428.0,-0.218,10.2
99,435.0,-1.753,668.5
100,435.0,1.833,731.6
101,437.0,1.603,561.3
102,443.0,-0.579,74.3
103,440.0,-0.395,34.3
104,443.0,0.013,0.0
105,444.0,0.773,132.4
106,448.0,0.162,5.9
107,445.0,0.076,1.3
108,454.0,0.949,204.4
109,454.0,0.931,196.9
110,464.0,-0.077,1.4
111,467.0,-2.302,1237.7
112,467.0,1.004,235.2
113,469.0,0.415,40.5
114,471.0,2.622,1620.7
115,475.0,1.484,522.8
116,499.0,-0.9,202.3
117,497.0,-0.331,27.2
118,504.0,-0.357,32.0
119,504.0,-0.243,14.9
120,504.0,-0.044,0.5
121,506.0,-0.063,1.0
122,509.0,-0.197,9.9
123,511.0,-0.379,36.6
124,517.0,0.022,0.1
125,517.0,0.008,0.0
126,526.0,0.133,4.6
127,522.0,0.167,7.3
128,534.0,0.005,0.0
129,533.0,0.04,0.4
130,548.0,0.047,0.6
131,547.0,0.176,8.5
132,560.0,0.059,1.0
133,561.0,0.109,3.3
134,572.0,0.1,2.8
135,570.0,0.048,0.7
136,580.0,-0.031,0.3
137,580.0,-0.054,0.8
138,583.0,0.421,51.6
139,583.0,0.381,42.3
140,592.0,-0.576,98.1
141,588.0,-0.027,0.2
142,597.0,0.091,2.5
143,592.0,0.509,76.7
144,605.0,-0.074,1.6
145,611.0,-0.591,106.7
146,624.0,-0.038,0.5
147,623.0,-0.012,0.0
148,626.0,-0.008,0.0
149,625.0,-0.033,0.3
150,636.0,0.118,4.4
151,627.0,0.075,1.8
152,647.0,-0.018,0.1
153,646.0,-0.09,2.6
154,659.0,-0.37,45.0
155,656.0,-0.39,49.9
156,662.0,-0.122,4.9
157,664.0,-0.025,0.2
158,667.0,0.015,0.1
159,665.0,0.009,0.0
160,690.0,0.195,13.1
161,687.0,0.03,0.3
162,709.0,0.059,1.2
163,696.0,0.182,11.5
164,713.0,0.113,4.6
165,710.0,0.223,17.7
166,715.0,0.147,7.7
167,714.0,0.011,0.0
168,730.0,-0.3,32.9
169,715.0,-0.163,9.5
170,740.0,-0.021,0.2
171,730.0,-0.043,0.7
172,741.0,0.004,0.0
173,741.0,0.124,5.7
174,748.0,0.513,98.3
175,747.0,0.469,82.2
176,758.0,0.085,2.7
177,752.0,0.168,10.6
178,758.0,-0.028,0.3
179,756.0,-0.079,2.4
180,770.0,0.151,8.8
181,766.0,0.0,0.0
182,786.0,-0.435,74.2
183,782.0,-0.399,62.2
184,802.0,-0.004,0.0
185,801.0,-0.239,22.8
186,808.0,-0.192,15.0
187,803.0,-0.091,3.3
188,810.0,0.19,14.7
189,808.0,0.114,5.2
190,815.0,-0.03,0.4
191,810.0,-0.009,0.0
192,816.0,0.202,16.7
193,815.0,0.268,29.2
194,820.0,-0.054,1.2
195,817.0,-0.182,13.5
196,822.0,0.081,2.7
197,822.0,0.064,1.7
198,825.0,-0.101,4.2
199,824.0,-0.014,0.1
200,831.0,-0.047,0.9
201,828.0,-0.037,0.6
202,837.0,-0.056,1.3
203,831.0,-0.187,14.5
204,838.0,0.217,19.8
205,835.0,0.149,9.3
206,849.0,0.089,3.4
207,841.0,0.403,68.3
208,857.0,-0.042,0.8
209,850.0,-0.004,0.0
210,861.0,-0.113,5.5
211,860.0,-0.305,39.9
212,903.0,0.002,0.0
213,870.0,0.023,0.2
214,908.0,0.137,8.6
215,909.0,0.155,11.0
216,919.0,-0.111,5.7
217,921.0,-0.291,39.0
218,930.0,0.282,36.9
219,931.0,0.214,21.3
220,943.0,-0.071,2.3
221,936.0,-0.005,0.0
222,950.0,-0.008,0.0
223,942.0,-0.064,1.9
224,955.0,0.005,0.0
225,951.0,0.012,0.1
226,957.0,-0.147,10.3
227,953.0,-0.005,0.0
228,962.0,-0.04,0.8
229,957.0,-0.163,12.7
230,970.0,-0.051,1.3
231,961.0,-0.514,126.8
232,973.0,-0.137,9.2
233,964.0,-0.002,0.0
234,973.0,0.087,3.7
235,967.0,0.061,1.8
236,975.0,-0.129,8.1
237,974.0,-0.164,13.1
238,983.0,-0.018,0.2
239,977.0,-0.013,0.1
240,986.0,-0.088,3.8
241,980.0,-0.053,1.4
242,987.0,0.325,52.1
243,988.0,0.465,106.9
244,997.0,-0.025,0.3
245,1000.0,-0.2,19.9
246,1024.0,-0.278,39.6
247,1027.0,-0.076,3.0
248,1031.0,0.525,142.0
249,1038.0,0.336,58.6
250,1066.0,0.107,6.1
251,1066.0,0.17,15.4
252,1079.0,-0.113,6.9
253,1080.0,-0.503,136.6
254,1082.0,-0.356,68.6
255,1090.0,-0.027,0.4
256,1094.0,-0.217,25.8
257,1107.0,-0.001,0.0
258,1107.0,-0.052,1.5
259,1121.0,-0.046,1.2
260,1146.0,-0.178,18.2
261,1142.0,-0.119,8.0
262,1152.0,-0.018,0.2
263,1146.0,-0.059,2.0
264,1155.0,0.264,40.1
265,1147.0,0.003,0.0
266,1158.0,0.378,82.7
267,1154.0,0.253,36.8
268,1164.0,-0.057,1.9
269,1155.0,-0.077,3.4
270,1164.0,-0.005,0.0
271,1164.0,-0.054,1.7
272,1174.0,0.38,84.6
273,1173.0,0.124,9.0
274,1188.0,-1.301,1005.3
275,1174.0,-0.373,81.6
276,1190.0,0.561,187.6
277,1185.0,1.208,865.0
278,1196.0,-0.916,501.5
279,1196.0,-1.202,863.9
280,1199.0,0.988,585.3
281,1202.0,0.007,0.0
282,1205.0,0.175,18.4
283,1206.0,0.331,66.1
284,1220.0,0.876,468.1
285,1210.0,0.112,7.6
286,1226.0,-0.872,466.2
287,1224.0,-1.031,650.7
288,1230.0,-0.696,298.2
289,1233.0,-0.106,6.9
290,1236.0,0.557,191.7
291,1234.0,0.313,60.3
292,1247.0,-0.137,11.6
293,1243.0,-0.196,23.9
294,1265.0,0.03,0.6
295,1254.0,0.157,15.4
296,1280.0,0.046,1.3
297,1265.0,0.079,3.9
298,1280.0,0.065,2.7
299,1267.0,0.09,5.2
300,1298.0,-0.097,6.1
301,1296.0,-0.044,1.3
302,1304.0,0.661,284.8
303,1307.0,0.062,2.5
304,1318.0,-0.015,0.1
305,1314.0,-0.035,0.8
306,1328.0,-0.469,146.4
307,1319.0,-0.062,2.5
308,1337.0,-0.402,108.1
309,1337.0,-0.02,0.3
310,1341.0,0.455,139.0
311,1342.0,0.142,13.6
312,1346.0,0.101,6.8
313,1355.0,0.051,1.8
314,1358.0,0.054,2.0
315,1360.0,0.257,44.7
316,1363.0,0.247,41.6
317,1365.0,0.088,5.3
318,1368.0,-0.358,87.8
319,1371.0,-0.254,44.2
320,1372.0,-0.257,45.2
321,1383.0,-0.016,0.2
322,1384.0,0.024,0.4
323,1388.0,0.034,0.8
324,1393.0,0.18,22.5
325,1392.0,0.015,0.2
326,1393.0,0.031,0.7
327,1397.0,0.022,0.3
328,1397.0,-0.021,0.3
329,1403.0,-0.298,62.1
330,1410.0,-0.141,14.1
331,1406.0,-0.174,21.4
332,1424.0,-0.563,225.6
333,1421.0,-0.134,12.7
334,1430.0,-0.355,90.0
335,1422.0,-0.723,371.4
336,1438.0,-0.626,281.4
337,1436.0,-0.534,204.6
338,1444.0,-0.003,0.0
339,1438.0,-0.254,46.5
340,1458.0,-0.103,7.8
341,1447.0,-0.06,2.6
342,1463.0,0.082,4.9
343,1459.0,0.069,3.5
344,1465.0,-0.304,67.6
345,1463.0,-0.168,20.6
346,1470.0,-0.158,18.2
347,1468.0,-0.189,26.2
348,1471.0,0.02,0.3
349,1469.0,0.376,103.7
350,1477.0,-0.03,0.7
351,1473.0,-0.023,0.4
352,1483.0,-0.089,5.8
353,1482.0,-0.056,2.3
354,1484.0,0.017,0.2
355,1482.0,0.023,0.4
356,1487.0,-0.079,4.7
357,1494.0,-0.067,3.4
358,1495.0,0.096,7.0
359,1507.0,0.008,0.0
360,1507.0,-0.01,0.1
361,1524.0,-0.195,28.8
362,1524.0,0.194,28.7
363,1527.0,0.002,0.0
364,1535.0,-0.354,96.3
365,1529.0,-0.014,0.1
366,1537.0,0.007,0.0
367,1535.0,0.025,0.5
368,1541.0,-0.222,38.0
369,1559.0,-0.117,10.6
370,1561.0,-0.166,21.4
371,1562.0,-0.013,0.1
372,1573.0,-0.056,2.5
373,1572.0,-0.0,0.0
374,1574.0,-0.017,0.2
375,1576.0,-0.016,0.2
376,1581.0,0.016,0.2
377,1591.0,0.021,0.3
378,1593.0,0.014,0.2
379,1603.0,0.016,0.2
380,1613.0,0.018,0.3
381,1609.0,0.016,0.2
382,1620.0,0.197,31.4
383,1617.0,0.043,1.5
384,1623.0,-0.458,170.5
385,1627.0,-0.034,0.9
386,1631.0,-0.001,0.0
387,1645.0,-0.031,0.8
388,1679.0,0.106,9.4
389,1666.0,0.112,10.5
390,1706.0,0.002,0.0
391,1682.0,0.009,0.1
392,1715.0,-0.232,46.3
393,1702.0,-0.073,4.5
394,1737.0,0.286,71.1
395,1721.0,0.211,38.1
396,3028.0,-0.008,0.1
397,3022.0,-0.009,0.1
398,3033.0,-0.003,0.0
399,3025.0,-0.022,0.7
400,3045.0,0.016,0.4
401,3028.0,0.013,0.3
402,3076.0,0.0,0.0
403,3051.0,0.0,0.0
404,3085.0,-0.007,0.1
405,3080.0,-0.005,0.0
406,3088.0,0.008,0.1
407,3083.0,0.005,0.0
408,3108.0,0.014,0.3
409,3104.0,0.01,0.1
410,3131.0,0.021,0.7
411,3129.0,0.021,0.7
412,3141.0,-0.007,0.1
413,3139.0,-0.003,0.0
414,3174.0,0.024,0.9
415,3168.0,0.034,1.9
416,3190.0,-0.003,0.0
417,3174.0,-0.037,2.2
418,3190.0,0.002,0.0
419,3182.0,0.002,0.0
420,3194.0,0.007,0.1
421,3182.0,0.001,0.0
422,3196.0,-0.001,0.0
423,3190.0,-0.001,0.0
424,3197.0,0.003,0.0
425,3190.0,0.003,0.0
426,3206.0,-0.001,0.0
427,3194.0,-0.021,0.7
428,3207.0,-0.001,0.0
429,3200.0,-0.0,0.0
430,3220.0,-0.005,0.0
431,3200.0,-0.002,0.0
432,3220.0,0.015,0.4
433,3202.0,0.021,0.7
434,3222.0,0.013,0.3
435,3210.0,0.07,7.9
436,3234.0,0.022,0.8
437,3212.0,0.142,32.6
438,3247.0,0.263,112.2
439,3212.0,0.004,0.0
440,3248.0,0.224,81.6
441,3212.0,0.012,0.2
