,Frequencies,Displacement,Reorg Energy
0,-0.0,0.0,-0.0
1,-0.0,0.0,-0.0
2,-0.0,0.0,-0.0
3,-0.0,0.0,-0.0
4,-0.0,0.0,-0.0
5,-0.0,0.0,-0.0
6,0.0,-0.0,0.0
7,0.0,-0.0,0.0
8,0.0,0.0,0.0
9,0.0,0.0,0.0
10,0.0,0.0,0.0
11,0.0,0.0,0.0
12,7.0,11.315,462.4
13,7.0,3.635,48.2
14,9.0,4.548,89.4
15,14.0,8.647,513.9
16,12.0,0.471,1.3
17,15.0,13.243,1296.5
18,27.0,0.035,0.0
19,25.0,4.459,251.6
20,30.0,1.72,43.7
21,28.0,2.243,70.7
22,40.0,-3.431,233.0
23,40.0,-0.909,16.6
24,42.0,3.683,287.9
25,55.0,1.501,61.9
26,54.0,0.265,1.9
27,58.0,1.589,73.0
28,57.0,0.168,0.8
29,65.0,5.82,1107.2
30,65.0,-0.129,0.5
31,71.0,-2.138,161.3
32,77.0,0.221,1.9
33,86.0,2.784,333.2
34,90.0,-0.134,0.8
35,92.0,-1.346,83.5
36,94.0,-0.409,7.9
37,94.0,-1.829,157.4
38,99.0,1.039,53.7
39,105.0,1.543,125.1
40,104.0,-0.468,11.4
41,111.0,-6.176,2124.9
42,121.0,0.32,6.2
43,126.0,0.246,3.8
44,138.0,-0.009,0.0
45,141.0,-0.08,0.4
46,144.0,-0.652,30.6
47,155.0,-0.247,4.7
48,168.0,0.007,0.0
49,169.0,0.018,0.0
50,176.0,0.238,5.0
51,181.0,0.163,2.4
52,183.0,0.009,0.0
53,189.0,0.014,0.0
54,192.0,0.157,2.4
55,197.0,0.08,0.6
56,204.0,0.042,0.2
57,204.0,1.25,159.7
58,208.0,0.464,22.4
59,212.0,0.025,0.1
60,213.0,-0.327,11.4
61,224.0,-0.817,74.8
62,228.0,-0.005,0.0
63,233.0,-0.584,39.8
64,235.0,0.016,0.0
65,235.0,0.012,0.0
66,236.0,-0.069,0.6
67,236.0,-0.406,19.5
68,253.0,-0.179,4.1
69,252.0,-0.072,0.7
70,257.0,-0.003,0.0
71,264.0,-0.088,1.0
72,263.0,-0.172,3.9
73,277.0,-0.245,8.3
74,283.0,0.431,26.3
75,291.0,0.48,33.5
76,290.0,-0.279,11.3
77,300.0,-0.02,0.1
78,302.0,0.001,0.0
79,311.0,0.101,1.6
80,321.0,0.114,2.1
81,334.0,0.623,64.8
82,334.0,-0.454,34.4
83,344.0,-0.146,3.7
84,349.0,-0.217,8.2
85,349.0,-1.4,342.3
86,353.0,0.091,1.5
87,365.0,0.746,101.6
88,381.0,0.027,0.1
89,373.0,0.585,63.8
90,390.0,0.068,0.9
91,394.0,0.393,30.4
92,393.0,-0.214,9.0
93,396.0,-0.216,9.3
94,417.0,0.106,2.4
95,409.0,2.076,881.9
96,419.0,-0.381,30.5
97,418.0,-0.06,0.7
98,432.0,-0.226,11.0
99,428.0,-0.375,30.1
100,437.0,-0.021,0.1
101,435.0,-0.742,119.7
102,438.0,0.155,5.2
103,443.0,0.397,35.0
104,439.0,-0.041,0.4
105,443.0,-0.62,85.3
106,446.0,0.084,1.6
107,448.0,0.185,7.7
108,449.0,-0.058,0.8
109,454.0,-0.023,0.1
110,464.0,0.174,7.0
111,464.0,0.073,1.2
112,469.0,-0.044,0.5
113,467.0,-0.426,42.4
114,478.0,0.353,29.8
115,471.0,0.334,26.3
116,486.0,-0.002,0.0
117,499.0,-0.405,40.9
118,495.0,0.225,12.6
119,504.0,0.071,1.3
120,500.0,0.058,0.8
121,504.0,0.382,36.7
122,506.0,0.03,0.2
123,509.0,0.046,0.5
124,510.0,0.228,13.3
125,517.0,0.026,0.2
126,518.0,0.216,12.0
127,526.0,0.137,5.0
128,533.0,-0.23,14.1
129,534.0,-0.526,73.9
130,548.0,-0.159,6.9
131,548.0,-0.181,9.0
132,561.0,-0.03,0.3
133,560.0,-0.034,0.3
134,571.0,0.056,0.9
135,572.0,0.034,0.3
136,573.0,-0.01,0.0
137,580.0,-0.006,0.0
138,574.0,0.017,0.1
139,583.0,0.148,6.4
140,579.0,-0.146,6.2
141,592.0,-0.002,0.0
142,585.0,0.141,5.8
143,597.0,0.054,0.9
144,605.0,-0.018,0.1
145,605.0,-0.699,148.0
146,611.0,-0.526,84.4
147,624.0,-0.057,1.0
148,616.0,0.027,0.2
149,626.0,0.027,0.2
150,633.0,-0.068,1.5
151,636.0,-0.096,2.9
152,635.0,-0.013,0.1
153,647.0,-0.011,0.0
154,649.0,0.043,0.6
155,659.0,0.048,0.7
156,653.0,0.024,0.2
157,662.0,0.238,18.7
158,663.0,0.104,3.6
159,667.0,0.028,0.3
160,678.0,-0.004,0.0
161,690.0,-0.169,9.9
162,695.0,0.117,4.8
163,709.0,0.259,23.8
164,697.0,-0.049,0.8
165,713.0,-0.06,1.3
166,705.0,-0.039,0.5
167,715.0,-0.155,8.6
168,709.0,-0.008,0.0
169,730.0,-0.249,22.6
170,710.0,-0.026,0.2
171,740.0,-0.007,0.0
172,714.0,-0.145,7.5
173,741.0,-0.006,0.0
174,727.0,0.06,1.3
175,748.0,0.004,0.0
176,744.0,-0.042,0.7
177,758.0,-0.023,0.2
178,753.0,0.069,1.8
179,758.0,0.037,0.5
180,760.0,-0.073,2.0
181,770.0,-0.033,0.4
182,761.0,0.006,0.0
183,786.0,0.002,0.0
184,771.0,0.002,0.0
185,802.0,0.059,1.4
186,799.0,-0.039,0.6
187,808.0,-0.193,15.0
188,807.0,0.057,1.3
189,810.0,0.208,17.5
190,812.0,0.023,0.2
191,815.0,0.029,0.3
192,815.0,0.051,1.1
193,816.0,0.045,0.8
194,816.0,-0.243,24.1
195,820.0,-0.222,20.1
196,820.0,-0.09,3.3
197,822.0,-0.181,13.4
198,829.0,0.008,0.0
199,825.0,0.041,0.7
200,831.0,0.293,35.7
201,831.0,0.014,0.1
202,833.0,-0.023,0.2
203,837.0,-0.136,7.8
204,834.0,-0.108,4.9
205,838.0,-0.177,13.1
206,842.0,-0.104,4.6
207,849.0,-0.052,1.2
208,854.0,0.004,0.0
209,857.0,0.114,5.5
210,858.0,-0.335,48.1
211,861.0,-0.416,74.5
212,877.0,0.021,0.2
213,903.0,0.0,0.0
214,905.0,0.069,2.1
215,908.0,0.065,1.9
216,922.0,-0.003,0.0
217,919.0,-0.185,15.8
218,924.0,0.14,9.0
219,930.0,0.143,9.5
220,934.0,0.037,0.6
221,943.0,0.006,0.0
222,937.0,0.008,0.0
223,950.0,0.002,0.0
224,945.0,0.0,0.0
225,955.0,0.0,0.0
226,957.0,-0.002,0.0
227,957.0,-0.12,6.9
228,958.0,-0.044,0.9
229,962.0,-0.039,0.7
230,964.0,0.021,0.2
231,970.0,0.001,0.0
232,968.0,0.137,9.1
233,973.0,0.022,0.2
234,974.0,0.009,0.0
235,973.0,0.007,0.0
236,976.0,-0.004,0.0
237,975.0,-0.016,0.1
238,978.0,-0.032,0.5
239,983.0,-0.001,0.0
240,988.0,0.007,0.0
241,986.0,0.002,0.0
242,988.0,0.005,0.0
243,987.0,0.027,0.4
244,1002.0,0.157,12.3
245,997.0,0.183,16.7
246,1029.0,-0.154,12.2
247,1024.0,-0.136,9.5
248,1035.0,-0.016,0.1
249,1031.0,-0.379,74.0
250,1061.0,0.023,0.3
251,1066.0,0.008,0.0
252,1083.0,-0.134,9.8
253,1079.0,-0.027,0.4
254,1095.0,-0.022,0.3
255,1082.0,-0.027,0.4
256,1110.0,0.016,0.1
257,1094.0,0.033,0.6
258,1134.0,0.049,1.4
259,1107.0,0.042,1.0
260,1136.0,0.017,0.2
261,1146.0,0.093,4.9
262,1149.0,0.002,0.0
263,1152.0,0.179,18.5
264,1155.0,0.001,0.0
265,1155.0,0.006,0.0
266,1157.0,0.129,9.7
267,1158.0,0.265,40.6
268,1163.0,-0.003,0.0
269,1164.0,-0.184,19.6
270,1164.0,0.063,2.3
271,1164.0,0.016,0.2
272,1175.0,-0.004,0.0
273,1174.0,-0.011,0.1
274,1176.0,-0.036,0.7
275,1188.0,-0.015,0.1
276,1186.0,-0.006,0.0
277,1190.0,-0.129,9.9
278,1196.0,0.007,0.0
279,1196.0,0.246,36.3
280,1203.0,-0.006,0.0
281,1199.0,-0.018,0.2
282,1206.0,0.199,23.9
283,1205.0,0.011,0.1
284,1212.0,-0.078,3.7
285,1220.0,-0.071,3.1
286,1224.0,-0.093,5.3
287,1226.0,-0.072,3.1
288,1233.0,-0.035,0.7
289,1230.0,-0.052,1.7
290,1235.0,0.265,43.5
291,1236.0,0.051,1.6
292,1242.0,-0.005,0.0
293,1247.0,-0.003,0.0
294,1251.0,0.012,0.1
295,1265.0,0.005,0.0
296,1263.0,-0.102,6.6
297,1280.0,-0.156,15.6
298,1268.0,0.113,8.1
299,1280.0,0.222,31.6
300,1299.0,0.27,47.2
301,1298.0,0.107,7.4
302,1316.0,0.121,9.6
303,1304.0,0.013,0.1
304,1317.0,0.155,15.8
305,1318.0,0.007,0.0
306,1318.0,0.027,0.5
307,1328.0,0.023,0.3
308,1334.0,-0.005,0.0
309,1337.0,-0.171,19.5
310,1351.0,0.225,34.1
311,1341.0,0.324,70.2
312,1357.0,-0.219,32.6
313,1346.0,-0.107,7.8
314,1361.0,0.349,82.7
315,1358.0,0.011,0.1
316,1366.0,-0.034,0.8
317,1363.0,-0.083,4.7
318,1380.0,0.574,227.2
319,1368.0,0.468,149.5
320,1382.0,-0.003,0.0
321,1372.0,-0.113,8.8
322,1392.0,0.102,7.3
323,1384.0,0.001,0.0
324,1400.0,-0.002,0.0
325,1393.0,-0.041,1.2
326,1404.0,0.255,45.5
327,1393.0,0.004,0.0
328,1404.0,-0.198,27.4
329,1397.0,-0.001,0.0
330,1416.0,0.04,1.1
331,1410.0,0.042,1.3
332,1420.0,-0.218,33.8
333,1424.0,-0.077,4.2
334,1430.0,-0.121,10.4
335,1430.0,-0.032,0.7
336,1438.0,0.217,34.0
337,1438.0,0.147,15.6
338,1439.0,-0.214,33.1
339,1444.0,-0.026,0.5
340,1445.0,-0.024,0.4
341,1458.0,-0.185,25.0
342,1447.0,-0.095,6.5
343,1463.0,-0.036,0.9
344,1458.0,-0.003,0.0
345,1465.0,-0.33,79.8
346,1461.0,0.143,15.0
347,1470.0,0.086,5.4
348,1466.0,-0.003,0.0
349,1471.0,-0.03,0.7
350,1469.0,0.413,125.5
351,1477.0,0.0,0.0
352,1485.0,-0.0,0.0
353,1483.0,-0.013,0.1
354,1492.0,-0.073,4.0
355,1484.0,-0.001,0.0
356,1497.0,-0.032,0.8
357,1487.0,-0.098,7.1
358,1505.0,0.0,0.0
359,1495.0,0.027,0.5
360,1511.0,-0.002,0.0
361,1507.0,-0.0,0.0
362,1522.0,0.012,0.1
363,1524.0,0.015,0.2
364,1527.0,-0.141,15.1
365,1535.0,-0.384,113.3
366,1534.0,-0.125,12.0
367,1537.0,-0.011,0.1
368,1547.0,0.066,3.3
369,1541.0,0.133,13.5
370,1555.0,0.217,36.7
371,1561.0,0.116,10.5
372,1558.0,-0.084,5.5
373,1573.0,-0.083,5.4
374,1570.0,-0.004,0.0
375,1574.0,-0.157,19.5
376,1581.0,-0.004,0.0
377,1581.0,-0.002,0.0
378,1599.0,-0.003,0.0
379,1593.0,-0.005,0.0
380,1600.0,0.098,7.6
381,1613.0,0.002,0.0
382,1607.0,-0.003,0.0
383,1620.0,-0.031,0.8
384,1623.0,-0.037,1.1
385,1623.0,-0.025,0.5
386,1646.0,-0.14,16.2
387,1631.0,-0.078,5.0
388,1685.0,0.001,0.0
389,1679.0,0.004,0.0
390,1705.0,0.003,0.0
391,1706.0,0.0,0.0
392,1725.0,0.087,6.6
393,1715.0,0.107,9.9
394,1741.0,-0.261,59.2
395,1737.0,-0.276,66.1
396,3028.0,-0.018,0.5
397,3028.0,-0.0,0.0
398,3034.0,0.0,0.0
399,3033.0,0.012,0.2
400,3038.0,-0.009,0.1
401,3045.0,-0.022,0.7
402,3055.0,0.0,0.0
403,3076.0,0.0,0.0
404,3092.0,-0.0,0.0
405,3085.0,-0.0,0.0
406,3095.0,0.007,0.1
407,3088.0,0.008,0.1
408,3112.0,-0.004,0.0
409,3108.0,-0.006,0.1
410,3132.0,-0.0,0.0
411,3131.0,-0.001,0.0
412,3143.0,-0.005,0.0
413,3141.0,-0.005,0.0
414,3176.0,-0.037,2.2
415,3174.0,-0.007,0.1
416,3180.0,-0.047,3.4
417,3190.0,-0.002,0.0
418,3195.0,-0.021,0.7
419,3190.0,-0.001,0.0
420,3197.0,-0.074,8.9
421,3194.0,-0.034,1.9
422,3198.0,0.001,0.0
423,3196.0,0.002,0.0
424,3198.0,0.0,0.0
425,3197.0,0.004,0.0
426,3199.0,0.013,0.3
427,3206.0,0.003,0.0
428,3201.0,0.032,1.7
429,3207.0,0.003,0.0
430,3205.0,0.0,0.0
431,3220.0,0.003,0.0
432,3205.0,-0.004,0.0
433,3220.0,-0.008,0.1
434,3213.0,-0.002,0.0
435,3222.0,-0.018,0.5
436,3213.0,0.002,0.0
437,3234.0,0.049,3.9
438,3224.0,0.001,0.0
439,3247.0,0.064,6.7
440,3224.0,-0.005,0.0
441,3248.0,-0.061,6.1
