,Frequencies,Displacement,Reorg Energy
0,-0.0,-0.0,-0.0
1,-0.0,-0.0,-0.0
2,-0.0,-0.0,-0.0
3,-0.0,-0.0,-0.0
4,-0.0,0.0,-0.0
5,-0.0,0.0,-0.0
6,0.0,0.0,0.0
7,0.0,0.0,0.0
8,0.0,-0.0,0.0
9,0.0,-0.0,0.0
10,0.0,0.0,0.0
11,0.0,0.0,0.0
12,7.0,-2.942,31.6
13,8.0,-2.849,30.9
14,14.0,7.637,400.9
15,12.0,10.844,688.8
16,15.0,-10.519,817.9
17,14.0,-4.97,174.2
18,25.0,-3.126,123.7
19,23.0,-2.85,91.4
20,28.0,-1.788,44.9
21,28.0,-0.135,0.3
22,40.0,0.498,5.0
23,42.0,0.484,4.9
24,55.0,-9.017,2234.5
25,51.0,-8.941,2043.5
26,58.0,5.642,920.1
27,56.0,4.089,471.2
28,65.0,11.341,4204.4
29,64.0,9.941,3145.2
30,71.0,3.115,342.5
31,69.0,1.258,54.3
32,86.0,8.22,2904.2
33,82.0,9.028,3342.0
34,92.0,2.362,257.1
35,90.0,6.97,2186.5
36,94.0,2.91,398.1
37,92.0,1.097,55.1
38,105.0,2.785,407.8
39,101.0,1.517,116.2
40,111.0,9.929,5491.6
41,109.0,11.366,7065.5
42,126.0,0.176,1.9
43,127.0,2.038,264.3
44,141.0,0.569,22.8
45,140.0,1.023,72.9
46,155.0,-0.575,25.6
47,149.0,-0.702,36.7
48,169.0,4.112,1432.9
49,163.0,4.133,1395.3
50,181.0,0.12,1.3
51,177.0,1.146,116.2
52,189.0,1.355,173.9
53,183.0,0.486,21.6
54,197.0,1.874,345.2
55,186.0,2.214,455.9
56,204.0,-0.171,3.0
57,205.0,-1.998,408.6
58,212.0,-1.25,165.9
59,216.0,-0.146,2.3
60,224.0,-0.227,5.8
61,218.0,-1.172,149.8
62,233.0,2.589,781.1
63,231.0,0.479,26.5
64,235.0,1.087,138.5
65,236.0,4.311,2194.1
66,236.0,4.341,2223.8
67,237.0,1.955,453.4
68,252.0,0.005,0.0
69,253.0,0.112,1.6
70,264.0,-0.699,64.5
71,270.0,-0.647,56.5
72,277.0,0.635,55.9
73,280.0,0.438,26.8
74,291.0,5.1,3779.0
75,288.0,4.848,3388.9
76,300.0,-0.201,6.1
77,312.0,-0.201,6.3
78,311.0,-0.117,2.1
79,315.0,-0.625,61.4
80,334.0,-1.661,459.9
81,332.0,-3.022,1513.8
82,344.0,-1.05,189.6
83,345.0,-0.861,128.2
84,349.0,-3.682,2368.3
85,351.0,-3.189,1786.0
86,365.0,0.967,170.5
87,364.0,1.994,724.2
88,373.0,-1.151,247.1
89,370.0,-1.291,308.3
90,394.0,-0.244,11.7
91,390.0,-0.457,40.7
92,396.0,0.397,31.2
93,395.0,0.585,67.6
94,409.0,2.365,1144.7
95,407.0,2.381,1155.1
96,418.0,0.229,11.0
97,429.0,0.638,87.2
98,428.0,-0.291,18.2
99,432.0,-1.489,479.1
100,435.0,2.373,1225.5
101,436.0,1.064,246.9
102,443.0,-1.026,233.2
103,437.0,-0.651,92.6
104,443.0,0.32,22.8
105,444.0,1.411,442.2
106,448.0,0.017,0.1
107,446.0,1.758,689.4
108,454.0,-2.752,1718.5
109,446.0,-0.437,42.6
110,464.0,-0.098,2.2
111,462.0,-0.113,3.0
112,467.0,1.086,275.2
113,467.0,1.976,911.3
114,471.0,2.638,1640.4
115,475.0,2.039,986.6
116,499.0,-0.737,135.4
117,478.0,-1.51,544.6
118,504.0,0.637,102.3
119,478.0,0.193,8.9
120,504.0,-0.384,37.2
121,503.0,-0.225,12.7
122,509.0,0.425,46.1
123,508.0,0.274,19.1
124,517.0,0.031,0.2
125,512.0,0.18,8.3
126,526.0,-0.228,13.7
127,533.0,-0.036,0.4
128,534.0,-0.001,0.0
129,535.0,-0.419,46.9
130,548.0,0.507,70.4
131,552.0,0.383,40.4
132,560.0,-0.037,0.4
133,556.0,-0.088,2.1
134,572.0,0.032,0.3
135,572.0,0.079,1.8
136,580.0,-0.024,0.2
137,577.0,-0.042,0.5
138,583.0,0.416,50.3
139,585.0,0.337,33.2
140,592.0,0.449,59.7
141,585.0,0.094,2.6
142,597.0,-0.081,2.0
143,595.0,-0.464,64.0
144,605.0,0.431,56.3
145,605.0,0.309,28.8
146,624.0,-0.042,0.5
147,623.0,-0.006,0.0
148,626.0,-0.012,0.0
149,630.0,-0.06,1.1
150,636.0,-0.006,0.0
151,633.0,-0.026,0.2
152,647.0,0.028,0.2
153,646.0,0.009,0.0
154,659.0,0.215,15.2
155,657.0,0.232,17.7
156,662.0,-0.038,0.5
157,660.0,-0.033,0.4
158,667.0,0.049,0.8
159,667.0,0.043,0.6
160,690.0,-0.126,5.4
161,688.0,-0.034,0.4
162,709.0,0.229,18.7
163,710.0,0.149,7.9
164,713.0,0.009,0.0
165,714.0,0.006,0.0
166,715.0,-0.088,2.8
167,716.0,-0.008,0.0
168,730.0,-0.167,10.2
169,724.0,-0.18,11.7
170,740.0,-0.028,0.3
171,736.0,-0.09,3.0
172,741.0,0.02,0.1
173,740.0,0.088,2.9
174,748.0,-0.172,11.1
175,749.0,-0.003,0.0
176,758.0,0.049,0.9
177,753.0,0.039,0.6
178,758.0,-0.128,6.2
179,760.0,-0.119,5.4
180,770.0,0.17,11.1
181,770.0,0.135,7.0
182,786.0,0.136,7.3
183,784.0,0.166,10.8
184,802.0,-0.073,2.2
185,795.0,-0.036,0.5
186,808.0,-0.207,17.2
187,802.0,-0.167,11.2
188,810.0,0.333,44.9
189,806.0,0.35,49.3
190,815.0,0.059,1.4
191,811.0,0.074,2.2
192,816.0,-0.052,1.1
193,818.0,-0.022,0.2
194,820.0,0.082,2.8
195,821.0,0.039,0.6
196,822.0,0.059,1.5
197,836.0,0.156,10.2
198,825.0,-0.0,0.0
199,845.0,-0.101,4.3
200,831.0,-0.034,0.5
201,856.0,-0.273,31.8
202,837.0,0.191,15.2
203,860.0,0.021,0.2
204,838.0,0.24,24.2
205,865.0,0.033,0.5
206,849.0,0.076,2.4
207,866.0,0.001,0.0
208,857.0,0.029,0.4
209,872.0,0.025,0.3
210,861.0,-0.04,0.7
211,873.0,-0.007,0.0
212,903.0,0.008,0.0
213,906.0,0.002,0.0
214,908.0,0.164,12.2
215,908.0,0.142,9.2
216,919.0,-0.252,29.1
217,918.0,-0.172,13.6
218,930.0,0.276,35.4
219,926.0,0.194,17.5
220,943.0,1.471,1019.4
221,946.0,1.362,877.5
222,950.0,0.002,0.0
223,951.0,0.002,0.0
224,955.0,-2.055,2017.8
225,957.0,-0.063,1.9
226,957.0,-0.011,0.1
227,957.0,-2.159,2232.1
228,962.0,-0.01,0.0
229,965.0,-0.011,0.1
230,970.0,-0.009,0.0
231,974.0,-0.019,0.2
232,973.0,-0.141,9.7
233,978.0,-0.246,29.6
234,973.0,0.027,0.4
235,984.0,0.138,9.3
236,975.0,-0.164,13.1
237,995.0,-0.017,0.1
238,983.0,-0.046,1.0
239,996.0,-0.077,2.9
240,986.0,-0.015,0.1
241,999.0,-0.015,0.1
242,987.0,0.334,55.1
243,1004.0,0.038,0.7
244,997.0,0.171,14.5
245,1008.0,0.002,0.0
246,1024.0,-0.199,20.2
247,1022.0,-0.531,143.8
248,1031.0,0.515,136.9
249,1026.0,0.251,32.2
250,1066.0,0.149,11.9
251,1065.0,0.05,1.4
252,1079.0,-0.156,13.2
253,1081.0,-0.115,7.1
254,1082.0,-0.578,180.7
255,1102.0,-0.377,78.4
256,1094.0,-0.121,8.0
257,1107.0,-0.049,1.3
258,1107.0,-0.057,1.8
259,1116.0,-0.026,0.4
260,1146.0,-0.122,8.6
261,1154.0,-0.059,2.0
262,1152.0,-0.155,13.9
263,1154.0,-0.073,3.0
264,1155.0,1.382,1102.4
265,1156.0,1.505,1309.5
266,1158.0,0.334,64.7
267,1164.0,0.352,72.1
268,1164.0,-0.025,0.4
269,1165.0,-0.006,0.0
270,1164.0,-0.002,0.0
271,1168.0,-0.628,230.5
272,1174.0,0.395,91.6
273,1179.0,0.545,175.3
274,1188.0,-1.342,1070.1
275,1196.0,-1.426,1215.5
276,1190.0,0.215,27.5
277,1197.0,0.213,27.3
278,1196.0,-0.68,276.6
279,1205.0,-0.884,471.2
280,1199.0,0.986,583.3
281,1211.0,0.346,72.7
282,1205.0,0.174,18.2
283,1215.0,0.202,24.9
284,1220.0,0.438,117.1
285,1220.0,0.936,535.0
286,1226.0,-0.84,432.9
287,1223.0,-0.218,29.1
288,1230.0,-0.327,65.9
289,1230.0,-0.459,129.3
290,1236.0,0.569,200.1
291,1241.0,0.722,323.2
292,1247.0,-0.138,11.8
293,1249.0,-0.325,66.1
294,1265.0,0.016,0.2
295,1271.0,0.282,50.6
296,1280.0,0.039,1.0
297,1275.0,0.354,80.1
298,1280.0,0.01,0.1
299,1281.0,0.015,0.1
300,1298.0,-0.58,218.1
301,1305.0,-0.175,20.0
302,1304.0,0.626,255.9
303,1317.0,0.029,0.6
304,1318.0,-0.026,0.4
305,1323.0,-0.428,121.2
306,1328.0,-0.349,81.0
307,1331.0,-0.302,60.7
308,1337.0,-0.182,22.0
309,1336.0,-0.041,1.1
310,1341.0,0.075,3.8
311,1340.0,0.373,93.2
312,1346.0,-0.01,0.1
313,1342.0,-0.134,12.1
314,1358.0,0.05,1.7
315,1349.0,0.025,0.4
316,1363.0,0.114,8.9
317,1368.0,0.022,0.3
318,1368.0,0.034,0.8
319,1370.0,0.136,12.7
320,1372.0,0.278,53.0
321,1374.0,0.264,47.7
322,1384.0,-4.937,16866.9
323,1376.0,-0.578,229.7
324,1393.0,0.094,6.2
325,1381.0,5.966,24575.5
326,1393.0,0.039,1.1
327,1403.0,1.546,1676.9
328,1397.0,3.85,10355.4
329,1406.0,0.242,41.2
330,1410.0,-0.222,34.8
331,1420.0,-0.063,2.8
332,1424.0,-0.836,497.8
333,1428.0,-0.164,19.2
334,1430.0,-0.337,81.2
335,1434.0,-0.133,12.7
336,1438.0,-0.619,275.6
337,1439.0,-0.881,558.6
338,1444.0,-0.034,0.8
339,1445.0,-0.022,0.3
340,1458.0,-0.005,0.0
341,1454.0,-0.06,2.7
342,1463.0,-0.097,6.9
343,1464.0,-0.016,0.2
344,1465.0,0.034,0.8
345,1465.0,0.046,1.6
346,1470.0,-0.051,1.9
347,1473.0,-0.074,4.0
348,1471.0,-0.029,0.6
349,1477.0,-0.241,42.7
350,1477.0,-0.041,1.3
351,1486.0,-0.012,0.1
352,1483.0,0.083,5.1
353,1486.0,1.087,878.2
354,1484.0,-1.193,1055.1
355,1490.0,-0.013,0.1
356,1487.0,0.004,0.0
357,1499.0,0.104,8.2
358,1495.0,0.06,2.7
359,1505.0,0.309,71.9
360,1507.0,0.218,35.8
361,1506.0,0.016,0.2
362,1524.0,0.223,38.0
363,1522.0,0.193,28.4
364,1535.0,0.119,10.8
365,1537.0,0.0,0.0
366,1537.0,-0.02,0.3
367,1538.0,-0.005,0.0
368,1541.0,-0.144,16.1
369,1544.0,-0.055,2.4
370,1561.0,-0.057,2.5
371,1560.0,-0.004,0.0
372,1573.0,-0.013,0.1
373,1562.0,-0.031,0.8
374,1574.0,-0.006,0.0
375,1603.0,-0.281,63.1
376,1581.0,0.021,0.4
377,1608.0,0.067,3.6
378,1593.0,0.018,0.3
379,1618.0,0.265,56.8
380,1613.0,0.022,0.4
381,1627.0,0.464,174.9
382,1620.0,-0.397,127.8
383,1629.0,-0.068,3.8
384,1623.0,-0.393,125.1
385,1633.0,-0.177,25.6
386,1631.0,-0.263,56.5
387,1647.0,-0.019,0.3
388,1679.0,0.095,7.5
389,1719.0,0.081,5.7
390,1706.0,-0.002,0.0
391,1726.0,-0.0,0.0
392,1715.0,0.018,0.3
393,1757.0,0.257,57.9
394,1737.0,0.508,224.4
395,1763.0,0.097,8.4
396,3028.0,-0.012,0.2
397,3037.0,-0.024,0.9
398,3033.0,0.019,0.6
399,3041.0,0.007,0.1
400,3045.0,-0.001,0.0
401,3042.0,-0.005,0.0
402,3076.0,0.0,0.0
403,3073.0,0.0,0.0
404,3085.0,0.019,0.6
405,3096.0,0.003,0.0
406,3088.0,-0.003,0.0
407,3099.0,-0.023,0.8
408,3108.0,0.005,0.0
409,3115.0,0.007,0.1
410,3131.0,0.183,52.3
411,3134.0,0.18,50.8
412,3141.0,-0.001,0.0
413,3145.0,-0.001,0.0
414,3174.0,0.03,1.5
415,3181.0,0.022,0.8
416,3190.0,0.001,0.0
417,3197.0,0.004,0.0
418,3190.0,-0.0,0.0
419,3197.0,-0.002,0.0
420,3194.0,0.032,1.6
421,3202.0,0.034,1.8
422,3196.0,0.001,0.0
423,3204.0,0.001,0.0
424,3197.0,-0.001,0.0
425,3204.0,-0.0,0.0
426,3206.0,-0.001,0.0
427,3211.0,-0.0,0.0
428,3207.0,-0.001,0.0
429,3211.0,-0.0,0.0
430,3220.0,-0.001,0.0
431,3219.0,-0.002,0.0
432,3220.0,0.003,0.0
433,3222.0,0.0,0.0
434,3222.0,-0.006,0.1
435,3222.0,-0.0,0.0
436,3234.0,-0.005,0.0
437,3228.0,-0.038,2.3
438,3247.0,0.215,74.9
439,3237.0,0.119,22.9
440,3248.0,0.188,57.1
441,3237.0,0.251,101.6
