,Frequencies,Displacement,Reorg Energy
0,-0.0,-0.0,-0.0
1,-0.0,-0.0,-0.0
2,-0.0,0.0,-0.0
3,-0.0,0.0,-0.0
4,0.0,-0.0,0.0
5,-0.0,-0.0,-0.0
6,0.0,0.0,0.0
7,0.0,0.0,0.0
8,0.0,-0.0,0.0
9,0.0,-0.0,0.0
10,0.0,0.0,0.0
11,0.0,0.0,0.0
12,16.0,0.004,0.0
13,18.0,0.023,0.0
14,23.0,-0.793,7.2
15,20.0,-0.022,0.0
16,25.0,0.013,0.0
17,24.0,0.811,7.8
18,47.0,0.009,0.0
19,45.0,0.007,0.0
20,75.0,1.211,55.1
21,76.0,1.176,52.6
22,93.0,-0.005,0.0
23,97.0,-0.002,0.0
24,134.0,-0.01,0.0
25,127.0,-0.001,0.0
26,134.0,-0.248,4.1
27,134.0,-0.279,5.2
28,151.0,0.0,0.0
29,147.0,0.0,0.0
30,176.0,-0.002,0.0
31,179.0,-0.001,0.0
32,193.0,0.001,0.0
33,196.0,0.148,2.2
34,197.0,-0.112,1.2
35,196.0,-0.027,0.1
36,229.0,-0.002,0.0
37,232.0,-0.001,0.0
38,244.0,-0.001,0.0
39,253.0,-0.002,0.0
40,253.0,-0.33,13.8
41,256.0,-0.291,10.9
42,271.0,0.007,0.0
43,266.0,0.005,0.0
44,310.0,-0.002,0.0
45,341.0,-0.001,0.0
46,331.0,0.003,0.0
47,352.0,0.097,1.7
48,352.0,-0.099,1.7
49,355.0,-0.003,0.0
50,405.0,0.096,1.9
51,404.0,0.108,2.3
52,423.0,0.236,11.7
53,424.0,0.223,10.6
54,437.0,0.0,0.0
55,441.0,0.0,0.0
56,442.0,0.225,11.2
57,450.0,0.198,8.8
58,453.0,0.002,0.0
59,469.0,0.002,0.0
60,494.0,0.032,0.3
61,497.0,0.052,0.7
62,504.0,-0.131,4.3
63,509.0,-0.14,5.0
64,512.0,0.002,0.0
65,528.0,0.002,0.0
66,536.0,-0.0,0.0
67,546.0,-0.072,1.4
68,541.0,0.007,0.0
69,551.0,0.001,0.0
70,561.0,0.241,16.3
71,571.0,0.119,4.0
72,567.0,0.001,0.0
73,577.0,0.0,0.0
74,585.0,0.46,62.0
75,602.0,0.515,79.9
76,605.0,0.0,0.0
77,624.0,0.002,0.0
78,628.0,0.001,0.0
79,633.0,0.001,0.0
80,633.0,-0.095,2.9
81,647.0,-0.043,0.6
82,650.0,0.224,16.3
83,660.0,0.244,19.7
84,681.0,-0.0,0.0
85,700.0,-0.0,0.0
86,700.0,-0.053,1.0
87,710.0,-0.042,0.6
88,710.0,0.091,2.9
89,715.0,0.088,2.8
90,728.0,-0.0,0.0
91,737.0,-0.0,0.0
92,759.0,0.115,5.0
93,772.0,0.0,0.0
94,768.0,-0.0,0.0
95,773.0,-0.12,5.6
96,775.0,-0.079,2.4
97,789.0,-0.139,7.6
98,786.0,0.001,0.0
99,823.0,0.071,2.1
100,814.0,0.058,1.4
101,834.0,0.0,0.0
102,817.0,-0.001,0.0
103,841.0,-0.0,0.0
104,856.0,-0.0,0.0
105,865.0,-0.0,0.0
106,857.0,0.001,0.0
107,879.0,0.0,0.0
108,874.0,0.0,0.0
109,896.0,0.0,0.0
110,891.0,0.002,0.0
111,914.0,0.093,3.9
112,912.0,0.113,5.9
113,938.0,0.001,0.0
114,938.0,0.0,0.0
115,949.0,0.0,0.0
116,941.0,0.001,0.0
117,952.0,0.002,0.0
118,945.0,0.034,0.5
119,952.0,0.035,0.6
120,980.0,0.0,0.0
121,988.0,0.0,0.0
122,988.0,0.016,0.1
123,1001.0,0.082,3.4
124,988.0,0.077,2.9
125,1013.0,0.054,1.5
126,996.0,-0.008,0.0
127,1027.0,-0.001,0.0
128,1032.0,0.056,1.6
129,1036.0,0.058,1.7
130,1064.0,0.15,12.0
131,1072.0,0.159,13.6
132,1090.0,-0.161,14.2
133,1107.0,-0.014,0.1
134,1103.0,-0.054,1.6
135,1110.0,-0.012,0.1
136,1114.0,0.042,1.0
137,1119.0,0.144,11.5
138,1143.0,-0.113,7.3
139,1145.0,-0.073,3.0
140,1154.0,-0.0,0.0
141,1151.0,-0.0,0.0
142,1174.0,-0.158,14.6
143,1174.0,-0.062,2.2
144,1181.0,0.007,0.0
145,1184.0,0.021,0.3
146,1211.0,0.039,0.9
147,1207.0,0.094,5.3
148,1225.0,0.626,239.9
149,1224.0,0.349,74.7
150,1248.0,-0.126,10.0
151,1260.0,-0.04,1.0
152,1266.0,0.042,1.1
153,1269.0,0.032,0.7
154,1272.0,0.007,0.0
155,1276.0,0.032,0.7
156,1277.0,0.031,0.6
157,1312.0,0.435,124.4
158,1291.0,-0.008,0.0
159,1317.0,-0.021,0.3
160,1312.0,0.345,78.2
161,1334.0,0.079,4.1
162,1335.0,-0.111,8.2
163,1343.0,-0.061,2.5
164,1351.0,0.22,32.6
165,1354.0,0.351,83.2
166,1357.0,-0.023,0.3
167,1386.0,-0.029,0.6
168,1390.0,-0.045,1.4
169,1407.0,-0.32,71.9
170,1425.0,-0.093,6.1
171,1412.0,-0.347,84.9
172,1435.0,0.119,10.2
173,1442.0,0.034,0.8
174,1444.0,-0.187,25.2
175,1458.0,-0.274,54.9
176,1457.0,0.323,76.0
177,1460.0,0.13,12.4
178,1465.0,-0.017,0.2
179,1476.0,-0.247,44.9
180,1475.0,0.453,151.1
181,1487.0,0.119,10.6
182,1491.0,-0.275,56.2
183,1523.0,-0.459,160.4
184,1497.0,-0.236,41.8
185,1528.0,-0.243,45.0
186,1512.0,-0.177,23.8
187,1535.0,-0.025,0.5
188,1553.0,-0.029,0.6
189,1593.0,-0.023,0.4
190,1570.0,0.311,76.1
191,1632.0,0.171,23.8
192,1575.0,0.02,0.3
193,1640.0,0.064,3.3
194,1619.0,0.008,0.1
195,1642.0,0.422,146.2
196,3024.0,0.002,0.0
197,3030.0,0.002,0.0
198,3049.0,0.0,0.0
199,3058.0,0.0,0.0
200,3137.0,0.002,0.0
201,3134.0,0.015,0.3
202,3147.0,-0.013,0.2
203,3141.0,-0.001,0.0
204,3155.0,-0.006,0.1
205,3153.0,-0.01,0.1
206,3164.0,-0.01,0.2
207,3162.0,-0.001,0.0
208,3165.0,-0.002,0.0
209,3167.0,-0.002,0.0
210,3177.0,0.001,0.0
211,3179.0,0.001,0.0
212,3189.0,0.001,0.0
213,3190.0,0.001,0.0
214,3196.0,-0.001,0.0
215,3197.0,-0.002,0.0
216,3199.0,-0.001,0.0
217,3201.0,-0.003,0.0
218,3209.0,0.011,0.2
219,3202.0,0.011,0.2
