,Frequencies,Displacement,Reorg Energy
0,-0.0,0.0,-0.0
1,-0.0,0.0,-0.0
2,-0.0,0.0,-0.0
3,-0.0,0.0,-0.0
4,0.0,0.0,0.0
5,-0.0,0.0,-0.0
6,0.0,-0.0,0.0
7,-0.0,-0.0,-0.0
8,0.0,-0.0,0.0
9,0.0,-0.0,0.0
10,0.0,-0.0,0.0
11,0.0,-0.0,0.0
12,19.0,-0.001,0.0
13,22.0,-0.001,0.0
14,34.0,-0.765,9.8
15,26.0,-0.001,0.0
16,34.0,0.081,0.1
17,34.0,0.754,9.7
18,58.0,-0.006,0.0
19,63.0,-0.005,0.0
20,101.0,1.346,91.9
21,104.0,1.312,89.2
22,112.0,-0.002,0.0
23,122.0,-0.0,0.0
24,136.0,0.002,0.0
25,142.0,0.002,0.0
26,180.0,0.002,0.0
27,180.0,0.001,0.0
28,186.0,0.418,16.2
29,184.0,0.428,16.8
30,189.0,-0.001,0.0
31,194.0,-0.001,0.0
32,218.0,-0.044,0.2
33,218.0,-0.102,1.1
34,237.0,-0.001,0.0
35,236.0,-0.001,0.0
36,267.0,-0.0,0.0
37,255.0,-0.001,0.0
38,299.0,-0.001,0.0
39,311.0,-0.002,0.0
40,319.0,0.003,0.0
41,344.0,0.155,4.2
42,345.0,0.156,4.2
43,346.0,0.002,0.0
44,419.0,0.316,21.0
45,419.0,0.316,20.9
46,435.0,0.002,0.0
47,438.0,0.331,23.9
48,436.0,0.348,26.4
49,439.0,0.001,0.0
50,446.0,0.002,0.0
51,469.0,0.002,0.0
52,469.0,-0.055,0.7
53,470.0,-0.048,0.5
54,489.0,-0.0,0.0
55,509.0,-0.165,6.9
56,503.0,-0.154,6.0
57,515.0,-0.0,0.0
58,534.0,-0.0,0.0
59,545.0,-0.051,0.7
60,539.0,-0.095,2.5
61,554.0,-0.0,0.0
62,553.0,-0.361,36.1
63,570.0,-0.189,10.2
64,563.0,0.001,0.0
65,578.0,0.0,0.0
66,575.0,0.241,16.7
67,603.0,0.442,59.0
68,603.0,0.0,0.0
69,626.0,0.001,0.0
70,610.0,0.514,80.5
71,631.0,0.361,41.2
72,627.0,0.0,0.0
73,635.0,0.0,0.0
74,642.0,-0.328,34.6
75,658.0,-0.087,2.5
76,654.0,0.286,26.7
77,679.0,0.555,104.7
78,677.0,0.0,0.0
79,701.0,0.0,0.0
80,706.0,0.073,1.9
81,715.0,0.143,7.3
82,708.0,0.149,7.8
83,715.0,0.089,2.9
84,726.0,0.0,0.0
85,736.0,0.0,0.0
86,768.0,-0.0,0.0
87,771.0,-0.0,0.0
88,787.0,0.004,0.0
89,802.0,0.01,0.0
90,790.0,-0.0,0.0
91,821.0,-0.094,3.6
92,803.0,-0.0,0.0
93,838.0,-0.0,0.0
94,810.0,-0.097,3.8
95,863.0,-0.0,0.0
96,856.0,-0.0,0.0
97,865.0,-0.0,0.0
98,873.0,0.0,0.0
99,880.0,0.0,0.0
100,906.0,-0.0,0.0
101,918.0,-0.118,6.4
102,913.0,0.131,7.9
103,938.0,0.0,0.0
104,939.0,-0.0,0.0
105,949.0,-0.0,0.0
106,941.0,-0.053,1.3
107,950.0,-0.074,2.6
108,946.0,0.0,0.0
109,988.0,0.0,0.0
110,980.0,-0.0,0.0
111,988.0,-0.0,0.0
112,980.0,-0.15,11.0
113,1002.0,-0.119,7.1
114,997.0,0.045,1.0
115,1010.0,0.172,14.9
116,1031.0,-0.055,1.6
117,1037.0,-0.049,1.2
118,1063.0,0.134,9.6
119,1072.0,0.16,13.7
120,1100.0,0.009,0.0
121,1110.0,0.033,0.6
122,1115.0,0.084,3.9
123,1119.0,0.068,2.6
124,1143.0,0.098,5.5
125,1145.0,0.089,4.5
126,1153.0,-0.002,0.0
127,1151.0,-0.0,0.0
128,1155.0,0.17,16.8
129,1166.0,0.107,6.6
130,1181.0,0.007,0.0
131,1183.0,0.005,0.0
132,1196.0,-0.099,5.9
133,1201.0,-0.01,0.1
134,1204.0,0.252,38.3
135,1235.0,0.154,14.7
136,1241.0,0.478,141.5
137,1264.0,0.041,1.1
138,1264.0,-0.115,8.4
139,1274.0,-0.043,1.2
140,1271.0,-0.205,26.7
141,1299.0,-0.391,99.1
142,1278.0,-0.149,14.2
143,1316.0,-0.226,33.7
144,1329.0,0.28,52.2
145,1331.0,0.205,28.0
146,1337.0,-0.121,9.8
147,1344.0,-0.074,3.7
148,1357.0,-0.367,91.4
149,1364.0,-0.324,71.4
150,1358.0,-0.124,10.4
151,1405.0,-0.313,68.9
152,1400.0,0.297,61.7
153,1423.0,0.537,205.2
154,1446.0,-0.037,1.0
155,1441.0,-0.078,4.4
156,1451.0,-0.341,84.3
157,1458.0,-0.141,14.5
158,1455.0,0.084,5.1
159,1460.0,0.286,59.9
160,1464.0,-0.074,4.0
161,1466.0,-0.439,141.1
162,1478.0,0.35,90.4
163,1488.0,0.097,7.0
164,1493.0,-0.063,3.0
165,1521.0,-0.375,106.7
166,1504.0,-0.6,270.4
167,1529.0,-0.19,27.6
168,1508.0,0.156,18.3
169,1551.0,0.131,13.4
170,1563.0,-0.253,50.1
171,1594.0,-0.01,0.1
172,1571.0,-0.057,2.5
173,1636.0,-0.016,0.2
174,1617.0,-0.013,0.1
175,1647.0,-0.539,239.1
176,3013.0,-0.002,0.0
177,3030.0,-0.007,0.1
178,3035.0,-0.0,0.0
179,3058.0,-0.0,0.0
180,3163.0,-0.009,0.1
181,3154.0,-0.02,0.6
182,3167.0,0.002,0.0
183,3164.0,0.006,0.1
184,3172.0,-0.009,0.1
185,3167.0,-0.001,0.0
186,3178.0,-0.002,0.0
187,3179.0,-0.001,0.0
188,3189.0,0.0,0.0
189,3190.0,0.0,0.0
190,3197.0,0.003,0.0
191,3197.0,0.004,0.0
192,3198.0,-0.002,0.0
193,3197.0,-0.012,0.2
194,3201.0,-0.013,0.3
195,3201.0,-0.002,0.0
