,Frequencies,Displacement,Reorg Energy
0,-0.0,-0.0,-0.0
1,-0.0,-0.0,-0.0
2,0.0,-0.0,0.0
3,-0.0,-0.0,-0.0
4,0.0,0.0,0.0
5,0.0,0.0,0.0
6,0.0,-0.0,0.0
7,0.0,-0.0,0.0
8,0.0,-0.0,0.0
9,0.0,-0.0,0.0
10,0.0,0.0,0.0
11,0.0,0.0,0.0
12,40.0,-3.918,303.2
13,13.0,-2.501,41.8
14,45.0,1.77,70.7
15,42.0,0.006,0.0
16,78.0,0.053,0.1
17,94.0,0.2,1.9
18,124.0,-0.239,3.6
19,115.0,-0.056,0.2
20,144.0,0.41,12.1
21,138.0,0.036,0.1
22,186.0,0.759,53.7
23,204.0,0.734,55.1
24,224.0,-0.431,20.8
25,206.0,-0.481,23.9
26,253.0,0.26,8.6
27,253.0,0.043,0.2
28,259.0,1.085,152.7
29,269.0,0.934,117.2
30,290.0,0.036,0.2
31,329.0,0.066,0.7
32,357.0,0.053,0.5
33,361.0,0.143,3.7
34,414.0,-0.262,14.2
35,393.0,-0.116,2.6
36,436.0,0.311,21.1
37,442.0,0.387,33.1
38,467.0,-0.134,4.2
39,444.0,-0.108,2.6
40,477.0,-0.214,10.9
41,465.0,-0.039,0.3
42,516.0,0.124,4.0
43,520.0,0.306,24.3
44,556.0,-0.02,0.1
45,551.0,-0.004,0.0
46,570.0,0.054,0.8
47,572.0,0.076,1.7
48,585.0,0.094,2.6
49,586.0,0.048,0.7
50,608.0,-0.568,98.1
51,601.0,-0.593,105.7
52,632.0,0.012,0.0
53,622.0,0.065,1.3
54,634.0,-0.039,0.5
55,646.0,-0.041,0.5
56,659.0,-0.183,11.0
57,654.0,-0.114,4.2
58,696.0,-0.044,0.7
59,676.0,-0.005,0.0
60,698.0,0.314,34.4
61,687.0,0.376,48.6
62,708.0,-0.137,6.7
63,712.0,-0.353,44.2
64,714.0,0.352,44.3
65,755.0,0.013,0.1
66,774.0,0.077,2.3
67,780.0,0.019,0.1
68,817.0,-0.179,13.1
69,817.0,-0.158,10.2
70,848.0,0.137,8.0
71,830.0,0.166,11.4
72,850.0,0.057,1.4
73,862.0,0.062,1.6
74,877.0,-0.009,0.0
75,908.0,-0.012,0.1
76,920.0,-0.149,10.2
77,915.0,-0.135,8.4
78,924.0,-0.081,3.0
79,942.0,-0.004,0.0
80,936.0,-0.003,0.0
81,952.0,-0.01,0.0
82,958.0,0.067,2.2
83,956.0,0.107,5.5
84,978.0,0.05,1.2
85,994.0,0.062,1.9
86,999.0,0.026,0.3
87,995.0,0.245,29.8
88,1001.0,0.189,17.9
89,1008.0,0.128,8.2
90,1014.0,-0.127,8.1
91,1024.0,-0.063,2.0
92,1028.0,-0.172,15.2
93,1025.0,-0.003,0.0
94,1053.0,0.069,2.5
95,1046.0,0.075,3.0
96,1104.0,0.049,1.4
97,1105.0,0.045,1.1
98,1110.0,-0.019,0.2
99,1113.0,-0.123,8.4
100,1149.0,-0.0,0.0
101,1167.0,-0.0,0.0
102,1174.0,-0.064,2.4
103,1186.0,-0.172,17.5
104,1183.0,0.007,0.0
105,1198.0,0.088,4.7
106,1206.0,0.098,5.8
107,1207.0,0.129,10.0
108,1212.0,-0.134,10.9
109,1220.0,-0.321,62.7
110,1234.0,0.2,24.8
111,1227.0,0.103,6.5
112,1268.0,-0.06,2.3
113,1280.0,-0.034,0.7
114,1317.0,0.027,0.5
115,1331.0,0.365,88.5
116,1357.0,0.107,7.7
117,1336.0,0.237,37.6
118,1361.0,-0.368,92.2
119,1359.0,-0.419,119.2
120,1404.0,0.37,96.1
121,1369.0,0.06,2.4
122,1423.0,-0.256,46.8
123,1432.0,-0.029,0.6
124,1439.0,0.213,32.6
125,1439.0,0.061,2.7
126,1458.0,0.07,3.6
127,1461.0,0.065,3.1
128,1468.0,-0.527,203.5
129,1474.0,-0.315,73.2
130,1479.0,0.126,11.8
131,1481.0,0.111,9.1
132,1519.0,0.036,1.0
133,1489.0,0.173,22.2
134,1532.0,0.028,0.6
135,1524.0,0.202,31.1
136,1556.0,0.162,20.5
137,1545.0,0.407,128.3
138,1613.0,-0.01,0.1
139,1591.0,-0.036,1.0
140,1641.0,-0.095,7.4
141,1624.0,-0.119,11.4
142,3027.0,0.014,0.3
143,3043.0,0.016,0.4
144,3055.0,0.0,0.0
145,3074.0,0.0,0.0
146,3161.0,0.009,0.1
147,3177.0,0.0,0.0
148,3167.0,-0.001,0.0
149,3187.0,-0.005,0.0
150,3177.0,-0.006,0.1
151,3196.0,-0.005,0.0
152,3183.0,-0.001,0.0
153,3204.0,-0.004,0.0
154,3191.0,-0.02,0.6
155,3209.0,-0.023,0.8
156,3199.0,-0.013,0.3
157,3220.0,-0.016,0.4
158,3201.0,0.019,0.6
159,3230.0,0.021,0.7
