,Frequencies,Displacement,Reorg Energy
0,-0.0,0.0,-0.0
1,-0.0,0.0,-0.0
2,-0.0,0.0,-0.0
3,-0.0,0.0,-0.0
4,-0.0,0.0,-0.0
5,-0.0,0.0,-0.0
6,0.0,0.0,0.0
7,0.0,0.0,0.0
8,0.0,-0.0,0.0
9,0.0,-0.0,0.0
10,0.0,-0.0,0.0
11,0.0,-0.0,0.0
12,111.0,0.0,0.0
13,104.0,0.0,0.0
14,141.0,0.0,0.0
15,138.0,0.0,0.0
16,201.0,0.591,35.1
17,209.0,0.605,38.2
18,251.0,0.0,0.0
19,253.0,0.0,0.0
20,253.0,0.0,0.0
21,291.0,0.0,0.0
22,424.0,-0.0,0.0
23,424.0,-0.0,0.0
24,453.0,-1.042,246.0
25,438.0,-0.0,0.0
26,465.0,0.0,0.0
27,463.0,1.029,245.3
28,480.0,0.0,0.0
29,473.0,0.0,0.0
30,571.0,0.0,0.0
31,568.0,0.0,0.0
32,576.0,0.0,0.0
33,572.0,0.0,0.0
34,600.0,-0.922,254.8
35,596.0,-0.993,293.8
36,623.0,0.0,0.0
37,649.0,0.0,0.0
38,665.0,0.0,0.0
39,654.0,0.0,0.0
40,683.0,0.0,0.0
41,703.0,0.233,19.1
42,706.0,0.0,0.0
43,762.0,0.0,0.0
44,710.0,-0.338,40.6
45,765.0,-0.0,0.0
46,801.0,-0.0,0.0
47,793.0,-0.0,0.0
48,831.0,0.397,65.3
49,824.0,0.33,44.9
50,872.0,0.0,0.0
51,901.0,0.0,0.0
52,880.0,0.0,0.0
53,919.0,0.0,0.0
54,936.0,0.0,0.0
55,940.0,0.0,0.0
56,942.0,0.0,0.0
57,956.0,0.0,0.0
58,997.0,-0.385,74.0
59,977.0,-0.42,86.0
60,1004.0,0.0,0.0
61,1001.0,0.0,0.0
62,1109.0,-0.081,3.6
63,1097.0,-0.001,0.0
64,1111.0,0.0,0.0
65,1097.0,0.179,17.5
66,1149.0,0.0,0.0
67,1169.0,0.0,0.0
68,1181.0,-0.0,0.0
69,1206.0,-0.0,0.0
70,1241.0,-0.02,0.3
71,1251.0,-0.252,39.8
72,1273.0,0.0,0.0
73,1277.0,0.0,0.0
74,1353.0,-0.483,157.9
75,1319.0,-0.666,292.6
76,1402.0,0.53,196.6
77,1330.0,0.0,0.0
78,1409.0,0.0,0.0
79,1406.0,0.0,0.0
80,1440.0,0.269,52.3
81,1419.0,0.045,1.4
82,1455.0,0.0,0.0
83,1452.0,0.042,1.3
84,1470.0,-0.634,295.0
85,1490.0,-0.287,61.3
86,1527.0,-0.033,0.8
87,1497.0,-0.0,0.0
88,1539.0,-0.0,0.0
89,1525.0,-0.571,248.9
90,3026.0,0.015,0.3
91,3042.0,0.016,0.4
92,3053.0,-0.0,0.0
93,3072.0,-0.0,0.0
94,3198.0,-0.0,0.0
95,3220.0,-0.001,0.0
96,3199.0,-0.024,0.9
97,3220.0,-0.028,1.2
98,3246.0,-0.001,0.0
99,3237.0,-0.0,0.0
