,Frequencies,Displacement,Reorg Energy
0,-0.0,0.0,-0.0
1,-0.0,0.0,-0.0
2,-0.0,-0.0,-0.0
3,-0.0,-0.0,-0.0
4,-0.0,-0.0,-0.0
5,0.0,-0.0,0.0
6,-0.0,-0.0,-0.0
7,0.0,-0.0,0.0
8,0.0,0.0,0.0
9,0.0,0.0,0.0
10,0.0,0.0,0.0
11,0.0,0.0,0.0
12,32.0,-0.001,0.0
13,13.0,-0.08,0.0
14,40.0,-0.137,0.4
15,42.0,-0.002,0.0
16,90.0,-0.017,0.0
17,94.0,-0.076,0.3
18,90.0,-0.078,0.3
19,115.0,-0.005,0.0
20,128.0,0.011,0.0
21,138.0,0.001,0.0
22,179.0,-0.006,0.0
23,204.0,-0.341,11.9
24,197.0,0.367,13.3
25,206.0,0.16,2.7
26,227.0,-0.001,0.0
27,253.0,-0.001,0.0
28,264.0,0.261,9.0
29,269.0,0.265,9.4
30,273.0,-0.007,0.0
31,329.0,-0.003,0.0
32,356.0,-0.255,11.6
33,361.0,-0.26,12.2
34,394.0,-0.003,0.0
35,393.0,-0.002,0.0
36,406.0,0.002,0.0
37,442.0,0.184,7.5
38,428.0,-0.202,8.8
39,444.0,-0.024,0.1
40,440.0,-0.002,0.0
41,465.0,-0.001,0.0
42,511.0,0.003,0.0
43,520.0,0.154,6.1
44,512.0,0.144,5.3
45,551.0,0.001,0.0
46,547.0,0.267,19.4
47,572.0,0.221,14.0
48,550.0,0.0,0.0
49,586.0,0.003,0.0
50,571.0,-0.313,27.9
51,601.0,-0.345,35.8
52,616.0,0.001,0.0
53,622.0,0.146,6.6
54,622.0,-0.201,12.6
55,646.0,-0.001,0.0
56,638.0,0.229,16.7
57,654.0,0.215,15.2
58,654.0,0.001,0.0
59,676.0,0.002,0.0
60,661.0,-0.21,14.5
61,687.0,-0.291,29.2
62,668.0,0.001,0.0
63,712.0,0.122,5.3
64,697.0,0.104,3.8
65,755.0,0.001,0.0
66,751.0,0.001,0.0
67,780.0,0.001,0.0
68,783.0,-0.003,0.0
69,817.0,-0.317,41.2
70,796.0,-0.001,0.0
71,830.0,-0.001,0.0
72,799.0,-0.318,40.5
73,862.0,-0.001,0.0
74,863.0,-0.002,0.0
75,908.0,-0.0,0.0
76,867.0,0.0,0.0
77,915.0,0.127,7.4
78,885.0,0.09,3.6
79,942.0,0.001,0.0
80,934.0,-0.02,0.2
81,952.0,-0.0,0.0
82,951.0,-0.001,0.0
83,956.0,-0.001,0.0
84,960.0,-0.001,0.0
85,994.0,-0.0,0.0
86,971.0,0.054,1.4
87,995.0,0.039,0.8
88,979.0,-0.0,0.0
89,1008.0,-0.16,12.9
90,993.0,0.171,14.6
91,1024.0,0.032,0.5
92,1006.0,0.022,0.2
93,1025.0,0.001,0.0
94,1037.0,0.038,0.8
95,1046.0,0.03,0.5
96,1094.0,0.003,0.0
97,1105.0,0.008,0.0
98,1098.0,0.032,0.6
99,1113.0,0.026,0.4
100,1146.0,0.0,0.0
101,1167.0,0.0,0.0
102,1162.0,0.051,1.5
103,1186.0,0.042,1.0
104,1185.0,-0.001,0.0
105,1198.0,-0.012,0.1
106,1199.0,-0.04,1.0
107,1207.0,-0.069,2.9
108,1207.0,-0.004,0.0
109,1220.0,-0.001,0.0
110,1213.0,-0.008,0.0
111,1227.0,-0.007,0.0
112,1253.0,0.044,1.2
113,1280.0,0.051,1.6
114,1316.0,0.022,0.3
115,1331.0,0.007,0.0
116,1323.0,-0.066,2.9
117,1336.0,-0.088,5.2
118,1338.0,-0.125,10.4
119,1359.0,-0.174,20.7
120,1368.0,0.02,0.3
121,1369.0,0.008,0.0
122,1414.0,0.025,0.5
123,1432.0,0.027,0.5
124,1435.0,-0.087,5.4
125,1439.0,-0.092,6.2
126,1462.0,-0.066,3.2
127,1461.0,-0.004,0.0
128,1470.0,0.015,0.2
129,1474.0,0.171,21.6
130,1477.0,0.078,4.5
131,1481.0,0.063,2.9
132,1491.0,-0.001,0.0
133,1489.0,-0.07,3.7
134,1524.0,-0.215,35.3
135,1524.0,-0.218,36.3
136,1545.0,0.198,30.2
137,1545.0,0.095,7.0
138,1560.0,0.008,0.1
139,1591.0,0.018,0.3
140,1628.0,0.178,25.7
141,1624.0,0.139,15.7
142,2977.0,-0.04,2.4
143,3043.0,-0.041,2.6
144,2988.0,0.0,0.0
145,3074.0,0.0,0.0
146,3159.0,-0.014,0.3
147,3177.0,-0.006,0.1
148,3164.0,0.003,0.0
149,3187.0,0.011,0.2
150,3176.0,-0.005,0.0
151,3196.0,-0.003,0.0
152,3185.0,-0.0,0.0
153,3204.0,-0.005,0.0
154,3192.0,-0.015,0.4
155,3209.0,-0.017,0.5
156,3196.0,0.015,0.3
157,3220.0,0.019,0.6
158,3212.0,0.001,0.0
159,3230.0,0.001,0.0
