,Frequencies,Displacement,Reorg Energy
0,-0.0,0.0,-0.0
1,0.0,0.0,0.0
2,-0.0,-0.0,-0.0
3,0.0,-0.0,0.0
4,-0.0,0.0,-0.0
5,0.0,0.0,0.0
6,0.0,0.0,0.0
7,0.0,0.0,0.0
8,0.0,-0.0,0.0
9,0.0,-0.0,0.0
10,0.0,-0.0,0.0
11,0.0,-0.0,0.0
12,10.0,0.336,0.6
13,0.0,0.0,0.0
14,11.0,1.765,17.8
15,0.0,0.0,0.0
16,20.0,1.369,19.1
17,0.0,0.0,0.0
18,27.0,-1.171,18.5
19,0.0,-0.0,0.0
20,45.0,1.088,26.8
21,0.0,0.0,0.0
22,52.0,0.538,7.5
23,0.0,0.0,0.0
24,67.0,-1.787,106.3
25,0.0,-0.0,0.0
26,73.0,2.784,283.4
27,0.0,0.0,0.0
28,88.0,0.715,22.6
29,0.0,0.0,0.0
30,104.0,0.287,4.3
31,0.0,0.0,0.0
32,104.0,0.148,1.1
33,0.0,0.0,0.0
34,110.0,-0.041,0.1
35,0.0,-0.0,0.0
36,120.0,2.59,403.9
37,0.0,0.0,0.0
38,128.0,0.401,10.3
39,0.0,0.0,0.0
40,143.0,0.082,0.5
41,0.0,0.0,0.0
42,152.0,-0.156,1.8
43,0.0,-0.0,0.0
44,160.0,-0.123,1.2
45,0.0,-0.0,0.0
46,185.0,-0.001,0.0
47,0.0,-0.0,0.0
48,199.0,-0.073,0.5
49,0.0,-0.0,0.0
50,208.0,0.079,0.7
51,0.0,0.0,0.0
52,221.0,0.154,2.6
53,0.0,0.0,0.0
54,223.0,-0.119,1.6
55,0.0,-0.0,0.0
56,232.0,-0.076,0.7
57,0.0,-0.0,0.0
58,243.0,0.012,0.0
59,0.0,0.0,0.0
60,246.0,0.08,0.8
61,0.0,0.0,0.0
62,246.0,0.047,0.3
63,0.0,0.0,0.0
64,265.0,-0.502,33.4
65,0.0,-0.0,0.0
66,271.0,-0.185,4.6
67,0.0,-0.0,0.0
68,279.0,-0.107,1.6
69,0.0,-0.0,0.0
70,287.0,0.003,0.0
71,0.0,0.0,0.0
72,292.0,-0.086,1.1
73,0.0,-0.0,0.0
74,303.0,-0.083,1.0
75,0.0,-0.0,0.0
76,316.0,0.087,1.2
77,0.0,0.0,0.0
78,330.0,0.269,12.0
79,0.0,0.0,0.0
80,346.0,0.151,3.9
81,0.0,0.0,0.0
82,371.0,0.034,0.2
83,0.0,0.0,0.0
84,373.0,-0.059,0.6
85,0.0,-0.0,0.0
86,404.0,-0.045,0.4
87,0.0,-0.0,0.0
88,411.0,0.068,1.0
89,0.0,0.0,0.0
90,414.0,0.311,20.0
91,0.0,0.0,0.0
92,417.0,-0.004,0.0
93,0.0,-0.0,0.0
94,424.0,-0.235,11.8
95,0.0,-0.0,0.0
96,432.0,-0.114,2.8
97,0.0,-0.0,0.0
98,447.0,-0.036,0.3
99,0.0,-0.0,0.0
100,450.0,-0.266,15.9
101,0.0,-0.0,0.0
102,466.0,0.069,1.1
103,0.0,0.0,0.0
104,479.0,-0.075,1.3
105,0.0,-0.0,0.0
106,487.0,-0.007,0.0
107,0.0,-0.0,0.0
108,495.0,0.262,17.0
109,0.0,0.0,0.0
110,503.0,-0.038,0.4
111,0.0,-0.0,0.0
112,504.0,-0.071,1.3
113,0.0,-0.0,0.0
114,516.0,0.081,1.7
115,0.0,0.0,0.0
116,523.0,0.005,0.0
117,0.0,0.0,0.0
118,542.0,0.034,0.3
119,0.0,0.0,0.0
120,549.0,0.168,7.8
121,0.0,0.0,0.0
122,554.0,0.084,1.9
123,0.0,0.0,0.0
124,566.0,0.064,1.2
125,0.0,0.0,0.0
126,571.0,0.225,14.5
127,0.0,0.0,0.0
128,573.0,-0.023,0.1
129,0.0,-0.0,0.0
130,602.0,-0.096,2.8
131,0.0,-0.0,0.0
132,618.0,-0.098,3.0
133,0.0,-0.0,0.0
134,618.0,0.12,4.5
135,0.0,0.0,0.0
136,633.0,0.32,32.4
137,0.0,0.0,0.0
138,640.0,-0.011,0.0
139,0.0,-0.0,0.0
140,657.0,-0.154,7.8
141,0.0,-0.0,0.0
142,664.0,-0.006,0.0
143,0.0,-0.0,0.0
144,668.0,0.183,11.2
145,0.0,0.0,0.0
146,679.0,0.099,3.3
147,0.0,0.0,0.0
148,682.0,0.102,3.6
149,0.0,0.0,0.0
150,700.0,0.123,5.3
151,0.0,0.0,0.0
152,708.0,0.188,12.5
153,0.0,0.0,0.0
154,710.0,0.036,0.5
155,0.0,0.0,0.0
156,721.0,-0.195,13.7
157,0.0,-0.0,0.0
158,728.0,0.027,0.3
159,0.0,0.0,0.0
160,732.0,-0.051,1.0
161,0.0,-0.0,0.0
162,737.0,-0.009,0.0
163,0.0,-0.0,0.0
164,742.0,-0.044,0.7
165,0.0,-0.0,0.0
166,755.0,-0.016,0.1
167,0.0,-0.0,0.0
168,772.0,0.072,2.0
169,0.0,0.0,0.0
170,777.0,-0.001,0.0
171,0.0,-0.0,0.0
172,792.0,-0.079,2.5
173,0.0,-0.0,0.0
174,795.0,-0.122,6.0
175,0.0,-0.0,0.0
176,803.0,-0.3,36.0
177,0.0,-0.0,0.0
178,812.0,0.048,0.9
179,0.0,0.0,0.0
180,825.0,-0.057,1.3
181,0.0,-0.0,0.0
182,829.0,0.022,0.2
183,0.0,0.0,0.0
184,830.0,-0.075,2.3
185,0.0,-0.0,0.0
186,834.0,-0.006,0.0
187,0.0,-0.0,0.0
188,840.0,-0.068,1.9
189,0.0,-0.0,0.0
190,851.0,0.02,0.2
191,0.0,0.0,0.0
192,853.0,0.009,0.0
193,0.0,0.0,0.0
194,865.0,-0.168,12.2
195,0.0,-0.0,0.0
196,879.0,0.002,0.0
197,0.0,0.0,0.0
198,882.0,0.003,0.0
199,0.0,0.0,0.0
200,885.0,0.0,0.0
201,0.0,0.0,0.0
202,892.0,-0.004,0.0
203,0.0,-0.0,0.0
204,898.0,0.069,2.1
205,0.0,0.0,0.0
206,938.0,-0.026,0.3
207,0.0,-0.0,0.0
208,949.0,0.001,0.0
209,0.0,0.0,0.0
210,949.0,0.0,0.0
211,0.0,0.0,0.0
212,951.0,0.019,0.2
213,0.0,0.0,0.0
214,959.0,-0.008,0.0
215,0.0,-0.0,0.0
216,962.0,-0.032,0.5
217,0.0,-0.0,0.0
218,968.0,0.003,0.0
219,0.0,0.0,0.0
220,972.0,0.019,0.2
221,0.0,0.0,0.0
222,982.0,-0.054,1.4
223,0.0,-0.0,0.0
224,983.0,-0.062,1.9
225,0.0,-0.0,0.0
226,990.0,0.033,0.5
227,0.0,0.0,0.0
228,994.0,-0.087,3.7
229,0.0,-0.0,0.0
230,1000.0,-0.062,1.9
231,0.0,-0.0,0.0
232,1005.0,0.082,3.4
233,0.0,0.0,0.0
234,1016.0,-0.034,0.6
235,0.0,-0.0,0.0
236,1030.0,0.002,0.0
237,0.0,0.0,0.0
238,1031.0,-0.0,0.0
239,0.0,-0.0,0.0
240,1069.0,0.134,9.6
241,0.0,0.0,0.0
242,1094.0,-0.013,0.1
243,0.0,-0.0,0.0
244,1096.0,0.057,1.8
245,0.0,0.0,0.0
246,1104.0,-0.053,1.5
247,0.0,-0.0,0.0
248,1128.0,-0.072,2.9
249,0.0,-0.0,0.0
250,1135.0,0.007,0.0
251,0.0,0.0,0.0
252,1142.0,0.068,2.6
253,0.0,0.0,0.0
254,1155.0,0.002,0.0
255,0.0,0.0,0.0
256,1156.0,-0.005,0.0
257,0.0,-0.0,0.0
258,1163.0,0.054,1.7
259,0.0,0.0,0.0
260,1163.0,0.048,1.3
261,0.0,0.0,0.0
262,1170.0,0.043,1.1
263,0.0,0.0,0.0
264,1182.0,0.036,0.8
265,0.0,0.0,0.0
266,1195.0,0.002,0.0
267,0.0,0.0,0.0
268,1200.0,0.0,0.0
269,0.0,0.0,0.0
270,1212.0,0.065,2.5
271,0.0,0.0,0.0
272,1219.0,0.24,35.1
273,0.0,0.0,0.0
274,1229.0,-0.123,9.3
275,0.0,-0.0,0.0
276,1235.0,0.119,8.8
277,0.0,0.0,0.0
278,1237.0,-0.092,5.2
279,0.0,-0.0,0.0
280,1243.0,-0.059,2.2
281,0.0,-0.0,0.0
282,1248.0,0.199,24.7
283,0.0,0.0,0.0
284,1254.0,-0.066,2.7
285,0.0,-0.0,0.0
286,1267.0,0.008,0.0
287,0.0,0.0,0.0
288,1272.0,0.009,0.0
289,0.0,0.0,0.0
290,1281.0,0.008,0.0
291,0.0,0.0,0.0
292,1289.0,-0.041,1.1
293,0.0,-0.0,0.0
294,1307.0,0.068,3.1
295,0.0,0.0,0.0
296,1327.0,-0.005,0.0
297,0.0,-0.0,0.0
298,1342.0,0.055,2.0
299,0.0,0.0,0.0
300,1357.0,0.039,1.0
301,0.0,0.0,0.0
302,1362.0,0.11,8.2
303,0.0,0.0,0.0
304,1365.0,0.032,0.7
305,0.0,0.0,0.0
306,1370.0,0.17,19.7
307,0.0,0.0,0.0
308,1376.0,0.107,7.9
309,0.0,0.0,0.0
310,1385.0,-0.247,42.2
311,0.0,-0.0,0.0
312,1397.0,0.489,167.2
313,0.0,0.0,0.0
314,1399.0,-0.003,0.0
315,0.0,-0.0,0.0
316,1399.0,0.001,0.0
317,0.0,0.0,0.0
318,1413.0,0.15,15.9
319,0.0,0.0,0.0
320,1421.0,-0.006,0.0
321,0.0,-0.0,0.0
322,1423.0,-0.218,33.8
323,0.0,-0.0,0.0
324,1440.0,0.057,2.3
325,0.0,0.0,0.0
326,1446.0,-0.093,6.2
327,0.0,-0.0,0.0
328,1449.0,0.162,19.0
329,0.0,0.0,0.0
330,1455.0,-0.235,40.3
331,0.0,-0.0,0.0
332,1477.0,-0.006,0.0
333,0.0,-0.0,0.0
334,1484.0,0.0,0.0
335,0.0,0.0,0.0
336,1485.0,-0.001,0.0
337,0.0,-0.0,0.0
338,1486.0,-0.099,7.2
339,0.0,-0.0,0.0
340,1487.0,0.0,0.0
341,0.0,0.0,0.0
342,1488.0,-0.002,0.0
343,0.0,-0.0,0.0
344,1490.0,0.33,81.2
345,0.0,0.0,0.0
346,1494.0,-0.061,2.8
347,0.0,-0.0,0.0
348,1496.0,-0.128,12.2
349,0.0,-0.0,0.0
350,1503.0,0.004,0.0
351,0.0,0.0,0.0
352,1504.0,0.039,1.1
353,0.0,0.0,0.0
354,1506.0,-0.055,2.3
355,0.0,-0.0,0.0
356,1509.0,0.017,0.2
357,0.0,0.0,0.0
358,1512.0,-0.063,3.0
359,0.0,-0.0,0.0
360,1515.0,-0.043,1.4
361,0.0,-0.0,0.0
362,1526.0,-0.162,20.1
363,0.0,-0.0,0.0
364,1529.0,-0.101,7.8
365,0.0,-0.0,0.0
366,1536.0,-0.244,45.7
367,0.0,-0.0,0.0
368,1549.0,0.08,5.0
369,0.0,0.0,0.0
370,1553.0,0.069,3.7
371,0.0,0.0,0.0
372,1599.0,0.017,0.2
373,0.0,0.0,0.0
374,1605.0,0.211,35.6
375,0.0,0.0,0.0
376,1615.0,0.055,2.4
377,0.0,0.0,0.0
378,1622.0,-0.052,2.2
379,0.0,-0.0,0.0
380,1632.0,-0.126,13.0
381,0.0,-0.0,0.0
382,1649.0,-0.619,316.1
383,0.0,-0.0,0.0
384,3025.0,0.0,0.0
385,0.0,0.0,0.0
386,3025.0,0.0,0.0
387,0.0,0.0,0.0
388,3029.0,-0.008,0.1
389,0.0,-0.0,0.0
390,3029.0,-0.002,0.0
391,0.0,-0.0,0.0
392,3089.0,-0.0,0.0
393,0.0,-0.0,0.0
394,3089.0,0.0,0.0
395,0.0,0.0,0.0
396,3094.0,-0.002,0.0
397,0.0,-0.0,0.0
398,3094.0,-0.004,0.0
399,0.0,-0.0,0.0
400,3105.0,-0.0,0.0
401,0.0,-0.0,0.0
402,3106.0,0.0,0.0
403,0.0,0.0,0.0
404,3107.0,-0.004,0.0
405,0.0,-0.0,0.0
406,3108.0,-0.002,0.0
407,0.0,-0.0,0.0
408,3152.0,0.001,0.0
409,0.0,0.0,0.0
410,3154.0,0.009,0.1
411,0.0,0.0,0.0
412,3158.0,-0.012,0.2
413,0.0,-0.0,0.0
414,3159.0,0.002,0.0
415,0.0,0.0,0.0
416,3163.0,-0.002,0.0
417,0.0,-0.0,0.0
418,3165.0,-0.003,0.0
419,0.0,-0.0,0.0
420,3166.0,-0.006,0.0
421,0.0,-0.0,0.0
422,3170.0,-0.012,0.2
423,0.0,-0.0,0.0
424,3171.0,-0.002,0.0
425,0.0,-0.0,0.0
426,3172.0,0.001,0.0
427,0.0,0.0,0.0
428,3179.0,0.001,0.0
429,0.0,0.0,0.0
430,3181.0,-0.013,0.3
431,0.0,-0.0,0.0
432,3191.0,0.003,0.0
433,0.0,0.0,0.0
434,3194.0,0.008,0.1
435,0.0,0.0,0.0
436,3201.0,-0.004,0.0
437,0.0,-0.0,0.0
438,3204.0,-0.006,0.1
439,0.0,-0.0,0.0
440,3215.0,-0.021,0.7
441,0.0,-0.0,0.0
