,Frequencies,Displacement,Reorg Energy
0,-0.0,-0.0,-0.0
1,0.0,-0.0,0.0
2,-0.0,-0.0,-0.0
3,0.0,-0.0,0.0
4,-0.0,0.0,-0.0
5,0.0,0.0,0.0
6,0.0,-0.0,0.0
7,0.0,0.0,0.0
8,0.0,-0.0,0.0
9,0.0,0.0,0.0
10,0.0,0.0,0.0
11,0.0,0.0,0.0
12,11.0,-0.562,1.7
13,0.0,-0.0,0.0
14,12.0,1.714,17.0
15,0.0,0.0,0.0
16,20.0,1.355,18.7
17,0.0,0.0,0.0
18,27.0,-1.174,18.7
19,0.0,-0.0,0.0
20,46.0,1.082,26.7
21,0.0,0.0,0.0
22,52.0,0.564,8.3
23,0.0,0.0,0.0
24,67.0,1.771,104.5
25,0.0,0.0,0.0
26,73.0,2.793,285.3
27,0.0,0.0,0.0
28,88.0,0.733,23.8
29,0.0,0.0,0.0
30,104.0,0.255,3.4
31,0.0,0.0,0.0
32,104.0,0.184,1.8
33,0.0,0.0,0.0
34,110.0,-0.043,0.1
35,0.0,-0.0,0.0
36,120.0,-2.6,407.0
37,0.0,-0.0,0.0
38,128.0,-0.401,10.3
39,0.0,-0.0,0.0
40,143.0,-0.082,0.5
41,0.0,-0.0,0.0
42,152.0,-0.145,1.6
43,0.0,-0.0,0.0
44,160.0,0.118,1.1
45,0.0,0.0,0.0
46,186.0,0.019,0.0
47,0.0,0.0,0.0
48,199.0,-0.069,0.5
49,0.0,-0.0,0.0
50,208.0,0.025,0.1
51,0.0,0.0,0.0
52,221.0,0.15,2.5
53,0.0,0.0,0.0
54,223.0,0.101,1.1
55,0.0,0.0,0.0
56,232.0,-0.08,0.7
57,0.0,-0.0,0.0
58,243.0,0.013,0.0
59,0.0,0.0,0.0
60,245.0,-0.081,0.8
61,0.0,-0.0,0.0
62,246.0,-0.041,0.2
63,0.0,-0.0,0.0
64,265.0,-0.511,34.5
65,0.0,-0.0,0.0
66,271.0,0.167,3.8
67,0.0,0.0,0.0
68,279.0,-0.109,1.7
69,0.0,-0.0,0.0
70,287.0,-0.0,0.0
71,0.0,-0.0,0.0
72,292.0,0.096,1.3
73,0.0,0.0,0.0
74,303.0,-0.076,0.9
75,0.0,-0.0,0.0
76,316.0,0.083,1.1
77,0.0,0.0,0.0
78,330.0,0.249,10.2
79,0.0,0.0,0.0
80,346.0,-0.137,3.2
81,0.0,-0.0,0.0
82,371.0,-0.04,0.3
83,0.0,-0.0,0.0
84,373.0,-0.069,0.9
85,0.0,-0.0,0.0
86,404.0,-0.044,0.4
87,0.0,-0.0,0.0
88,411.0,0.067,0.9
89,0.0,0.0,0.0
90,414.0,-0.293,17.8
91,0.0,-0.0,0.0
92,417.0,-0.003,0.0
93,0.0,-0.0,0.0
94,424.0,-0.255,13.8
95,0.0,-0.0,0.0
96,432.0,-0.114,2.8
97,0.0,-0.0,0.0
98,447.0,0.035,0.3
99,0.0,0.0,0.0
100,450.0,-0.243,13.3
101,0.0,-0.0,0.0
102,466.0,0.075,1.3
103,0.0,0.0,0.0
104,479.0,0.041,0.4
105,0.0,0.0,0.0
106,487.0,-0.075,1.4
107,0.0,-0.0,0.0
108,495.0,0.205,10.4
109,0.0,0.0,0.0
110,503.0,-0.055,0.8
111,0.0,-0.0,0.0
112,504.0,0.091,2.1
113,0.0,0.0,0.0
114,515.0,-0.088,2.0
115,0.0,-0.0,0.0
116,523.0,0.031,0.2
117,0.0,0.0,0.0
118,542.0,0.031,0.3
119,0.0,0.0,0.0
120,549.0,0.151,6.2
121,0.0,0.0,0.0
122,554.0,0.084,2.0
123,0.0,0.0,0.0
124,566.0,0.098,2.7
125,0.0,0.0,0.0
126,571.0,0.15,6.4
127,0.0,0.0,0.0
128,573.0,-0.044,0.6
129,0.0,-0.0,0.0
130,602.0,-0.019,0.1
131,0.0,-0.0,0.0
132,618.0,0.049,0.8
133,0.0,0.0,0.0
134,618.0,0.035,0.4
135,0.0,0.0,0.0
136,633.0,0.358,40.5
137,0.0,0.0,0.0
138,640.0,0.014,0.1
139,0.0,0.0,0.0
140,657.0,-0.152,7.6
141,0.0,-0.0,0.0
142,664.0,0.006,0.0
143,0.0,0.0,0.0
144,668.0,0.164,8.9
145,0.0,0.0,0.0
146,679.0,0.103,3.6
147,0.0,0.0,0.0
148,682.0,0.116,4.6
149,0.0,0.0,0.0
150,700.0,-0.158,8.8
151,0.0,-0.0,0.0
152,708.0,0.306,33.2
153,0.0,0.0,0.0
154,710.0,0.04,0.6
155,0.0,0.0,0.0
156,721.0,-0.099,3.5
157,0.0,-0.0,0.0
158,728.0,0.016,0.1
159,0.0,0.0,0.0
160,732.0,0.016,0.1
161,0.0,0.0,0.0
162,738.0,-0.003,0.0
163,0.0,-0.0,0.0
164,742.0,-0.011,0.0
165,0.0,-0.0,0.0
166,755.0,-0.007,0.0
167,0.0,-0.0,0.0
168,772.0,0.114,5.0
169,0.0,0.0,0.0
170,777.0,-0.003,0.0
171,0.0,-0.0,0.0
172,792.0,-0.082,2.6
173,0.0,-0.0,0.0
174,795.0,-0.149,8.8
175,0.0,-0.0,0.0
176,803.0,0.31,38.5
177,0.0,0.0,0.0
178,812.0,0.055,1.2
179,0.0,0.0,0.0
180,825.0,-0.069,2.0
181,0.0,-0.0,0.0
182,829.0,0.049,1.0
183,0.0,0.0,0.0
184,830.0,-0.115,5.5
185,0.0,-0.0,0.0
186,834.0,-0.022,0.2
187,0.0,-0.0,0.0
188,840.0,-0.078,2.5
189,0.0,-0.0,0.0
190,851.0,0.013,0.1
191,0.0,0.0,0.0
192,853.0,0.059,1.5
193,0.0,0.0,0.0
194,865.0,0.283,34.6
195,0.0,0.0,0.0
196,879.0,0.002,0.0
197,0.0,0.0,0.0
198,882.0,0.01,0.0
199,0.0,0.0,0.0
200,885.0,-0.0,0.0
201,0.0,-0.0,0.0
202,892.0,-0.004,0.0
203,0.0,-0.0,0.0
204,898.0,0.108,5.2
205,0.0,0.0,0.0
206,938.0,0.067,2.1
207,0.0,0.0,0.0
208,949.0,-0.001,0.0
209,0.0,-0.0,0.0
210,950.0,0.001,0.0
211,0.0,0.0,0.0
212,951.0,0.014,0.1
213,0.0,0.0,0.0
214,959.0,-0.008,0.0
215,0.0,-0.0,0.0
216,962.0,-0.031,0.5
217,0.0,-0.0,0.0
218,968.0,0.005,0.0
219,0.0,0.0,0.0
220,972.0,0.021,0.2
221,0.0,0.0,0.0
222,982.0,-0.047,1.1
223,0.0,-0.0,0.0
224,983.0,0.092,4.1
225,0.0,0.0,0.0
226,990.0,0.053,1.4
227,0.0,0.0,0.0
228,994.0,-0.138,9.4
229,0.0,-0.0,0.0
230,1000.0,-0.126,7.9
231,0.0,-0.0,0.0
232,1005.0,0.127,8.1
233,0.0,0.0,0.0
234,1016.0,-0.014,0.1
235,0.0,-0.0,0.0
236,1030.0,0.006,0.0
237,0.0,0.0,0.0
238,1031.0,0.002,0.0
239,0.0,0.0,0.0
240,1069.0,0.12,7.7
241,0.0,0.0,0.0
242,1094.0,-0.016,0.1
243,0.0,-0.0,0.0
244,1096.0,0.054,1.6
245,0.0,0.0,0.0
246,1104.0,0.042,1.0
247,0.0,0.0,0.0
248,1128.0,-0.021,0.2
249,0.0,-0.0,0.0
250,1135.0,0.007,0.0
251,0.0,0.0,0.0
252,1142.0,0.085,4.1
253,0.0,0.0,0.0
254,1155.0,0.002,0.0
255,0.0,0.0,0.0
256,1156.0,-0.005,0.0
257,0.0,-0.0,0.0
258,1163.0,-0.03,0.5
259,0.0,-0.0,0.0
260,1163.0,0.031,0.6
261,0.0,0.0,0.0
262,1170.0,0.054,1.7
263,0.0,0.0,0.0
264,1182.0,0.05,1.5
265,0.0,0.0,0.0
266,1195.0,0.076,3.4
267,0.0,0.0,0.0
268,1200.0,-0.015,0.1
269,0.0,-0.0,0.0
270,1212.0,0.14,12.0
271,0.0,0.0,0.0
272,1219.0,0.295,53.2
273,0.0,0.0,0.0
274,1229.0,-0.143,12.6
275,0.0,-0.0,0.0
276,1235.0,0.142,12.5
277,0.0,0.0,0.0
278,1237.0,-0.093,5.3
279,0.0,-0.0,0.0
280,1243.0,0.06,2.2
281,0.0,0.0,0.0
282,1248.0,0.204,26.0
283,0.0,0.0,0.0
284,1254.0,-0.069,3.0
285,0.0,-0.0,0.0
286,1267.0,0.002,0.0
287,0.0,0.0,0.0
288,1271.0,0.018,0.2
289,0.0,0.0,0.0
290,1281.0,0.008,0.0
291,0.0,0.0,0.0
292,1289.0,-0.049,1.5
293,0.0,-0.0,0.0
294,1307.0,0.066,2.8
295,0.0,0.0,0.0
296,1327.0,-0.002,0.0
297,0.0,-0.0,0.0
298,1342.0,0.059,2.3
299,0.0,0.0,0.0
300,1357.0,0.03,0.6
301,0.0,0.0,0.0
302,1362.0,0.129,11.3
303,0.0,0.0,0.0
304,1365.0,0.028,0.5
305,0.0,0.0,0.0
306,1370.0,0.161,17.8
307,0.0,0.0,0.0
308,1376.0,0.121,10.1
309,0.0,0.0,0.0
310,1385.0,-0.238,39.1
311,0.0,-0.0,0.0
312,1397.0,0.486,165.2
313,0.0,0.0,0.0
314,1399.0,-0.004,0.0
315,0.0,-0.0,0.0
316,1399.0,-0.0,0.0
317,0.0,-0.0,0.0
318,1413.0,0.163,18.7
319,0.0,0.0,0.0
320,1421.0,0.008,0.0
321,0.0,0.0,0.0
322,1423.0,-0.217,33.6
323,0.0,-0.0,0.0
324,1440.0,-0.048,1.7
325,0.0,-0.0,0.0
326,1446.0,0.094,6.4
327,0.0,0.0,0.0
328,1449.0,0.162,19.0
329,0.0,0.0,0.0
330,1454.0,-0.24,41.7
331,0.0,-0.0,0.0
332,1477.0,0.006,0.0
333,0.0,0.0,0.0
334,1485.0,-0.004,0.0
335,0.0,-0.0,0.0
336,1485.0,-0.002,0.0
337,0.0,-0.0,0.0
338,1486.0,0.092,6.3
339,0.0,0.0,0.0
340,1487.0,0.001,0.0
341,0.0,0.0,0.0
342,1488.0,0.002,0.0
343,0.0,0.0,0.0
344,1490.0,-0.326,79.2
345,0.0,-0.0,0.0
346,1494.0,-0.065,3.2
347,0.0,-0.0,0.0
348,1496.0,0.125,11.7
349,0.0,0.0,0.0
350,1503.0,0.01,0.1
351,0.0,0.0,0.0
352,1504.0,0.031,0.7
353,0.0,0.0,0.0
354,1506.0,-0.056,2.4
355,0.0,-0.0,0.0
356,1509.0,0.019,0.3
357,0.0,0.0,0.0
358,1512.0,-0.064,3.1
359,0.0,-0.0,0.0
360,1515.0,-0.044,1.5
361,0.0,-0.0,0.0
362,1526.0,0.163,20.3
363,0.0,0.0,0.0
364,1529.0,-0.102,7.9
365,0.0,-0.0,0.0
366,1537.0,-0.238,43.5
367,0.0,-0.0,0.0
368,1549.0,0.065,3.3
369,0.0,0.0,0.0
370,1553.0,-0.06,2.8
371,0.0,-0.0,0.0
372,1599.0,-0.018,0.3
373,0.0,-0.0,0.0
374,1605.0,-0.215,37.1
375,0.0,-0.0,0.0
376,1615.0,0.047,1.8
377,0.0,0.0,0.0
378,1622.0,0.057,2.6
379,0.0,0.0,0.0
380,1632.0,-0.113,10.4
381,0.0,-0.0,0.0
382,1649.0,-0.625,322.1
383,0.0,-0.0,0.0
384,3025.0,-0.001,0.0
385,0.0,-0.0,0.0
386,3025.0,-0.001,0.0
387,0.0,-0.0,0.0
388,3029.0,-0.031,1.4
389,0.0,-0.0,0.0
390,3029.0,0.008,0.1
391,0.0,0.0,0.0
392,3089.0,-0.0,0.0
393,0.0,-0.0,0.0
394,3089.0,-0.0,0.0
395,0.0,-0.0,0.0
396,3094.0,-0.0,0.0
397,0.0,-0.0,0.0
398,3094.0,-0.009,0.1
399,0.0,-0.0,0.0
400,3105.0,-0.0,0.0
401,0.0,-0.0,0.0
402,3106.0,-0.0,0.0
403,0.0,-0.0,0.0
404,3107.0,0.008,0.1
405,0.0,0.0,0.0
406,3108.0,-0.008,0.1
407,0.0,-0.0,0.0
408,3152.0,-0.01,0.1
409,0.0,-0.0,0.0
410,3154.0,-0.005,0.0
411,0.0,-0.0,0.0
412,3158.0,-0.003,0.0
413,0.0,-0.0,0.0
414,3159.0,0.012,0.2
415,0.0,0.0,0.0
416,3163.0,-0.035,1.9
417,0.0,-0.0,0.0
418,3165.0,0.017,0.4
419,0.0,0.0,0.0
420,3166.0,-0.012,0.2
421,0.0,-0.0,0.0
422,3170.0,-0.022,0.8
423,0.0,-0.0,0.0
424,3171.0,-0.003,0.0
425,0.0,-0.0,0.0
426,3172.0,-0.01,0.2
427,0.0,-0.0,0.0
428,3179.0,-0.014,0.3
429,0.0,-0.0,0.0
430,3181.0,0.004,0.0
431,0.0,0.0,0.0
432,3191.0,-0.056,5.1
433,0.0,-0.0,0.0
434,3194.0,0.045,3.2
435,0.0,0.0,0.0
436,3201.0,-0.013,0.3
437,0.0,-0.0,0.0
438,3204.0,-0.046,3.3
439,0.0,-0.0,0.0
440,3216.0,0.022,0.8
441,0.0,0.0,0.0
