,Frequencies,Displacement,Reorg Energy
0,-0.0,-0.0,-0.0
1,-0.0,-0.0,-0.0
2,-0.0,0.0,-0.0
3,-0.0,0.0,-0.0
4,-0.0,-0.0,-0.0
5,0.0,-0.0,0.0
6,-0.0,0.0,-0.0
7,0.0,0.0,0.0
8,0.0,0.0,0.0
9,0.0,0.0,0.0
10,0.0,-0.0,0.0
11,0.0,-0.0,0.0
12,10.0,0.004,0.0
13,10.0,0.004,0.0
14,14.0,0.005,0.0
15,14.0,0.005,0.0
16,21.0,-0.002,0.0
17,21.0,-0.002,0.0
18,27.0,-0.0,0.0
19,27.0,-0.0,0.0
20,47.0,-0.0,0.0
21,47.0,-0.0,0.0
22,52.0,-0.001,0.0
23,52.0,-0.001,0.0
24,66.0,-0.001,0.0
25,66.0,-0.001,0.0
26,72.0,0.001,0.0
27,72.0,0.001,0.0
28,91.0,0.001,0.0
29,91.0,0.002,0.0
30,104.0,0.001,0.0
31,104.0,0.001,0.0
32,106.0,-0.001,0.0
33,106.0,-0.001,0.0
34,112.0,-0.001,0.0
35,112.0,-0.001,0.0
36,118.0,0.0,0.0
37,118.0,0.0,0.0
38,129.0,-0.0,0.0
39,129.0,-0.0,0.0
40,143.0,-0.0,0.0
41,143.0,-0.0,0.0
42,154.0,-0.0,0.0
43,154.0,-0.0,0.0
44,161.0,-0.0,0.0
45,161.0,-0.0,0.0
46,188.0,0.0,0.0
47,188.0,0.0,0.0
48,198.0,0.0,0.0
49,198.0,0.0,0.0
50,210.0,0.001,0.0
51,210.0,0.001,0.0
52,223.0,-0.0,0.0
53,223.0,-0.0,0.0
54,227.0,0.0,0.0
55,227.0,0.0,0.0
56,235.0,-0.0,0.0
57,234.0,-0.0,0.0
58,245.0,-0.0,0.0
59,245.0,-0.0,0.0
60,249.0,-0.0,0.0
61,248.0,-0.0,0.0
62,250.0,-0.0,0.0
63,250.0,-0.0,0.0
64,267.0,-0.0,0.0
65,267.0,-0.0,0.0
66,274.0,-0.0,0.0
67,274.0,-0.0,0.0
68,283.0,-0.0,0.0
69,283.0,-0.0,0.0
70,292.0,0.0,0.0
71,292.0,0.001,0.0
72,296.0,-0.0,0.0
73,296.0,-0.0,0.0
74,307.0,-0.0,0.0
75,307.0,-0.0,0.0
76,319.0,0.001,0.0
77,319.0,0.001,0.0
78,334.0,0.001,0.0
79,334.0,0.001,0.0
80,352.0,-0.0,0.0
81,352.0,-0.0,0.0
82,373.0,0.0,0.0
83,373.0,0.0,0.0
84,380.0,0.0,0.0
85,380.0,0.0,0.0
86,411.0,-0.001,0.0
87,411.0,-0.001,0.0
88,417.0,-0.0,0.0
89,417.0,-0.0,0.0
90,419.0,-0.0,0.0
91,419.0,-0.0,0.0
92,427.0,-0.0,0.0
93,427.0,-0.0,0.0
94,430.0,-0.0,0.0
95,430.0,-0.0,0.0
96,441.0,0.0,0.0
97,441.0,0.0,0.0
98,454.0,0.0,0.0
99,454.0,0.0,0.0
100,457.0,-0.0,0.0
101,457.0,-0.0,0.0
102,467.0,0.0,0.0
103,467.0,0.0,0.0
104,485.0,0.0,0.0
105,485.0,0.0,0.0
106,493.0,0.0,0.0
107,493.0,0.0,0.0
108,502.0,-0.001,0.0
109,502.0,-0.001,0.0
110,513.0,-0.0,0.0
111,513.0,-0.0,0.0
112,519.0,0.0,0.0
113,519.0,0.0,0.0
114,528.0,0.0,0.0
115,528.0,0.0,0.0
116,529.0,0.0,0.0
117,529.0,0.0,0.0
118,546.0,-0.0,0.0
119,546.0,-0.0,0.0
120,555.0,-0.0,0.0
121,555.0,-0.0,0.0
122,564.0,0.0,0.0
123,564.0,0.0,0.0
124,574.0,-0.0,0.0
125,574.0,-0.0,0.0
126,575.0,-0.0,0.0
127,575.0,-0.0,0.0
128,582.0,-0.0,0.0
129,582.0,-0.0,0.0
130,613.0,-0.0,0.0
131,613.0,-0.0,0.0
132,626.0,-0.0,0.0
133,626.0,-0.0,0.0
134,637.0,-0.0,0.0
135,637.0,-0.0,0.0
136,641.0,-0.0,0.0
137,641.0,-0.0,0.0
138,650.0,0.0,0.0
139,650.0,0.0,0.0
140,664.0,-0.0,0.0
141,664.0,-0.0,0.0
142,678.0,0.0,0.0
143,678.0,0.0,0.0
144,678.0,-0.0,0.0
145,678.0,-0.0,0.0
146,684.0,-0.0,0.0
147,684.0,-0.0,0.0
148,704.0,-0.0,0.0
149,704.0,-0.0,0.0
150,711.0,-0.0,0.0
151,711.0,-0.0,0.0
152,716.0,0.0,0.0
153,716.0,0.0,0.0
154,723.0,0.0,0.0
155,723.0,0.0,0.0
156,728.0,-0.0,0.0
157,728.0,-0.0,0.0
158,744.0,-0.0,0.0
159,744.0,-0.0,0.0
160,747.0,-0.0,0.0
161,747.0,-0.0,0.0
162,755.0,0.0,0.0
163,755.0,0.0,0.0
164,759.0,0.0,0.0
165,759.0,0.0,0.0
166,781.0,-0.0,0.0
167,781.0,-0.0,0.0
168,783.0,0.0,0.0
169,783.0,0.0,0.0
170,790.0,0.0,0.0
171,790.0,0.0,0.0
172,815.0,-0.001,0.0
173,815.0,-0.001,0.0
174,819.0,-0.0,0.0
175,819.0,-0.0,0.0
176,821.0,-0.001,0.0
177,821.0,-0.001,0.0
178,830.0,-0.001,0.0
179,830.0,-0.001,0.0
180,840.0,0.0,0.0
181,840.0,0.0,0.0
182,843.0,0.0,0.0
183,843.0,0.0,0.0
184,847.0,-0.0,0.0
185,847.0,-0.0,0.0
186,857.0,-0.0,0.0
187,857.0,-0.0,0.0
188,865.0,-0.0,0.0
189,865.0,-0.0,0.0
190,869.0,0.0,0.0
191,869.0,0.0,0.0
192,878.0,-0.0,0.0
193,878.0,-0.0,0.0
194,882.0,-0.0,0.0
195,882.0,-0.0,0.0
196,889.0,0.0,0.0
197,889.0,0.0,0.0
198,909.0,0.0,0.0
199,909.0,0.0,0.0
200,912.0,0.0,0.0
201,912.0,0.0,0.0
202,916.0,-0.0,0.0
203,916.0,-0.0,0.0
204,930.0,0.0,0.0
205,930.0,0.0,0.0
206,951.0,-0.0,0.0
207,951.0,-0.0,0.0
208,962.0,-0.0,0.0
209,963.0,-0.0,0.0
210,963.0,-0.0,0.0
211,963.0,-0.0,0.0
212,985.0,-0.0,0.0
213,985.0,-0.0,0.0
214,993.0,-0.0,0.0
215,993.0,-0.0,0.0
216,995.0,0.001,0.0
217,995.0,0.001,0.0
218,999.0,0.0,0.0
219,999.0,0.0,0.0
220,1000.0,0.0,0.0
221,1000.0,0.0,0.0
222,1002.0,-0.0,0.0
223,1002.0,-0.0,0.0
224,1009.0,0.0,0.0
225,1009.0,0.0,0.0
226,1011.0,0.0,0.0
227,1011.0,0.0,0.0
228,1015.0,0.0,0.0
229,1015.0,0.0,0.0
230,1017.0,-0.0,0.0
231,1017.0,-0.0,0.0
232,1022.0,-0.0,0.0
233,1022.0,-0.0,0.0
234,1037.0,-0.0,0.0
235,1037.0,-0.0,0.0
236,1038.0,0.0,0.0
237,1038.0,0.0,0.0
238,1039.0,-0.0,0.0
239,1039.0,-0.0,0.0
240,1085.0,-0.0,0.0
241,1085.0,-0.0,0.0
242,1108.0,-0.0,0.0
243,1108.0,-0.0,0.0
244,1111.0,0.0,0.0
245,1111.0,0.0,0.0
246,1114.0,0.0,0.0
247,1114.0,0.0,0.0
248,1140.0,-0.0,0.0
249,1140.0,-0.0,0.0
250,1142.0,-0.0,0.0
251,1142.0,-0.0,0.0
252,1152.0,-0.0,0.0
253,1152.0,-0.0,0.0
254,1170.0,0.0,0.0
255,1170.0,0.0,0.0
256,1176.0,0.0,0.0
257,1176.0,0.0,0.0
258,1184.0,-0.0,0.0
259,1184.0,-0.0,0.0
260,1190.0,0.0,0.0
261,1190.0,0.0,0.0
262,1191.0,-0.0,0.0
263,1191.0,-0.0,0.0
264,1191.0,0.0,0.0
265,1191.0,0.0,0.0
266,1192.0,-0.0,0.0
267,1192.0,-0.0,0.0
268,1212.0,0.0,0.0
269,1212.0,0.0,0.0
270,1219.0,-0.0,0.0
271,1219.0,-0.0,0.0
272,1225.0,0.0,0.0
273,1225.0,0.0,0.0
274,1242.0,0.0,0.0
275,1242.0,0.0,0.0
276,1251.0,-0.0,0.0
277,1251.0,-0.0,0.0
278,1256.0,0.0,0.0
279,1256.0,0.0,0.0
280,1259.0,0.0,0.0
281,1259.0,0.0,0.0
282,1267.0,0.0,0.0
283,1267.0,0.0,0.0
284,1275.0,-0.0,0.0
285,1275.0,-0.0,0.0
286,1282.0,0.0,0.0
287,1282.0,0.0,0.0
288,1291.0,-0.0,0.0
289,1291.0,-0.0,0.0
290,1301.0,-0.0,0.0
291,1301.0,-0.0,0.0
292,1303.0,0.0,0.0
293,1303.0,0.0,0.0
294,1318.0,-0.0,0.0
295,1318.0,-0.0,0.0
296,1338.0,0.0,0.0
297,1338.0,0.0,0.0
298,1345.0,0.0,0.0
299,1345.0,0.0,0.0
300,1367.0,-0.0,0.0
301,1367.0,-0.0,0.0
302,1381.0,0.0,0.0
303,1381.0,0.0,0.0
304,1386.0,0.0,0.0
305,1386.0,0.0,0.0
306,1399.0,-0.0,0.0
307,1399.0,-0.0,0.0
308,1407.0,-0.0,0.0
309,1407.0,-0.0,0.0
310,1409.0,0.0,0.0
311,1409.0,0.0,0.0
312,1409.0,0.0,0.0
313,1409.0,0.0,0.0
314,1416.0,0.0,0.0
315,1416.0,0.0,0.0
316,1426.0,0.0,0.0
317,1426.0,0.0,0.0
318,1430.0,-0.0,0.0
319,1430.0,-0.0,0.0
320,1431.0,0.0,0.0
321,1431.0,0.0,0.0
322,1449.0,-0.0,0.0
323,1449.0,-0.0,0.0
324,1458.0,0.0,0.0
325,1458.0,0.0,0.0
326,1460.0,-0.0,0.0
327,1460.0,-0.0,0.0
328,1474.0,0.0,0.0
329,1474.0,0.0,0.0
330,1482.0,-0.0,0.0
331,1482.0,-0.0,0.0
332,1490.0,0.0,0.0
333,1490.0,0.0,0.0
334,1490.0,0.0,0.0
335,1490.0,0.0,0.0
336,1492.0,-0.0,0.0
337,1492.0,-0.0,0.0
338,1494.0,0.0,0.0
339,1494.0,0.0,0.0
340,1499.0,0.0,0.0
341,1499.0,0.0,0.0
342,1508.0,-0.0,0.0
343,1508.0,-0.0,0.0
344,1508.0,-0.0,0.0
345,1508.0,-0.0,0.0
346,1510.0,0.0,0.0
347,1510.0,0.0,0.0
348,1515.0,-0.0,0.0
349,1514.0,-0.0,0.0
350,1515.0,-0.0,0.0
351,1515.0,-0.0,0.0
352,1530.0,-0.0,0.0
353,1530.0,-0.0,0.0
354,1537.0,-0.0,0.0
355,1537.0,-0.0,0.0
356,1541.0,-0.0,0.0
357,1541.0,-0.0,0.0
358,1542.0,0.0,0.0
359,1542.0,0.0,0.0
360,1551.0,0.0,0.0
361,1551.0,0.0,0.0
362,1558.0,0.0,0.0
363,1558.0,0.0,0.0
364,1566.0,-0.0,0.0
365,1566.0,-0.0,0.0
366,1578.0,-0.0,0.0
367,1578.0,-0.0,0.0
368,1591.0,0.0,0.0
369,1591.0,0.0,0.0
370,1600.0,-0.0,0.0
371,1600.0,-0.0,0.0
372,1629.0,-0.0,0.0
373,1629.0,-0.0,0.0
374,1653.0,0.0,0.0
375,1653.0,0.0,0.0
376,1669.0,-0.0,0.0
377,1669.0,-0.0,0.0
378,1677.0,-0.0,0.0
379,1677.0,-0.0,0.0
380,1682.0,0.0,0.0
381,1682.0,0.0,0.0
382,1695.0,-0.0,0.0
383,1695.0,-0.0,0.0
384,3048.0,0.0,0.0
385,3048.0,0.0,0.0
386,3048.0,-0.0,0.0
387,3048.0,-0.0,0.0
388,3052.0,-0.0,0.0
389,3052.0,-0.0,0.0
390,3052.0,-0.0,0.0
391,3052.0,-0.0,0.0
392,3115.0,0.0,0.0
393,3115.0,0.0,0.0
394,3115.0,0.0,0.0
395,3115.0,0.0,0.0
396,3120.0,0.0,0.0
397,3120.0,0.0,0.0
398,3120.0,-0.0,0.0
399,3120.0,-0.0,0.0
400,3132.0,0.0,0.0
401,3132.0,0.0,0.0
402,3132.0,0.0,0.0
403,3133.0,0.0,0.0
404,3134.0,-0.0,0.0
405,3134.0,-0.0,0.0
406,3135.0,0.0,0.0
407,3135.0,0.0,0.0
408,3180.0,-0.0,0.0
409,3180.0,-0.0,0.0
410,3182.0,-0.0,0.0
411,3182.0,-0.0,0.0
412,3185.0,0.0,0.0
413,3185.0,0.0,0.0
414,3187.0,0.0,0.0
415,3187.0,0.0,0.0
416,3187.0,0.0,0.0
417,3187.0,0.0,0.0
418,3191.0,-0.0,0.0
419,3191.0,-0.0,0.0
420,3191.0,0.0,0.0
421,3191.0,0.0,0.0
422,3192.0,-0.0,0.0
423,3192.0,-0.0,0.0
424,3194.0,0.0,0.0
425,3194.0,0.0,0.0
426,3200.0,-0.0,0.0
427,3200.0,-0.0,0.0
428,3207.0,0.0,0.0
429,3207.0,0.0,0.0
430,3208.0,0.0,0.0
431,3208.0,0.0,0.0
432,3213.0,-0.0,0.0
433,3213.0,-0.0,0.0
434,3215.0,0.0,0.0
435,3215.0,0.0,0.0
436,3222.0,0.0,0.0
437,3222.0,0.0,0.0
438,3232.0,-0.0,0.0
439,3232.0,-0.0,0.0
440,3238.0,-0.0,0.0
441,3238.0,-0.0,0.0
