,Frequencies,Displacement,Reorg Energy
0,-0.0,0.0,-0.0
1,-0.0,0.0,-0.0
2,-0.0,-0.0,-0.0
3,-0.0,-0.0,-0.0
4,-0.0,0.0,-0.0
5,0.0,0.0,0.0
6,0.0,-0.0,0.0
7,0.0,-0.0,0.0
8,0.0,0.0,0.0
9,0.0,0.0,0.0
10,0.0,0.0,0.0
11,0.0,0.0,0.0
12,7.0,0.852,2.4
13,6.0,0.987,3.0
14,10.0,1.151,6.9
15,10.0,0.727,2.6
16,21.0,0.031,0.0
17,20.0,0.186,0.4
18,24.0,-0.336,1.4
19,25.0,-0.139,0.2
20,32.0,-0.22,0.8
21,30.0,-0.284,1.2
22,34.0,-0.323,1.8
23,36.0,-0.048,0.0
24,51.0,-0.124,0.4
25,50.0,-0.116,0.3
26,57.0,-0.105,0.3
27,56.0,-0.078,0.2
28,60.0,-0.159,0.8
29,60.0,-0.037,0.0
30,74.0,-0.263,2.6
31,73.0,-0.331,4.0
32,80.0,0.226,2.1
33,80.0,0.234,2.2
34,86.0,-0.276,3.3
35,82.0,-0.167,1.1
36,90.0,0.041,0.1
37,89.0,0.005,0.0
38,92.0,-0.095,0.4
39,93.0,-0.101,0.5
40,102.0,0.297,4.5
41,101.0,0.279,3.9
42,109.0,-0.278,4.2
43,105.0,-0.196,2.0
44,111.0,-0.585,19.0
45,110.0,-0.729,29.4
46,133.0,0.104,0.7
47,131.0,0.004,0.0
48,150.0,0.01,0.0
49,140.0,0.011,0.0
50,154.0,0.072,0.4
51,154.0,0.047,0.2
52,167.0,-0.145,1.7
53,163.0,-0.074,0.4
54,169.0,0.018,0.0
55,169.0,0.037,0.1
56,173.0,0.004,0.0
57,172.0,0.066,0.4
58,195.0,0.026,0.1
59,195.0,0.0,0.0
60,199.0,0.135,1.8
61,196.0,0.125,1.5
62,204.0,0.088,0.8
63,201.0,0.18,3.2
64,208.0,0.16,2.7
65,208.0,0.21,4.6
66,214.0,-0.051,0.3
67,213.0,-0.052,0.3
68,230.0,-0.003,0.0
69,230.0,-0.003,0.0
70,234.0,-0.046,0.2
71,233.0,-0.045,0.2
72,235.0,-0.005,0.0
73,235.0,-0.009,0.0
74,239.0,-0.05,0.3
75,238.0,-0.069,0.6
76,242.0,-0.002,0.0
77,242.0,-0.008,0.0
78,245.0,0.011,0.0
79,246.0,0.027,0.1
80,248.0,0.293,10.7
81,248.0,0.299,11.1
82,260.0,0.018,0.0
83,261.0,0.01,0.0
84,273.0,0.128,2.2
85,272.0,0.172,4.0
86,278.0,0.108,1.6
87,279.0,0.08,0.9
88,286.0,0.018,0.0
89,285.0,0.144,2.9
90,291.0,0.133,2.6
91,291.0,0.119,2.1
92,297.0,-0.002,0.0
93,296.0,-0.057,0.5
94,298.0,-0.038,0.2
95,298.0,-0.025,0.1
96,318.0,-0.036,0.2
97,317.0,-0.016,0.0
98,323.0,0.109,1.9
99,322.0,0.172,4.7
100,327.0,-0.19,5.9
101,327.0,-0.06,0.6
102,332.0,-0.034,0.2
103,331.0,-0.169,4.7
104,352.0,-0.039,0.3
105,353.0,-0.077,1.0
106,377.0,-0.001,0.0
107,374.0,-0.027,0.1
108,383.0,-0.019,0.1
109,375.0,-0.014,0.0
110,396.0,0.13,3.3
111,394.0,0.087,1.5
112,403.0,-0.134,3.6
113,401.0,-0.135,3.7
114,417.0,0.016,0.1
115,412.0,0.023,0.1
116,421.0,0.049,0.5
117,414.0,0.01,0.0
118,424.0,-0.015,0.1
119,417.0,-0.007,0.0
120,427.0,0.048,0.5
121,426.0,0.007,0.0
122,437.0,0.024,0.1
123,437.0,0.004,0.0
124,444.0,-0.003,0.0
125,443.0,-0.022,0.1
126,452.0,0.014,0.0
127,443.0,0.0,0.0
128,454.0,0.001,0.0
129,454.0,0.009,0.0
130,462.0,0.053,0.6
131,455.0,0.077,1.4
132,465.0,-0.037,0.3
133,458.0,-0.107,2.6
134,473.0,-0.018,0.1
135,465.0,-0.036,0.3
136,482.0,0.055,0.7
137,471.0,0.064,1.0
138,493.0,-0.193,9.1
139,478.0,-0.069,1.1
140,500.0,-0.115,3.3
141,482.0,-0.226,12.4
142,502.0,-0.01,0.0
143,498.0,-0.019,0.1
144,507.0,-0.14,4.9
145,502.0,-0.0,0.0
146,510.0,0.025,0.2
147,506.0,0.075,1.4
148,515.0,-0.02,0.1
149,510.0,-0.006,0.0
150,516.0,0.006,0.0
151,516.0,0.002,0.0
152,540.0,-0.101,2.8
153,540.0,-0.129,4.5
154,553.0,0.225,14.0
155,552.0,0.197,10.7
156,574.0,0.152,6.6
157,564.0,0.058,0.9
158,580.0,0.009,0.0
159,574.0,0.068,1.3
160,581.0,-0.016,0.1
161,580.0,-0.017,0.1
162,582.0,0.066,1.3
163,581.0,0.084,2.1
164,600.0,0.039,0.5
165,593.0,0.028,0.2
166,603.0,-0.203,12.4
167,596.0,-0.237,16.7
168,623.0,0.016,0.1
169,623.0,0.098,3.0
170,629.0,0.181,10.3
171,624.0,0.161,8.1
172,630.0,-0.097,3.0
173,629.0,-0.045,0.6
174,653.0,-0.196,12.6
175,642.0,-0.102,3.3
176,661.0,-0.01,0.0
177,656.0,-0.055,1.0
178,668.0,-0.003,0.0
179,659.0,-0.02,0.1
180,668.0,0.025,0.2
181,666.0,0.007,0.0
182,685.0,-0.005,0.0
183,671.0,-0.001,0.0
184,697.0,0.113,4.5
185,673.0,0.005,0.0
186,698.0,-0.011,0.0
187,685.0,-0.005,0.0
188,714.0,-0.025,0.2
189,703.0,-0.076,2.0
190,723.0,0.05,0.9
191,715.0,0.053,1.0
192,725.0,-0.023,0.2
193,718.0,-0.004,0.0
194,727.0,-0.021,0.2
195,720.0,-0.024,0.2
196,732.0,-0.002,0.0
197,731.0,-0.021,0.2
198,748.0,0.049,0.9
199,736.0,0.001,0.0
200,749.0,-0.151,8.6
201,745.0,-0.113,4.8
202,753.0,-0.009,0.0
203,748.0,-0.023,0.2
204,757.0,0.01,0.0
205,753.0,0.003,0.0
206,763.0,0.047,0.8
207,759.0,0.028,0.3
208,769.0,-0.018,0.1
209,768.0,-0.008,0.0
210,784.0,0.011,0.0
211,774.0,0.005,0.0
212,786.0,0.008,0.0
213,781.0,0.008,0.0
214,799.0,0.097,3.7
215,785.0,0.002,0.0
216,804.0,0.018,0.1
217,804.0,0.012,0.1
218,813.0,0.034,0.5
219,811.0,0.036,0.5
220,816.0,-0.002,0.0
221,813.0,-0.015,0.1
222,819.0,-0.006,0.0
223,816.0,-0.003,0.0
224,825.0,0.044,0.8
225,825.0,0.034,0.5
226,827.0,-0.004,0.0
227,826.0,-0.007,0.0
228,833.0,-0.01,0.0
229,831.0,-0.068,1.9
230,835.0,-0.095,3.7
231,832.0,-0.002,0.0
232,841.0,0.0,0.0
233,837.0,0.002,0.0
234,848.0,0.05,1.1
235,847.0,0.03,0.4
236,884.0,0.06,1.6
237,864.0,0.015,0.1
238,886.0,0.136,8.2
239,883.0,0.128,7.2
240,900.0,-0.002,0.0
241,892.0,-0.003,0.0
242,903.0,-0.004,0.0
243,898.0,-0.024,0.3
244,903.0,-0.041,0.8
245,900.0,-0.001,0.0
246,904.0,-0.013,0.1
247,902.0,-0.001,0.0
248,904.0,0.003,0.0
249,904.0,0.0,0.0
250,927.0,-0.001,0.0
251,927.0,-0.005,0.0
252,944.0,-0.0,0.0
253,943.0,-0.0,0.0
254,952.0,0.0,0.0
255,952.0,0.0,0.0
256,954.0,-0.0,0.0
257,953.0,-0.001,0.0
258,956.0,0.0,0.0
259,955.0,0.0,0.0
260,962.0,0.046,1.0
261,961.0,0.025,0.3
262,971.0,-0.003,0.0
263,971.0,-0.001,0.0
264,976.0,0.001,0.0
265,975.0,0.002,0.0
266,979.0,0.002,0.0
267,976.0,0.015,0.1
268,983.0,-0.011,0.1
269,979.0,-0.018,0.2
270,985.0,0.009,0.0
271,984.0,0.002,0.0
272,986.0,0.051,1.3
273,988.0,0.013,0.1
274,989.0,0.002,0.0
275,988.0,0.047,1.1
276,997.0,0.013,0.1
277,1005.0,0.024,0.3
278,1007.0,0.066,2.2
279,1009.0,0.068,2.3
280,1032.0,-0.0,0.0
281,1030.0,-0.0,0.0
282,1033.0,-0.001,0.0
283,1032.0,-0.001,0.0
284,1068.0,0.048,1.2
285,1067.0,0.023,0.3
286,1070.0,0.057,1.7
287,1076.0,0.011,0.1
288,1080.0,0.035,0.7
289,1080.0,0.023,0.3
290,1094.0,0.029,0.5
291,1087.0,0.049,1.3
292,1098.0,-0.07,2.7
293,1093.0,-0.019,0.2
294,1107.0,0.022,0.3
295,1103.0,0.077,3.3
296,1133.0,-0.102,5.9
297,1132.0,-0.073,3.0
298,1151.0,-0.003,0.0
299,1149.0,-0.005,0.0
300,1154.0,-0.002,0.0
301,1150.0,-0.004,0.0
302,1155.0,-0.001,0.0
303,1151.0,-0.0,0.0
304,1155.0,0.0,0.0
305,1153.0,0.001,0.0
306,1162.0,0.009,0.0
307,1155.0,0.0,0.0
308,1165.0,-0.002,0.0
309,1163.0,-0.007,0.0
310,1166.0,0.033,0.6
311,1164.0,0.0,0.0
312,1175.0,0.0,0.0
313,1175.0,0.001,0.0
314,1190.0,-0.006,0.0
315,1189.0,-0.003,0.0
316,1201.0,0.028,0.5
317,1198.0,0.032,0.6
318,1203.0,0.054,1.8
319,1201.0,0.022,0.3
320,1216.0,-0.003,0.0
321,1211.0,-0.012,0.1
322,1226.0,0.02,0.3
323,1217.0,0.011,0.1
324,1229.0,0.071,3.1
325,1226.0,0.01,0.1
326,1236.0,0.042,1.1
327,1227.0,0.01,0.1
328,1237.0,0.02,0.2
329,1236.0,0.015,0.1
330,1247.0,0.168,17.6
331,1241.0,0.223,30.7
332,1253.0,0.146,13.3
333,1244.0,0.096,5.8
334,1257.0,-0.104,6.8
335,1251.0,-0.047,1.4
336,1271.0,0.007,0.0
337,1255.0,0.153,14.6
338,1282.0,0.08,4.1
339,1279.0,0.1,6.4
340,1287.0,0.044,1.2
341,1282.0,0.001,0.0
342,1296.0,-0.034,0.7
343,1288.0,-0.034,0.7
344,1302.0,-0.001,0.0
345,1293.0,-0.027,0.5
346,1321.0,-0.083,4.5
347,1299.0,-0.002,0.0
348,1349.0,0.087,5.1
349,1326.0,0.037,0.9
350,1355.0,-0.097,6.3
351,1329.0,-0.132,11.6
352,1365.0,0.001,0.0
353,1344.0,0.548,202.0
354,1366.0,0.085,4.9
355,1361.0,0.018,0.2
356,1368.0,-0.125,10.8
357,1364.0,-0.048,1.6
358,1374.0,-0.089,5.5
359,1366.0,-0.107,7.8
360,1382.0,-0.489,165.5
361,1372.0,-0.105,7.6
362,1384.0,-0.0,0.0
363,1384.0,-0.0,0.0
364,1394.0,-0.144,14.4
365,1393.0,-0.067,3.1
366,1398.0,-0.0,0.0
367,1397.0,-0.013,0.1
368,1399.0,-0.061,2.6
369,1398.0,-0.0,0.0
370,1400.0,0.271,51.4
371,1400.0,0.008,0.0
372,1403.0,0.002,0.0
373,1401.0,0.07,3.5
374,1403.0,-0.001,0.0
375,1403.0,-0.003,0.0
376,1412.0,-0.002,0.0
377,1406.0,-0.113,8.9
378,1424.0,-0.043,1.3
379,1411.0,-0.001,0.0
380,1427.0,0.049,1.7
381,1419.0,0.069,3.4
382,1428.0,0.139,13.9
383,1426.0,0.024,0.4
384,1442.0,0.001,0.0
385,1428.0,0.0,0.0
386,1452.0,0.113,9.2
387,1439.0,0.125,11.3
388,1459.0,0.01,0.1
389,1444.0,0.18,23.3
390,1470.0,0.027,0.5
391,1464.0,0.037,1.0
392,1478.0,-0.003,0.0
393,1468.0,-0.04,1.2
394,1484.0,-0.0,0.0
395,1475.0,-0.004,0.0
396,1485.0,-0.001,0.0
397,1477.0,-0.012,0.1
398,1485.0,-0.0,0.0
399,1483.0,-0.004,0.0
400,1486.0,0.034,0.9
401,1484.0,0.0,0.0
402,1488.0,-0.005,0.0
403,1484.0,-0.001,0.0
404,1490.0,0.0,0.0
405,1485.0,0.0,0.0
406,1490.0,-0.0,0.0
407,1486.0,-0.02,0.3
408,1491.0,-0.007,0.0
409,1488.0,-0.001,0.0
410,1496.0,0.0,0.0
411,1490.0,0.024,0.4
412,1500.0,-0.125,11.6
413,1490.0,-0.127,12.0
414,1505.0,0.036,1.0
415,1496.0,0.002,0.0
416,1506.0,-0.051,1.9
417,1504.0,-0.003,0.0
418,1507.0,0.0,0.0
419,1505.0,0.011,0.1
420,1508.0,-0.139,14.7
421,1507.0,-0.0,0.0
422,1516.0,0.331,83.1
423,1513.0,0.02,0.3
424,1523.0,0.045,1.5
425,1513.0,0.001,0.0
426,1524.0,0.0,0.0
427,1524.0,0.0,0.0
428,1532.0,-0.117,10.4
429,1544.0,-0.02,0.3
430,1549.0,-0.197,30.0
431,1557.0,-0.349,94.7
432,1555.0,0.013,0.1
433,1559.0,0.3,69.9
434,1560.0,0.01,0.1
435,1574.0,0.013,0.1
436,1575.0,0.003,0.0
437,1585.0,0.055,2.4
438,1589.0,-0.003,0.0
439,1588.0,-0.192,29.3
440,1616.0,0.0,0.0
441,1602.0,0.021,0.4
442,1620.0,0.028,0.6
443,1615.0,0.003,0.0
444,1623.0,-0.001,0.0
445,1620.0,-0.004,0.0
446,1633.0,0.412,138.7
447,1634.0,0.123,12.3
448,1638.0,-0.298,72.9
449,1664.0,-0.38,120.0
450,1684.0,0.001,0.0
451,1682.0,0.002,0.0
452,1719.0,-0.003,0.0
453,1718.0,-0.018,0.3
454,1757.0,0.02,0.3
455,1745.0,0.029,0.8
456,2014.0,0.025,0.6
457,1761.0,0.008,0.0
458,3029.0,0.0,0.0
459,3029.0,0.0,0.0
460,3032.0,0.0,0.0
461,3029.0,0.0,0.0
462,3032.0,-0.0,0.0
463,3032.0,-0.006,0.1
464,3034.0,-0.0,0.0
465,3032.0,-0.0,0.0
466,3035.0,-0.003,0.0
467,3034.0,-0.0,0.0
468,3036.0,0.004,0.0
469,3036.0,0.002,0.0
470,3087.0,0.0,0.0
471,3086.0,0.0,0.0
472,3090.0,0.0,0.0
473,3089.0,0.0,0.0
474,3099.0,-0.0,0.0
475,3095.0,-0.0,0.0
476,3100.0,0.0,0.0
477,3099.0,0.0,0.0
478,3103.0,0.002,0.0
479,3099.0,0.004,0.0
480,3104.0,-0.004,0.0
481,3103.0,-0.002,0.0
482,3109.0,-0.0,0.0
483,3109.0,-0.0,0.0
484,3110.0,-0.0,0.0
485,3109.0,-0.0,0.0
486,3110.0,-0.001,0.0
487,3111.0,-0.0,0.0
488,3111.0,-0.001,0.0
489,3111.0,-0.002,0.0
490,3112.0,0.002,0.0
491,3112.0,0.001,0.0
492,3131.0,-0.0,0.0
493,3132.0,-0.0,0.0
494,3141.0,0.0,0.0
495,3141.0,0.0,0.0
496,3176.0,0.006,0.0
497,3174.0,0.005,0.0
498,3182.0,0.0,0.0
499,3183.0,0.003,0.0
500,3192.0,-0.0,0.0
501,3192.0,-0.0,0.0
502,3193.0,-0.0,0.0
503,3192.0,-0.0,0.0
504,3200.0,0.0,0.0
505,3199.0,0.0,0.0
506,3200.0,0.0,0.0
507,3200.0,0.0,0.0
508,3209.0,-0.0,0.0
509,3208.0,-0.0,0.0
510,3209.0,-0.0,0.0
511,3208.0,-0.0,0.0
512,3212.0,-0.001,0.0
513,3217.0,-0.0,0.0
514,3222.0,-0.0,0.0
515,3221.0,-0.0,0.0
516,3223.0,-0.001,0.0
517,3222.0,-0.001,0.0
518,3245.0,0.007,0.1
519,3250.0,0.008,0.1
