,Frequencies,Displacement,Reorg Energy
0,-0.0,-0.0,-0.0
1,-0.0,-0.0,-0.0
2,-0.0,-0.0,-0.0
3,-0.0,-0.0,-0.0
4,0.0,-0.0,0.0
5,-0.0,-0.0,-0.0
6,0.0,0.0,0.0
7,0.0,0.0,0.0
8,0.0,-0.0,0.0
9,0.0,-0.0,0.0
10,0.0,0.0,0.0
11,0.0,0.0,0.0
12,19.0,0.015,0.0
13,21.0,0.459,2.2
14,27.0,2.032,54.9
15,23.0,1.854,40.2
16,42.0,0.305,2.0
17,45.0,0.25,1.4
18,58.0,0.024,0.0
19,58.0,0.114,0.4
20,64.0,0.035,0.0
21,66.0,0.032,0.0
22,80.0,0.178,1.3
23,88.0,0.163,1.2
24,102.0,0.105,0.6
25,105.0,0.136,1.0
26,125.0,-0.117,0.9
27,125.0,-0.107,0.7
28,127.0,0.133,1.1
29,135.0,0.126,1.1
30,144.0,0.005,0.0
31,150.0,0.007,0.0
32,155.0,-0.03,0.1
33,158.0,-0.324,8.3
34,160.0,-0.574,26.3
35,163.0,-0.376,11.6
36,202.0,-0.043,0.2
37,207.0,-0.107,1.2
38,206.0,0.121,1.5
39,217.0,0.043,0.2
40,221.0,0.086,0.8
41,224.0,0.019,0.0
42,234.0,-0.015,0.0
43,241.0,-0.028,0.1
44,240.0,0.004,0.0
45,244.0,0.002,0.0
46,243.0,0.002,0.0
47,249.0,0.115,1.6
48,250.0,-0.307,11.8
49,252.0,-0.241,7.3
50,272.0,0.009,0.0
51,273.0,0.013,0.0
52,284.0,-0.083,1.0
53,283.0,-0.069,0.7
54,293.0,-0.037,0.2
55,299.0,-0.024,0.1
56,314.0,-0.161,4.1
57,316.0,-0.142,3.2
58,318.0,0.004,0.0
59,320.0,0.087,1.2
60,351.0,-0.091,1.4
61,353.0,-0.03,0.2
62,360.0,0.01,0.0
63,378.0,0.011,0.0
64,404.0,-0.014,0.0
65,401.0,-0.043,0.4
66,408.0,-0.009,0.0
67,417.0,-0.132,3.6
68,419.0,0.22,10.1
69,420.0,0.157,5.2
70,423.0,0.024,0.1
71,432.0,0.083,1.5
72,427.0,-0.027,0.2
73,449.0,-0.025,0.1
74,437.0,0.014,0.0
75,456.0,0.087,1.7
76,469.0,-0.017,0.1
77,484.0,-0.025,0.2
78,491.0,-0.019,0.1
79,498.0,-0.009,0.0
80,498.0,0.006,0.0
81,516.0,0.009,0.0
82,539.0,-0.222,13.3
83,550.0,-0.183,9.2
84,545.0,0.016,0.1
85,572.0,0.044,0.5
86,565.0,-0.059,1.0
87,582.0,-0.039,0.5
88,591.0,0.173,8.8
89,596.0,0.138,5.7
90,615.0,0.172,9.1
91,626.0,0.137,5.9
92,628.0,0.01,0.0
93,630.0,0.124,4.9
94,647.0,-0.082,2.2
95,654.0,-0.072,1.7
96,649.0,0.003,0.0
97,665.0,0.119,4.7
98,654.0,-0.044,0.6
99,685.0,-0.008,0.0
100,662.0,-0.043,0.6
101,691.0,-0.038,0.5
102,674.0,-0.087,2.5
103,693.0,-0.114,4.5
104,677.0,-0.006,0.0
105,700.0,-0.0,0.0
106,696.0,-0.013,0.1
107,724.0,-0.231,19.3
108,716.0,-0.219,17.2
109,727.0,-0.006,0.0
110,724.0,0.003,0.0
111,734.0,0.03,0.3
112,727.0,0.0,0.0
113,761.0,0.002,0.0
114,754.0,0.01,0.0
115,780.0,0.012,0.1
116,767.0,-0.003,0.0
117,785.0,-0.002,0.0
118,788.0,-0.142,7.9
119,796.0,-0.134,7.2
120,798.0,-0.064,1.6
121,834.0,-0.118,5.8
122,809.0,-0.008,0.0
123,839.0,-0.045,0.9
124,824.0,-0.102,4.3
125,867.0,-0.024,0.2
126,858.0,-0.024,0.2
127,871.0,-0.021,0.2
128,863.0,0.002,0.0
129,901.0,0.123,6.8
130,871.0,0.007,0.0
131,904.0,0.0,0.0
132,877.0,-0.0,0.0
133,906.0,-0.001,0.0
134,882.0,0.0,0.0
135,909.0,0.0,0.0
136,896.0,0.126,7.1
137,939.0,0.03,0.4
138,932.0,-0.089,3.7
139,945.0,-0.099,4.6
140,945.0,-0.001,0.0
141,953.0,-0.0,0.0
142,947.0,-0.001,0.0
143,954.0,-0.001,0.0
144,960.0,0.016,0.1
145,982.0,0.04,0.8
146,977.0,-0.049,1.2
147,991.0,-0.0,0.0
148,979.0,-0.0,0.0
149,997.0,-0.035,0.6
150,983.0,-0.055,1.5
151,1003.0,-0.056,1.6
152,993.0,-0.083,3.4
153,1012.0,-0.129,8.5
154,1002.0,-0.107,5.7
155,1021.0,-0.001,0.0
156,1027.0,-0.0,0.0
157,1032.0,-0.0,0.0
158,1029.0,-0.0,0.0
159,1032.0,-0.0,0.0
160,1040.0,0.029,0.5
161,1049.0,0.045,1.1
162,1062.0,-0.069,2.6
163,1070.0,-0.072,2.8
164,1087.0,0.048,1.3
165,1097.0,0.046,1.1
166,1100.0,0.003,0.0
167,1108.0,0.005,0.0
168,1100.0,-0.003,0.0
169,1112.0,-0.002,0.0
170,1154.0,-0.002,0.0
171,1151.0,-0.001,0.0
172,1155.0,0.0,0.0
173,1152.0,0.0,0.0
174,1158.0,-0.061,2.1
175,1165.0,-0.034,0.7
176,1163.0,0.022,0.3
177,1169.0,0.042,1.0
178,1178.0,0.053,1.7
179,1192.0,0.028,0.5
180,1194.0,-0.04,1.0
181,1208.0,-0.054,1.8
182,1210.0,0.058,2.0
183,1216.0,0.001,0.0
184,1217.0,-0.04,1.0
185,1228.0,-0.029,0.5
186,1228.0,0.023,0.3
187,1236.0,0.037,0.9
188,1240.0,0.018,0.2
189,1243.0,0.008,0.0
190,1252.0,0.052,1.7
191,1257.0,0.026,0.4
192,1267.0,0.041,1.1
193,1278.0,0.008,0.0
194,1278.0,0.05,1.6
195,1291.0,0.06,2.4
196,1321.0,-0.052,1.8
197,1330.0,-0.055,2.0
198,1339.0,-0.062,2.6
199,1346.0,-0.067,3.0
200,1354.0,-0.085,4.9
201,1365.0,-0.008,0.0
202,1363.0,0.013,0.1
203,1370.0,0.054,2.0
204,1365.0,0.001,0.0
205,1375.0,0.016,0.2
206,1388.0,-0.138,13.2
207,1393.0,-0.218,33.1
208,1397.0,-0.0,0.0
209,1404.0,-0.001,0.0
210,1397.0,0.0,0.0
211,1405.0,0.001,0.0
212,1418.0,0.018,0.2
213,1426.0,0.013,0.1
214,1418.0,-0.017,0.2
215,1429.0,-0.065,3.0
216,1431.0,0.11,8.6
217,1451.0,0.058,2.5
218,1452.0,-0.068,3.4
219,1461.0,-0.076,4.2
220,1475.0,-0.044,1.4
221,1483.0,-0.024,0.4
222,1484.0,-0.0,0.0
223,1484.0,-0.027,0.6
224,1484.0,-0.0,0.0
225,1484.0,-0.002,0.0
226,1484.0,-0.005,0.0
227,1485.0,-0.002,0.0
228,1485.0,-0.0,0.0
229,1489.0,-0.001,0.0
230,1487.0,0.0,0.0
231,1489.0,0.0,0.0
232,1499.0,0.029,0.6
233,1495.0,0.126,11.9
234,1500.0,0.019,0.3
235,1505.0,0.002,0.0
236,1501.0,-0.025,0.5
237,1506.0,-0.004,0.0
238,1503.0,-0.093,6.4
239,1508.0,-0.059,2.7
240,1511.0,0.037,1.1
241,1515.0,0.141,15.1
242,1518.0,0.121,11.1
243,1525.0,0.095,6.9
244,1525.0,0.079,4.8
245,1527.0,0.096,7.0
246,1530.0,0.154,18.2
247,1534.0,0.034,0.9
248,1539.0,0.121,11.2
249,1550.0,0.06,2.8
250,1569.0,-0.015,0.2
251,1601.0,-0.016,0.2
252,1623.0,0.071,4.1
253,1627.0,0.069,3.9
254,1651.0,-0.232,44.3
255,1637.0,-0.162,21.5
256,3020.0,0.0,0.0
257,3035.0,0.0,0.0
258,3022.0,0.0,0.0
259,3036.0,0.0,0.0
260,3024.0,-0.025,1.0
261,3038.0,-0.019,0.5
262,3026.0,-0.024,0.9
263,3039.0,-0.026,1.0
264,3083.0,0.0,0.0
265,3102.0,0.0,0.0
266,3084.0,0.0,0.0
267,3104.0,0.0,0.0
268,3088.0,0.003,0.0
269,3107.0,0.001,0.0
270,3090.0,-0.001,0.0
271,3108.0,-0.002,0.0
272,3104.0,0.0,0.0
273,3112.0,0.0,0.0
274,3104.0,-0.0,0.0
275,3113.0,-0.001,0.0
276,3106.0,0.011,0.2
277,3114.0,0.013,0.3
278,3106.0,0.016,0.4
279,3114.0,0.018,0.5
280,3157.0,0.015,0.3
281,3175.0,0.008,0.1
282,3162.0,-0.003,0.0
283,3180.0,-0.001,0.0
284,3164.0,0.009,0.1
285,3181.0,0.01,0.2
286,3168.0,0.003,0.0
287,3182.0,0.008,0.1
288,3175.0,0.002,0.0
289,3191.0,0.006,0.0
290,3184.0,-0.004,0.0
291,3199.0,-0.0,0.0
292,3191.0,0.011,0.2
293,3205.0,0.018,0.5
294,3197.0,0.012,0.2
295,3215.0,0.014,0.3
296,3211.0,0.002,0.0
297,3223.0,0.005,0.0
