,Frequencies,Displacement,Reorg Energy
0,-0.0,0.0,-0.0
1,-0.0,0.0,-0.0
2,-0.0,-0.0,-0.0
3,-0.0,-0.0,-0.0
4,-0.0,-0.0,-0.0
5,-0.0,-0.0,-0.0
6,0.0,-0.0,0.0
7,0.0,-0.0,0.0
8,0.0,-0.0,0.0
9,0.0,-0.0,0.0
10,0.0,-0.0,0.0
11,0.0,-0.0,0.0
12,38.0,-0.001,0.0
13,33.0,-0.002,0.0
14,57.0,-0.009,0.0
15,58.0,-0.014,0.0
16,94.0,-0.006,0.0
17,83.0,-0.008,0.0
18,105.0,-0.172,1.5
19,104.0,-0.097,0.5
20,108.0,-13.191,9412.9
21,111.0,-13.143,9595.7
22,122.0,0.001,0.0
23,131.0,0.022,0.0
24,148.0,0.002,0.0
25,150.0,0.027,0.1
26,167.0,0.017,0.0
27,167.0,0.032,0.1
28,170.0,-0.237,4.8
29,173.0,-2.184,412.1
30,208.0,-12.419,16067.5
31,207.0,-12.697,16719.3
32,239.0,15.983,30588.4
33,227.0,0.026,0.1
34,242.0,-0.021,0.1
35,240.0,-12.812,19733.5
36,248.0,-0.344,14.7
37,242.0,-8.747,9255.1
38,248.0,0.028,0.1
39,243.0,0.088,0.9
40,274.0,6.544,5873.0
41,269.0,4.883,3210.5
42,286.0,9.649,13298.6
43,280.0,10.302,14844.1
44,298.0,0.028,0.1
45,286.0,0.07,0.7
46,299.0,20.646,63678.0
47,297.0,21.875,71167.8
48,317.0,12.02,22895.6
49,316.0,11.801,22022.5
50,368.0,5.813,6218.5
51,371.0,3.501,2270.1
52,377.0,-0.006,0.0
53,376.0,-0.016,0.1
54,411.0,0.004,0.0
55,404.0,0.018,0.1
56,420.0,-4.356,3987.6
57,423.0,-3.759,2988.0
58,450.0,0.004,0.0
59,440.0,0.003,0.0
60,460.0,0.002,0.0
61,452.0,0.002,0.0
62,492.0,-0.006,0.0
63,492.0,-9.758,23421.7
64,494.0,-8.395,17396.9
65,492.0,-0.001,0.0
66,507.0,-0.004,0.0
67,523.0,-0.0,0.0
68,538.0,-12.077,39242.0
69,536.0,-13.242,47007.3
70,575.0,6.892,13666.1
71,572.0,7.409,15690.4
72,577.0,-10.976,34742.7
73,579.0,-9.561,26477.5
74,631.0,-5.445,9359.4
75,630.0,-5.086,8153.0
76,658.0,6.771,15071.6
77,653.0,6.893,15512.9
78,658.0,-0.666,146.0
79,666.0,-2.209,1624.2
80,658.0,-0.291,27.9
81,692.0,-0.006,0.0
82,659.0,2.609,2242.3
83,700.0,0.01,0.0
84,704.0,0.006,0.0
85,722.0,5.195,9742.9
86,729.0,4.895,8739.1
87,726.0,0.012,0.1
88,732.0,-3.198,3745.3
89,730.0,-3.492,4447.7
90,733.0,-0.004,0.0
91,759.0,-0.004,0.0
92,748.0,-0.004,0.0
93,771.0,-0.004,0.0
94,786.0,-0.002,0.0
95,786.0,-0.766,230.6
96,798.0,1.712,1168.8
97,788.0,0.002,0.0
98,808.0,-1.296,678.6
99,799.0,-1.681,1129.7
100,838.0,0.363,55.3
101,839.0,0.06,1.5
102,881.0,0.002,0.0
103,895.0,1.603,1149.7
104,881.0,-0.004,0.0
105,905.0,-1.408,896.7
106,890.0,0.007,0.0
107,907.0,0.005,0.0
108,895.0,-1.493,996.9
109,907.0,-0.0,0.0
110,898.0,0.003,0.0
111,912.0,0.0,0.0
112,905.0,1.329,799.2
113,913.0,0.001,0.0
114,948.0,-0.002,0.0
115,954.0,-0.002,0.0
116,948.0,0.0,0.0
117,954.0,0.002,0.0
118,979.0,0.634,196.9
119,978.0,0.89,387.2
120,988.0,0.322,51.2
121,983.0,0.2,19.7
122,1005.0,-0.232,27.1
123,994.0,-0.308,47.1
124,1031.0,0.0,0.0
125,1031.0,0.002,0.0
126,1031.0,-0.001,0.0
127,1032.0,-0.002,0.0
128,1075.0,3.67,7240.2
129,1065.0,2.796,4163.3
130,1104.0,-0.723,288.2
131,1095.0,-0.234,30.0
132,1108.0,0.189,19.8
133,1105.0,0.42,97.6
134,1108.0,-0.59,192.6
135,1107.0,-0.171,16.2
136,1156.0,0.002,0.0
137,1149.0,0.001,0.0
138,1157.0,-0.196,22.2
139,1150.0,-0.0,0.0
140,1157.0,-4.906,13929.9
141,1165.0,-5.136,15361.7
142,1168.0,4.008,9382.4
143,1168.0,4.665,12707.1
144,1235.0,-3.309,6763.8
145,1231.0,-3.739,8601.7
146,1237.0,-5.217,16832.9
147,1233.0,-5.4,17983.3
148,1251.0,2.945,5423.8
149,1255.0,3.726,8712.1
150,1252.0,3.301,6821.9
151,1263.0,3.527,7856.9
152,1274.0,3.892,9644.6
153,1285.0,3.909,9817.3
154,1279.0,-4.924,15501.3
155,1293.0,-3.107,6237.2
156,1354.0,-6.726,30633.3
157,1333.0,-2.166,3126.8
158,1355.0,-1.133,869.0
159,1361.0,-2.272,3515.2
160,1388.0,-0.388,104.3
161,1370.0,-5.35,19611.5
162,1397.0,-0.09,5.6
163,1391.0,-0.815,462.4
164,1397.0,0.03,0.6
165,1405.0,0.0,0.0
166,1397.0,-2.419,4088.8
167,1405.0,-0.012,0.1
168,1421.0,0.314,70.0
169,1426.0,0.29,60.0
170,1421.0,-0.649,299.5
171,1429.0,-0.051,1.9
172,1448.0,0.191,26.4
173,1451.0,0.851,525.8
174,1458.0,-0.682,339.0
175,1466.0,-0.494,178.9
176,1484.0,-0.004,0.0
177,1475.0,-0.895,590.2
178,1484.0,0.006,0.0
179,1475.0,1.189,1043.6
180,1485.0,-0.17,21.4
181,1484.0,-0.001,0.0
182,1489.0,-0.0,0.0
183,1484.0,-0.002,0.0
184,1489.0,0.001,0.0
185,1489.0,0.022,0.3
186,1504.0,-1.716,2214.4
187,1489.0,-0.014,0.1
188,1504.0,1.168,1026.3
189,1505.0,1.337,1345.8
190,1507.0,-0.636,304.7
191,1506.0,-1.188,1062.1
192,1508.0,0.426,137.0
193,1508.0,1.536,1778.8
194,1510.0,1.077,875.2
195,1512.0,1.197,1082.4
196,1538.0,-1.883,2726.4
197,1521.0,-2.313,4068.1
198,1553.0,0.506,198.6
199,1538.0,1.656,2109.8
200,1589.0,3.007,7184.5
201,1541.0,3.884,11621.2
202,1646.0,-0.241,47.9
203,1639.0,-0.489,196.2
204,3023.0,-0.0,0.0
205,3036.0,-0.003,0.0
206,3023.0,-0.0,0.0
207,3037.0,-0.001,0.0
208,3027.0,-0.098,14.6
209,3039.0,-0.106,17.0
210,3027.0,0.072,7.8
211,3039.0,0.142,30.8
212,3084.0,0.0,0.0
213,3105.0,0.002,0.0
214,3084.0,-0.0,0.0
215,3105.0,-0.001,0.0
216,3090.0,-0.089,12.3
217,3110.0,-0.041,2.6
218,3090.0,0.098,14.8
219,3110.0,0.046,3.3
220,3104.0,0.0,0.0
221,3113.0,0.002,0.0
222,3104.0,-0.0,0.0
223,3113.0,-0.002,0.0
224,3105.0,0.056,4.8
225,3115.0,0.01,0.2
226,3105.0,0.036,2.1
227,3115.0,0.006,0.1
228,3162.0,-0.052,4.3
229,3182.0,-0.051,4.2
230,3163.0,-0.016,0.4
231,3183.0,-0.067,7.2
232,3197.0,-0.024,1.0
233,3216.0,-0.019,0.6
234,3197.0,0.006,0.0
235,3216.0,0.041,2.8
236,3243.0,0.018,0.5
237,3240.0,0.008,0.1
