,Frequencies,Displacement,Reorg Energy
0,-79.0,-0.0,-0.0
1,-63.0,-0.0,-0.0
2,-0.0,0.0,-0.0
3,-0.0,0.0,-0.0
4,-0.0,-0.0,-0.0
5,-0.0,-0.0,-0.0
6,-0.0,-0.0,-0.0
7,-0.0,-0.0,-0.0
8,0.0,0.0,0.0
9,0.0,0.0,0.0
10,0.0,-0.0,0.0
11,0.0,-0.0,0.0
12,0.0,0.0,0.0
13,0.0,0.0,0.0
14,21.0,0.0,0.0
15,20.0,0.0,0.0
16,33.0,-0.0,0.0
17,52.0,-0.0,0.0
18,53.0,-0.0,0.0
19,52.0,-0.0,0.0
20,59.0,-0.0,0.0
21,57.0,-0.0,0.0
22,67.0,0.0,0.0
23,103.0,0.0,0.0
24,119.0,-0.0,0.0
25,111.0,-0.0,0.0
26,133.0,0.0,0.0
27,132.0,0.0,0.0
28,166.0,0.0,0.0
29,154.0,0.0,0.0
30,174.0,0.395,13.5
31,174.0,0.422,15.5
32,213.0,0.0,0.0
33,210.0,0.0,0.0
34,258.0,0.0,0.0
35,238.0,0.0,0.0
36,337.0,0.0,0.0
37,309.0,0.0,0.0
38,338.0,0.111,2.1
39,339.0,0.1,1.7
40,381.0,0.0,0.0
41,382.0,0.0,0.0
42,396.0,-0.0,0.0
43,406.0,-0.0,0.0
44,407.0,0.0,0.0
45,408.0,0.0,0.0
46,414.0,0.0,0.0
47,423.0,0.0,0.0
48,418.0,0.0,0.0
49,428.0,0.0,0.0
50,442.0,0.0,0.0
51,440.0,0.0,0.0
52,446.0,-0.0,0.0
53,451.0,-0.0,0.0
54,481.0,-0.083,1.7
55,482.0,-0.088,1.8
56,509.0,0.0,0.0
57,492.0,0.0,0.0
58,515.0,-0.0,0.0
59,502.0,-0.0,0.0
60,561.0,0.0,0.0
61,533.0,0.0,0.0
62,593.0,-0.0,0.0
63,555.0,-0.0,0.0
64,631.0,0.0,0.0
65,630.0,0.0,0.0
66,645.0,-0.0,0.0
67,643.0,-0.0,0.0
68,656.0,0.0,0.0
69,644.0,0.011,0.0
70,656.0,-0.008,0.0
71,654.0,-0.0,0.0
72,671.0,-0.0,0.0
73,669.0,-0.0,0.0
74,696.0,-0.0,0.0
75,690.0,-0.0,0.0
76,721.0,0.104,3.9
77,701.0,0.092,2.9
78,740.0,-0.0,0.0
79,725.0,-0.0,0.0
80,776.0,0.133,6.8
81,744.0,0.0,0.0
82,779.0,-0.0,0.0
83,757.0,-0.0,0.0
84,819.0,0.0,0.0
85,760.0,0.187,13.3
86,824.0,-0.0,0.0
87,788.0,-0.0,0.0
88,827.0,-0.0,0.0
89,799.0,-0.272,29.4
90,830.0,0.248,25.5
91,799.0,0.0,0.0
92,843.0,0.0,0.0
93,808.0,0.0,0.0
94,854.0,0.0,0.0
95,831.0,0.0,0.0
96,879.0,0.0,0.0
97,845.0,0.0,0.0
98,923.0,0.0,0.0
99,876.0,0.0,0.0
100,970.0,-0.0,0.0
101,947.0,-0.0,0.0
102,993.0,0.0,0.0
103,952.0,0.0,0.0
104,998.0,0.0,0.0
105,961.0,0.0,0.0
106,999.0,-0.0,0.0
107,965.0,-0.0,0.0
108,1003.0,0.0,0.0
109,975.0,0.24,28.1
110,1004.0,-0.0,0.0
111,976.0,-0.0,0.0
112,1009.0,-0.315,50.1
113,979.0,-0.0,0.0
114,1013.0,-0.0,0.0
115,981.0,-0.0,0.0
116,1014.0,0.118,7.0
117,984.0,0.0,0.0
118,1016.0,-0.0,0.0
119,999.0,-0.112,6.2
120,1022.0,-0.053,1.4
121,1011.0,-0.164,13.7
122,1033.0,-0.052,1.4
123,1019.0,-0.042,0.9
124,1045.0,0.144,10.9
125,1023.0,0.104,5.6
126,1064.0,0.076,3.1
127,1050.0,0.094,4.7
128,1075.0,0.071,2.7
129,1053.0,0.109,6.3
130,1093.0,-0.039,0.8
131,1067.0,-0.03,0.5
132,1112.0,0.0,0.0
133,1087.0,0.0,0.0
134,1114.0,0.0,0.0
135,1099.0,0.128,9.0
136,1129.0,-0.151,12.8
137,1102.0,-0.0,0.0
138,1147.0,0.0,0.0
139,1136.0,0.0,0.0
140,1188.0,-0.0,0.0
141,1175.0,-0.0,0.0
142,1204.0,-0.098,5.7
143,1192.0,-0.0,0.0
144,1225.0,0.0,0.0
145,1194.0,0.14,11.6
146,1235.0,0.172,18.4
147,1211.0,0.0,0.0
148,1238.0,-0.0,0.0
149,1220.0,-0.191,22.3
150,1272.0,-0.0,0.0
151,1284.0,-0.0,0.0
152,1286.0,-0.281,50.8
153,1290.0,-0.0,0.0
154,1290.0,-0.0,0.0
155,1296.0,-0.23,34.2
156,1303.0,-0.0,0.0
157,1321.0,-0.0,0.0
158,1331.0,-0.0,0.0
159,1330.0,-0.0,0.0
160,1341.0,0.0,0.0
161,1333.0,0.0,0.0
162,1346.0,-0.262,46.0
163,1360.0,-0.278,52.4
164,1357.0,-0.425,122.7
165,1365.0,-0.0,0.0
166,1373.0,-0.0,0.0
167,1385.0,-0.335,77.9
168,1412.0,0.0,0.0
169,1397.0,0.0,0.0
170,1434.0,0.6,257.8
171,1418.0,0.461,150.9
172,1438.0,0.0,0.0
173,1454.0,0.0,0.0
174,1467.0,-0.0,0.0
175,1460.0,-0.0,0.0
176,1484.0,-0.0,0.0
177,1471.0,-0.38,106.2
178,1486.0,-0.173,22.4
179,1475.0,-0.0,0.0
180,1524.0,-0.194,28.7
181,1488.0,-0.0,0.0
182,1558.0,0.112,9.7
183,1506.0,0.0,0.0
184,1562.0,-0.0,0.0
185,1510.0,-0.277,57.7
186,1599.0,0.0,0.0
187,1542.0,0.089,6.1
188,1606.0,-0.7,393.9
189,1551.0,-0.0,0.0
190,1608.0,0.0,0.0
191,1592.0,0.0,0.0
192,1624.0,0.0,0.0
193,1602.0,0.051,2.1
194,1630.0,0.327,87.0
195,1617.0,0.664,356.7
196,1642.0,0.148,18.0
197,1630.0,0.436,155.2
198,1656.0,0.054,2.5
199,1647.0,0.032,0.8
200,3148.0,0.043,2.9
201,3087.0,0.0,0.0
202,3150.0,0.0,0.0
203,3087.0,0.037,2.1
204,3159.0,-0.015,0.4
205,3139.0,-0.016,0.4
206,3168.0,0.0,0.0
207,3144.0,0.0,0.0
208,3182.0,-0.0,0.0
209,3146.0,-0.0,0.0
210,3182.0,0.008,0.1
211,3146.0,0.014,0.3
212,3183.0,-0.018,0.5
213,3164.0,-0.018,0.5
214,3190.0,-0.0,0.0
215,3164.0,-0.0,0.0
216,3191.0,-0.01,0.2
217,3173.0,-0.002,0.0
218,3204.0,-0.009,0.1
219,3185.0,-0.005,0.0
220,3204.0,-0.0,0.0
221,3192.0,-0.0,0.0
222,3205.0,-0.002,0.0
223,3194.0,-0.007,0.1
224,3213.0,0.0,0.0
225,3198.0,0.0,0.0
226,3215.0,-0.019,0.6
227,3200.0,-0.014,0.3
