,Frequencies,Displacement,Reorg Energy
0,-0.0,0.0,-0.0
1,-0.0,0.0,-0.0
2,-0.0,0.0,-0.0
3,-0.0,0.0,-0.0
4,-0.0,0.0,-0.0
5,0.0,0.0,0.0
6,0.0,0.0,0.0
7,0.0,0.0,0.0
8,0.0,-0.0,0.0
9,0.0,-0.0,0.0
10,0.0,-0.0,0.0
11,0.0,-0.0,0.0
12,20.0,0.0,0.0
13,19.0,0.0,0.0
14,29.0,0.0,0.0
15,32.0,0.0,0.0
16,50.0,-0.0,0.0
17,51.0,-0.0,0.0
18,54.0,0.0,0.0
19,51.0,0.0,0.0
20,56.0,0.0,0.0
21,64.0,0.0,0.0
22,73.0,0.0,0.0
23,96.0,0.0,0.0
24,121.0,0.0,0.0
25,116.0,0.0,0.0
26,125.0,0.0,0.0
27,127.0,0.0,0.0
28,168.0,-0.0,0.0
29,154.0,-0.0,0.0
30,175.0,1.396,170.9
31,177.0,1.41,175.6
32,199.0,0.0,0.0
33,200.0,0.0,0.0
34,257.0,0.0,0.0
35,240.0,0.0,0.0
36,338.0,-0.269,12.3
37,332.0,-0.0,0.0
38,349.0,-0.0,0.0
39,339.0,-0.287,13.9
40,387.0,0.0,0.0
41,386.0,0.0,0.0
42,405.0,0.0,0.0
43,390.0,0.0,0.0
44,409.0,-0.0,0.0
45,405.0,-0.0,0.0
46,414.0,-0.0,0.0
47,408.0,-0.0,0.0
48,417.0,-0.0,0.0
49,413.0,-0.0,0.0
50,433.0,0.0,0.0
51,415.0,0.0,0.0
52,458.0,0.0,0.0
53,459.0,0.0,0.0
54,476.0,-0.192,8.8
55,476.0,-0.0,0.0
56,515.0,-0.0,0.0
57,481.0,-0.2,9.6
58,517.0,-0.0,0.0
59,515.0,-0.0,0.0
60,570.0,0.0,0.0
61,547.0,0.0,0.0
62,606.0,0.0,0.0
63,597.0,0.0,0.0
64,631.0,-0.0,0.0
65,603.0,-0.0,0.0
66,645.0,-0.0,0.0
67,638.0,-0.0,0.0
68,660.0,0.0,0.0
69,649.0,0.0,0.0
70,674.0,0.0,0.0
71,665.0,0.0,0.0
72,679.0,0.129,5.6
73,666.0,0.0,0.0
74,709.0,-0.0,0.0
75,672.0,-0.119,4.7
76,726.0,-0.203,14.9
77,724.0,-0.189,13.0
78,769.0,0.0,0.0
79,783.0,0.0,0.0
80,797.0,0.139,7.7
81,785.0,0.18,12.7
82,822.0,0.0,0.0
83,818.0,0.0,0.0
84,827.0,0.0,0.0
85,824.0,0.0,0.0
86,838.0,-0.523,114.5
87,826.0,-0.531,116.5
88,844.0,-0.0,0.0
89,845.0,-0.0,0.0
90,858.0,-0.0,0.0
91,848.0,-0.0,0.0
92,867.0,0.0,0.0
93,863.0,0.0,0.0
94,961.0,-0.0,0.0
95,973.0,-0.0,0.0
96,995.0,-0.0,0.0
97,988.0,-0.0,0.0
98,1003.0,-0.0,0.0
99,1002.0,-0.197,19.5
100,1006.0,-0.0,0.0
101,1003.0,-0.0,0.0
102,1007.0,-0.0,0.0
103,1004.0,-0.0,0.0
104,1010.0,-0.001,0.0
105,1009.0,-0.03,0.5
106,1014.0,0.0,0.0
107,1009.0,0.0,0.0
108,1016.0,0.0,0.0
109,1015.0,0.0,0.0
110,1017.0,0.0,0.0
111,1022.0,0.079,3.2
112,1017.0,-0.211,22.7
113,1023.0,-0.0,0.0
114,1020.0,-0.0,0.0
115,1026.0,-0.139,9.8
116,1039.0,-0.067,2.3
117,1030.0,-0.0,0.0
118,1045.0,0.033,0.6
119,1034.0,0.0,0.0
120,1048.0,0.099,5.1
121,1037.0,0.105,5.7
122,1072.0,0.012,0.1
123,1048.0,0.061,2.0
124,1083.0,0.034,0.6
125,1069.0,0.045,1.1
126,1099.0,0.0,0.0
127,1088.0,0.119,7.7
128,1110.0,-0.116,7.5
129,1110.0,-0.0,0.0
130,1116.0,-0.0,0.0
131,1120.0,-0.28,44.0
132,1135.0,0.327,60.5
133,1124.0,0.0,0.0
134,1180.0,-0.0,0.0
135,1181.0,-0.0,0.0
136,1195.0,0.26,40.4
137,1204.0,0.239,34.4
138,1223.0,0.0,0.0
139,1220.0,0.0,0.0
140,1226.0,0.0,0.0
141,1251.0,0.0,0.0
142,1244.0,-0.0,0.0
143,1259.0,-0.0,0.0
144,1272.0,-0.0,0.0
145,1283.0,-0.0,0.0
146,1285.0,-0.0,0.0
147,1305.0,-0.0,0.0
148,1292.0,-0.0,0.0
149,1320.0,-0.0,0.0
150,1336.0,-0.0,0.0
151,1334.0,-0.145,14.0
152,1344.0,0.033,0.7
153,1334.0,0.0,0.0
154,1346.0,0.079,4.2
155,1347.0,0.157,16.7
156,1349.0,0.0,0.0
157,1378.0,0.252,43.8
158,1353.0,0.255,43.8
159,1379.0,0.0,0.0
160,1399.0,0.0,0.0
161,1415.0,0.002,0.0
162,1425.0,-0.0,0.0
163,1415.0,-0.0,0.0
164,1429.0,-0.07,3.6
165,1439.0,-0.0,0.0
166,1465.0,0.134,13.1
167,1451.0,0.082,4.9
168,1469.0,-0.0,0.0
169,1454.0,-0.0,0.0
170,1482.0,-0.0,0.0
171,1475.0,-0.0,0.0
172,1498.0,-0.02,0.3
173,1480.0,-0.052,2.0
174,1525.0,-0.169,21.8
175,1500.0,-0.175,23.0
176,1555.0,0.0,0.0
177,1505.0,0.0,0.0
178,1585.0,0.0,0.0
179,1537.0,0.0,0.0
180,1602.0,0.304,74.2
181,1542.0,0.0,0.0
182,1606.0,-0.0,0.0
183,1566.0,-0.149,17.3
184,1621.0,0.363,106.8
185,1589.0,0.0,0.0
186,1624.0,0.0,0.0
187,1590.0,0.162,20.9
188,1638.0,-0.212,36.7
189,1613.0,-0.102,8.3
190,1648.0,0.137,15.5
191,1641.0,0.42,144.8
192,3149.0,0.019,0.6
193,3170.0,0.019,0.6
194,3151.0,-0.0,0.0
195,3173.0,-0.0,0.0
196,3165.0,0.006,0.0
197,3189.0,0.002,0.0
198,3176.0,-0.0,0.0
199,3192.0,-0.0,0.0
200,3178.0,0.0,0.0
201,3193.0,0.015,0.4
202,3179.0,-0.018,0.5
203,3198.0,-0.0,0.0
204,3182.0,0.0,0.0
205,3198.0,0.013,0.3
206,3183.0,-0.014,0.3
207,3201.0,-0.0,0.0
208,3188.0,0.017,0.5
209,3207.0,0.018,0.5
210,3200.0,-0.007,0.1
211,3208.0,-0.008,0.1
212,3210.0,-0.0,0.0
213,3226.0,-0.0,0.0
214,3211.0,0.015,0.4
215,3227.0,0.015,0.4
