,Frequencies,Displacement,Reorg Energy
0,-74.0,0.0,-0.0
1,-53.0,0.0,-0.0
2,-0.0,0.0,-0.0
3,-0.0,0.0,-0.0
4,-0.0,-0.0,-0.0
5,-0.0,-0.0,-0.0
6,-0.0,-0.0,-0.0
7,0.0,-0.0,0.0
8,0.0,0.0,0.0
9,0.0,0.0,0.0
10,0.0,0.0,0.0
11,0.0,0.0,0.0
12,0.0,-0.0,0.0
13,0.0,-0.0,0.0
14,20.0,0.0,0.0
15,18.0,0.0,0.0
16,34.0,-0.0,0.0
17,43.0,-0.0,0.0
18,53.0,0.0,0.0
19,53.0,0.0,0.0
20,58.0,-0.0,0.0
21,55.0,-0.0,0.0
22,66.0,0.0,0.0
23,84.0,0.0,0.0
24,120.0,-0.0,0.0
25,113.0,-0.0,0.0
26,134.0,0.0,0.0
27,137.0,0.0,0.0
28,162.0,0.0,0.0
29,152.0,0.0,0.0
30,173.0,-1.443,180.5
31,175.0,-1.458,186.1
32,211.0,0.0,0.0
33,213.0,0.0,0.0
34,257.0,-0.0,0.0
35,238.0,-0.0,0.0
36,337.0,-0.109,2.0
37,327.0,-0.0,0.0
38,349.0,-0.0,0.0
39,338.0,-0.117,2.3
40,378.0,-0.0,0.0
41,381.0,-0.0,0.0
42,390.0,-0.0,0.0
43,385.0,-0.0,0.0
44,409.0,-0.0,0.0
45,393.0,-0.0,0.0
46,414.0,0.0,0.0
47,406.0,0.0,0.0
48,421.0,-0.0,0.0
49,412.0,-0.0,0.0
50,443.0,0.0,0.0
51,428.0,0.0,0.0
52,445.0,0.0,0.0
53,446.0,0.0,0.0
54,483.0,-0.111,3.0
55,478.0,-0.0,0.0
56,507.0,-0.0,0.0
57,489.0,-0.109,2.9
58,514.0,0.0,0.0
59,508.0,0.0,0.0
60,562.0,-0.0,0.0
61,545.0,-0.0,0.0
62,590.0,0.0,0.0
63,588.0,0.0,0.0
64,632.0,0.0,0.0
65,613.0,0.0,0.0
66,641.0,-0.0,0.0
67,619.0,-0.0,0.0
68,656.0,0.0,0.0
69,649.0,0.0,0.0
70,658.0,0.106,3.7
71,652.0,0.103,3.5
72,671.0,-0.0,0.0
73,659.0,-0.0,0.0
74,700.0,0.0,0.0
75,672.0,0.0,0.0
76,713.0,-0.134,6.4
77,711.0,-0.126,5.6
78,751.0,-0.0,0.0
79,746.0,-0.0,0.0
80,780.0,0.0,0.0
81,775.0,0.019,0.1
82,785.0,-0.071,1.9
83,790.0,-0.0,0.0
84,814.0,-0.0,0.0
85,814.0,-0.0,0.0
86,816.0,-0.0,0.0
87,815.0,-0.568,131.3
88,826.0,0.539,120.1
89,824.0,0.0,0.0
90,841.0,-0.0,0.0
91,829.0,-0.0,0.0
92,849.0,0.0,0.0
93,854.0,0.0,0.0
94,876.0,0.0,0.0
95,854.0,0.0,0.0
96,905.0,-0.0,0.0
97,913.0,-0.0,0.0
98,926.0,0.0,0.0
99,950.0,0.0,0.0
100,962.0,0.0,0.0
101,956.0,0.0,0.0
102,970.0,0.0,0.0
103,968.0,0.0,0.0
104,987.0,-0.0,0.0
105,997.0,-0.0,0.0
106,1001.0,0.0,0.0
107,998.0,0.121,7.3
108,1003.0,-0.0,0.0
109,1005.0,-0.0,0.0
110,1006.0,-0.0,0.0
111,1006.0,-0.074,2.7
112,1009.0,-0.038,0.7
113,1013.0,-0.064,2.1
114,1013.0,-0.138,9.6
115,1018.0,-0.017,0.1
116,1019.0,-0.0,0.0
117,1025.0,-0.0,0.0
118,1019.0,0.0,0.0
119,1028.0,0.0,0.0
120,1020.0,-0.041,0.9
121,1028.0,-0.117,7.0
122,1033.0,-0.082,3.5
123,1037.0,-0.0,0.0
124,1054.0,-0.048,1.2
125,1037.0,-0.0,0.0
126,1064.0,-0.014,0.1
127,1048.0,-0.002,0.0
128,1071.0,0.121,7.8
129,1058.0,0.178,16.7
130,1100.0,-0.253,35.2
131,1078.0,-0.175,16.4
132,1111.0,0.0,0.0
133,1102.0,0.154,13.0
134,1112.0,0.106,6.3
135,1122.0,0.0,0.0
136,1113.0,-0.0,0.0
137,1122.0,-0.0,0.0
138,1128.0,-0.0,0.0
139,1139.0,-0.0,0.0
140,1186.0,-0.0,0.0
141,1194.0,-0.0,0.0
142,1194.0,-0.26,40.3
143,1201.0,-0.225,30.4
144,1220.0,-0.171,17.8
145,1226.0,-0.203,25.2
146,1223.0,0.0,0.0
147,1226.0,0.0,0.0
148,1238.0,-0.0,0.0
149,1265.0,-0.0,0.0
150,1275.0,-0.0,0.0
151,1275.0,-0.0,0.0
152,1288.0,0.0,0.0
153,1310.0,0.0,0.0
154,1303.0,-0.371,89.5
155,1317.0,-0.389,99.4
156,1314.0,-0.0,0.0
157,1325.0,-0.0,0.0
158,1332.0,0.0,0.0
159,1338.0,0.0,0.0
160,1344.0,-0.004,0.0
161,1348.0,-0.127,10.8
162,1351.0,-0.0,0.0
163,1366.0,-0.0,0.0
164,1366.0,-0.091,5.7
165,1378.0,-0.0,0.0
166,1372.0,-0.0,0.0
167,1394.0,-0.137,13.2
168,1410.0,-0.0,0.0
169,1431.0,-0.032,0.7
170,1435.0,0.0,0.0
171,1434.0,0.0,0.0
172,1448.0,-0.07,3.5
173,1458.0,-0.118,10.2
174,1468.0,-0.0,0.0
175,1461.0,-0.0,0.0
176,1472.0,0.172,21.8
177,1463.0,0.0,0.0
178,1484.0,0.0,0.0
179,1485.0,0.0,0.0
180,1538.0,-0.129,12.8
181,1502.0,-0.133,13.3
182,1542.0,0.04,1.2
183,1505.0,0.0,0.0
184,1564.0,0.0,0.0
185,1525.0,0.0,0.0
186,1589.0,-0.0,0.0
187,1536.0,-0.013,0.1
188,1615.0,0.0,0.0
189,1579.0,0.0,0.0
190,1615.0,-0.239,46.2
191,1585.0,-0.0,0.0
192,1619.0,0.435,153.1
193,1589.0,0.141,15.8
194,1622.0,0.0,0.0
195,1596.0,0.227,41.3
196,1646.0,-0.056,2.6
197,1626.0,-0.098,7.8
198,1653.0,-0.267,58.9
199,1651.0,-0.412,140.3
200,3143.0,-0.022,0.8
201,3168.0,-0.023,0.9
202,3145.0,-0.0,0.0
203,3171.0,-0.0,0.0
204,3157.0,-0.0,0.0
205,3182.0,-0.0,0.0
206,3158.0,0.032,1.6
207,3182.0,0.027,1.2
208,3164.0,-0.001,0.0
209,3188.0,-0.004,0.0
210,3173.0,0.0,0.0
211,3197.0,0.0,0.0
212,3187.0,0.01,0.2
213,3205.0,0.01,0.2
214,3201.0,-0.0,0.0
215,3210.0,-0.001,0.0
216,3202.0,-0.002,0.0
217,3215.0,-0.001,0.0
218,3203.0,0.0,0.0
219,3216.0,0.0,0.0
220,3203.0,0.026,1.1
221,3218.0,0.0,0.0
222,3206.0,0.0,0.0
223,3220.0,0.027,1.2
224,3215.0,0.0,0.0
225,3226.0,0.0,0.0
226,3216.0,-0.008,0.1
227,3228.0,-0.007,0.1
