,Frequencies,Displacement,Reorg Energy
0,-79.0,0.0,-0.0
1,-54.0,0.0,-0.0
2,-0.0,-0.0,-0.0
3,-0.0,-0.0,-0.0
4,-0.0,-0.0,-0.0
5,-0.0,-0.0,-0.0
6,-0.0,0.0,-0.0
7,-0.0,0.0,-0.0
8,0.0,-0.0,0.0
9,-0.0,-0.0,-0.0
10,0.0,-0.0,0.0
11,0.0,-0.0,0.0
12,0.0,0.0,0.0
13,0.0,0.0,0.0
14,21.0,0.0,0.0
15,19.0,0.0,0.0
16,33.0,-0.0,0.0
17,38.0,-0.0,0.0
18,53.0,0.0,0.0
19,54.0,0.0,0.0
20,59.0,-0.0,0.0
21,54.0,-0.0,0.0
22,67.0,-0.0,0.0
23,80.0,-0.0,0.0
24,119.0,-0.0,0.0
25,114.0,-0.0,0.0
26,133.0,-0.0,0.0
27,135.0,-0.0,0.0
28,166.0,0.0,0.0
29,155.0,0.0,0.0
30,174.0,-1.357,159.9
31,175.0,-1.369,164.1
32,213.0,-0.0,0.0
33,214.0,-0.0,0.0
34,258.0,0.0,0.0
35,238.0,0.0,0.0
36,337.0,-0.0,0.0
37,327.0,-0.0,0.0
38,338.0,-0.246,10.2
39,340.0,-0.263,11.8
40,381.0,-0.0,0.0
41,382.0,-0.0,0.0
42,396.0,0.0,0.0
43,383.0,0.0,0.0
44,407.0,0.0,0.0
45,388.0,0.0,0.0
46,414.0,0.0,0.0
47,408.0,0.0,0.0
48,418.0,-0.0,0.0
49,415.0,-0.0,0.0
50,442.0,-0.0,0.0
51,429.0,-0.0,0.0
52,446.0,-0.0,0.0
53,443.0,-0.0,0.0
54,481.0,0.172,7.1
55,478.0,0.0,0.0
56,509.0,-0.0,0.0
57,485.0,-0.18,7.8
58,515.0,0.0,0.0
59,509.0,0.0,0.0
60,561.0,-0.0,0.0
61,548.0,-0.0,0.0
62,593.0,-0.0,0.0
63,595.0,-0.0,0.0
64,631.0,-0.0,0.0
65,606.0,-0.0,0.0
66,645.0,0.0,0.0
67,630.0,0.0,0.0
68,656.0,-0.0,0.0
69,644.0,-0.0,0.0
70,656.0,0.082,2.2
71,651.0,0.076,1.9
72,671.0,-0.0,0.0
73,660.0,-0.0,0.0
74,696.0,-0.0,0.0
75,664.0,-0.0,0.0
76,721.0,-0.197,14.0
77,720.0,-0.206,15.3
78,740.0,0.0,0.0
79,739.0,0.0,0.0
80,776.0,-0.262,26.5
81,767.0,-0.282,30.6
82,779.0,-0.0,0.0
83,792.0,-0.0,0.0
84,819.0,0.0,0.0
85,815.0,0.0,0.0
86,824.0,0.0,0.0
87,821.0,0.0,0.0
88,827.0,-0.0,0.0
89,825.0,-0.459,86.9
90,830.0,0.447,83.1
91,826.0,0.0,0.0
92,843.0,-0.0,0.0
93,828.0,-0.0,0.0
94,854.0,0.0,0.0
95,849.0,0.0,0.0
96,879.0,0.0,0.0
97,887.0,0.0,0.0
98,923.0,0.0,0.0
99,951.0,0.0,0.0
100,970.0,0.0,0.0
101,991.0,0.062,1.9
102,993.0,0.0,0.0
103,996.0,0.0,0.0
104,998.0,-0.0,0.0
105,1005.0,-0.093,4.4
106,999.0,0.0,0.0
107,1006.0,0.0,0.0
108,1003.0,-0.0,0.0
109,1008.0,-0.0,0.0
110,1004.0,-0.0,0.0
111,1011.0,-0.016,0.1
112,1009.0,0.016,0.1
113,1012.0,0.0,0.0
114,1013.0,-0.0,0.0
115,1015.0,-0.188,17.9
116,1014.0,0.155,12.1
117,1020.0,0.0,0.0
118,1016.0,-0.0,0.0
119,1021.0,-0.0,0.0
120,1022.0,-0.057,1.7
121,1027.0,-0.0,0.0
122,1033.0,0.142,10.4
123,1029.0,0.0,0.0
124,1045.0,-0.034,0.6
125,1039.0,-0.038,0.7
126,1064.0,0.095,4.8
127,1046.0,0.098,5.1
128,1075.0,-0.073,2.8
129,1061.0,-0.118,7.4
130,1093.0,-0.138,10.4
131,1082.0,-0.133,9.6
132,1112.0,-0.0,0.0
133,1119.0,-0.243,33.0
134,1114.0,-0.0,0.0
135,1122.0,-0.0,0.0
136,1129.0,-0.262,38.9
137,1123.0,-0.0,0.0
138,1147.0,-0.0,0.0
139,1154.0,-0.0,0.0
140,1188.0,0.0,0.0
141,1193.0,0.0,0.0
142,1204.0,-0.052,1.6
143,1208.0,-0.028,0.5
144,1225.0,-0.0,0.0
145,1245.0,-0.0,0.0
146,1235.0,0.314,61.1
147,1246.0,0.324,65.2
148,1238.0,0.0,0.0
149,1254.0,0.0,0.0
150,1272.0,0.0,0.0
151,1282.0,0.0,0.0
152,1286.0,-0.378,91.8
153,1301.0,-0.0,0.0
154,1290.0,0.0,0.0
155,1304.0,0.0,0.0
156,1303.0,0.0,0.0
157,1324.0,0.316,66.2
158,1331.0,0.0,0.0
159,1335.0,0.0,0.0
160,1341.0,-0.0,0.0
161,1342.0,-0.116,9.0
162,1346.0,0.041,1.1
163,1360.0,0.0,0.0
164,1357.0,-0.016,0.2
165,1365.0,-0.141,13.6
166,1373.0,0.0,0.0
167,1375.0,0.0,0.0
168,1412.0,-0.0,0.0
169,1418.0,-0.035,0.9
170,1434.0,-0.064,2.9
171,1420.0,-0.0,0.0
172,1438.0,-0.0,0.0
173,1464.0,-0.0,0.0
174,1467.0,0.0,0.0
175,1466.0,0.066,3.2
176,1484.0,0.0,0.0
177,1467.0,0.0,0.0
178,1486.0,0.057,2.4
179,1492.0,0.0,0.0
180,1524.0,-0.06,2.7
181,1498.0,-0.044,1.4
182,1558.0,-0.084,5.4
183,1506.0,-0.0,0.0
184,1562.0,-0.0,0.0
185,1533.0,-0.097,7.1
186,1599.0,-0.0,0.0
187,1546.0,-0.0,0.0
188,1606.0,-0.111,9.8
189,1571.0,-0.0,0.0
190,1608.0,-0.0,0.0
191,1579.0,-0.044,1.5
192,1624.0,-0.0,0.0
193,1596.0,-0.0,0.0
194,1630.0,0.32,83.2
195,1607.0,0.076,4.7
196,1642.0,0.364,108.9
197,1626.0,0.119,11.5
198,1656.0,0.218,39.3
199,1650.0,0.5,206.0
200,3148.0,-0.018,0.5
201,3169.0,-0.018,0.5
202,3150.0,-0.0,0.0
203,3171.0,-0.0,0.0
204,3159.0,0.011,0.2
205,3188.0,0.007,0.1
206,3168.0,0.0,0.0
207,3195.0,0.0,0.0
208,3182.0,0.0,0.0
209,3196.0,0.009,0.1
210,3182.0,-0.012,0.2
211,3197.0,-0.0,0.0
212,3183.0,0.014,0.3
213,3205.0,0.02,0.7
214,3190.0,0.0,0.0
215,3211.0,0.005,0.0
216,3191.0,-0.01,0.2
217,3214.0,-0.009,0.1
218,3204.0,0.004,0.0
219,3214.0,0.0,0.0
220,3204.0,0.0,0.0
221,3223.0,0.0,0.0
222,3205.0,0.019,0.6
223,3224.0,0.008,0.1
224,3213.0,-0.0,0.0
225,3238.0,-0.0,0.0
226,3215.0,0.032,1.7
227,3239.0,0.034,1.9
