,Frequencies,Displacement,Reorg Energy
0,-96.0,0.0,-0.0
1,-71.0,0.0,-0.0
2,-53.0,0.0,-0.0
3,-31.0,0.0,-0.0
4,-0.0,-0.0,-0.0
5,-0.0,-0.0,-0.0
6,0.0,-0.0,0.0
7,-0.0,-0.0,-0.0
8,0.0,-0.0,0.0
9,-0.0,-0.0,-0.0
10,0.0,-0.0,0.0
11,0.0,-0.0,0.0
12,0.0,0.0,0.0
13,0.0,0.0,0.0
14,0.0,-0.0,0.0
15,0.0,-0.0,0.0
16,22.0,-0.0,0.0
17,21.0,-0.0,0.0
18,50.0,-0.0,0.0
19,56.0,-0.0,0.0
20,58.0,-0.0,0.0
21,57.0,-0.0,0.0
22,59.0,-0.0,0.0
23,80.0,-0.0,0.0
24,120.0,-0.0,0.0
25,112.0,-0.0,0.0
26,134.0,-0.0,0.0
27,133.0,-0.0,0.0
28,168.0,-0.0,0.0
29,150.0,-0.0,0.0
30,172.0,0.41,14.5
31,172.0,0.437,16.5
32,223.0,-0.0,0.0
33,219.0,-0.0,0.0
34,255.0,-0.0,0.0
35,233.0,-0.0,0.0
36,336.0,-0.0,0.0
37,302.0,-0.0,0.0
38,336.0,-0.048,0.4
39,336.0,-0.04,0.3
40,371.0,0.0,0.0
41,373.0,0.0,0.0
42,387.0,0.0,0.0
43,408.0,0.0,0.0
44,407.0,0.0,0.0
45,412.0,0.0,0.0
46,410.0,0.0,0.0
47,421.0,0.0,0.0
48,418.0,0.0,0.0
49,425.0,0.0,0.0
50,446.0,0.0,0.0
51,434.0,0.0,0.0
52,454.0,0.0,0.0
53,444.0,0.0,0.0
54,485.0,-0.102,2.5
55,483.0,-0.0,0.0
56,488.0,0.0,0.0
57,483.0,0.0,0.0
58,510.0,-0.0,0.0
59,486.0,-0.108,2.8
60,555.0,0.0,0.0
61,524.0,0.0,0.0
62,573.0,0.0,0.0
63,535.0,0.0,0.0
64,631.0,0.0,0.0
65,628.0,0.09,2.5
66,641.0,-0.093,2.8
67,630.0,-0.0,0.0
68,642.0,-0.0,0.0
69,639.0,-0.0,0.0
70,655.0,0.0,0.0
71,652.0,0.0,0.0
72,668.0,0.0,0.0
73,665.0,0.0,0.0
74,695.0,0.0,0.0
75,687.0,0.0,0.0
76,708.0,0.021,0.2
77,694.0,0.018,0.1
78,729.0,-0.0,0.0
79,708.0,-0.0,0.0
80,744.0,-0.0,0.0
81,720.0,-0.0,0.0
82,770.0,0.08,2.5
83,743.0,0.0,0.0
84,780.0,0.0,0.0
85,752.0,0.113,4.8
86,807.0,-0.0,0.0
87,755.0,-0.0,0.0
88,812.0,-0.088,3.1
89,772.0,-0.0,0.0
90,817.0,-0.0,0.0
91,790.0,-0.139,7.7
92,826.0,-0.0,0.0
93,794.0,-0.0,0.0
94,836.0,-0.0,0.0
95,801.0,-0.0,0.0
96,850.0,0.0,0.0
97,815.0,0.0,0.0
98,854.0,-0.0,0.0
99,819.0,-0.0,0.0
100,880.0,0.0,0.0
101,833.0,0.0,0.0
102,919.0,0.0,0.0
103,863.0,0.0,0.0
104,949.0,-0.0,0.0
105,914.0,-0.0,0.0
106,957.0,0.0,0.0
107,924.0,0.0,0.0
108,973.0,-0.0,0.0
109,948.0,-0.0,0.0
110,996.0,-0.0,0.0
111,950.0,-0.0,0.0
112,997.0,0.0,0.0
113,958.0,0.0,0.0
114,998.0,0.0,0.0
115,970.0,0.0,0.0
116,1002.0,0.0,0.0
117,974.0,0.0,0.0
118,1008.0,0.0,0.0
119,978.0,0.0,0.0
120,1008.0,0.324,53.0
121,979.0,0.265,34.3
122,1013.0,0.16,12.9
123,993.0,0.136,9.2
124,1018.0,0.009,0.0
125,1005.0,0.003,0.0
126,1023.0,0.07,2.5
127,1006.0,0.097,4.7
128,1034.0,-0.106,5.8
129,1009.0,-0.15,11.4
130,1055.0,0.022,0.2
131,1032.0,0.071,2.6
132,1065.0,0.085,3.8
133,1051.0,0.088,4.0
134,1075.0,0.11,6.5
135,1055.0,0.132,9.2
136,1111.0,-0.0,0.0
137,1085.0,-0.131,9.2
138,1112.0,0.0,0.0
139,1085.0,0.0,0.0
140,1113.0,-0.131,9.6
141,1101.0,-0.0,0.0
142,1143.0,-0.0,0.0
143,1135.0,-0.0,0.0
144,1168.0,-0.0,0.0
145,1153.0,-0.0,0.0
146,1188.0,-0.0,0.0
147,1173.0,-0.0,0.0
148,1207.0,0.121,8.9
149,1199.0,0.104,6.5
150,1219.0,0.147,13.2
151,1206.0,0.0,0.0
152,1237.0,-0.0,0.0
153,1208.0,-0.162,15.9
154,1251.0,-0.497,154.7
155,1238.0,-0.433,115.9
156,1275.0,-0.0,0.0
157,1285.0,-0.0,0.0
158,1288.0,-0.361,83.8
159,1290.0,-0.0,0.0
160,1293.0,0.0,0.0
161,1293.0,0.0,0.0
162,1303.0,-0.169,18.7
163,1309.0,-0.195,24.8
164,1310.0,0.0,0.0
165,1331.0,0.0,0.0
166,1327.0,0.0,0.0
167,1331.0,0.0,0.0
168,1342.0,-0.0,0.0
169,1334.0,-0.352,82.6
170,1354.0,0.268,48.5
171,1348.0,0.0,0.0
172,1361.0,-0.0,0.0
173,1363.0,-0.0,0.0
174,1370.0,0.0,0.0
175,1385.0,0.172,20.4
176,1433.0,-0.0,0.0
177,1438.0,-0.555,221.6
178,1445.0,0.0,0.0
179,1444.0,0.0,0.0
180,1449.0,0.511,189.0
181,1460.0,0.0,0.0
182,1468.0,0.0,0.0
183,1468.0,0.0,0.0
184,1484.0,-0.0,0.0
185,1482.0,-0.0,0.0
186,1522.0,-0.191,27.9
187,1495.0,-0.0,0.0
188,1543.0,-0.045,1.6
189,1502.0,-0.24,43.2
190,1571.0,-0.018,0.3
191,1520.0,-0.056,2.4
192,1580.0,-0.0,0.0
193,1526.0,-0.0,0.0
194,1596.0,-0.0,0.0
195,1543.0,-0.0,0.0
196,1614.0,0.548,242.1
197,1553.0,0.027,0.6
198,1614.0,0.0,0.0
199,1582.0,0.0,0.0
200,1623.0,0.0,0.0
201,1603.0,0.059,2.8
202,1638.0,0.541,239.6
203,1627.0,0.765,476.7
204,1647.0,0.235,45.5
205,1631.0,0.2,32.5
206,1659.0,-0.035,1.0
207,1652.0,-0.019,0.3
208,3142.0,-0.04,2.5
209,3084.0,-0.0,0.0
210,3144.0,-0.0,0.0
211,3085.0,-0.034,1.8
212,3162.0,-0.018,0.5
213,3136.0,-0.02,0.6
214,3170.0,0.0,0.0
215,3142.0,0.0,0.0
216,3181.0,-0.012,0.2
217,3155.0,-0.011,0.2
218,3183.0,-0.0,0.0
219,3156.0,-0.0,0.0
220,3186.0,0.007,0.1
221,3165.0,0.0,0.0
222,3191.0,-0.0,0.0
223,3165.0,-0.002,0.0
224,3192.0,0.005,0.0
225,3172.0,0.009,0.1
226,3201.0,0.0,0.0
227,3183.0,0.0,0.0
228,3202.0,0.007,0.1
229,3185.0,0.001,0.0
230,3202.0,-0.002,0.0
231,3185.0,-0.005,0.0
232,3207.0,-0.0,0.0
233,3190.0,-0.0,0.0
234,3209.0,-0.007,0.1
235,3193.0,-0.001,0.0
236,3212.0,0.0,0.0
237,3193.0,0.0,0.0
238,3214.0,0.025,1.0
239,3196.0,0.026,1.1
