,Frequencies,Displacement,Reorg Energy
0,-96.0,0.0,-0.0
1,-61.0,0.0,-0.0
2,-53.0,-0.0,-0.0
3,-26.0,-0.0,-0.0
4,-0.0,-0.0,-0.0
5,-0.0,-0.0,-0.0
6,0.0,-0.0,0.0
7,-0.0,-0.0,-0.0
8,0.0,0.0,0.0
9,-0.0,0.0,-0.0
10,0.0,-0.0,0.0
11,-0.0,-0.0,-0.0
12,0.0,0.0,0.0
13,-0.0,0.0,-0.0
14,0.0,0.0,0.0
15,0.0,0.0,0.0
16,22.0,-0.0,0.0
17,18.0,-0.0,0.0
18,50.0,0.0,0.0
19,51.0,0.0,0.0
20,58.0,-0.0,0.0
21,58.0,-0.0,0.0
22,59.0,-0.0,0.0
23,75.0,-0.0,0.0
24,120.0,0.0,0.0
25,108.0,0.0,0.0
26,134.0,0.0,0.0
27,135.0,0.0,0.0
28,168.0,-0.0,0.0
29,141.0,-0.0,0.0
30,172.0,-0.807,56.1
31,173.0,-0.792,54.4
32,223.0,-0.0,0.0
33,221.0,-0.0,0.0
34,255.0,-0.0,0.0
35,221.0,-0.0,0.0
36,336.0,0.0,0.0
37,288.0,0.0,0.0
38,336.0,0.112,2.1
39,336.0,0.113,2.1
40,371.0,-0.0,0.0
41,374.0,-0.0,0.0
42,387.0,-0.0,0.0
43,394.0,-0.0,0.0
44,407.0,-0.0,0.0
45,400.0,-0.0,0.0
46,410.0,0.0,0.0
47,405.0,0.0,0.0
48,418.0,-0.0,0.0
49,410.0,-0.0,0.0
50,446.0,-0.0,0.0
51,423.0,-0.0,0.0
52,454.0,0.0,0.0
53,445.0,0.0,0.0
54,485.0,0.027,0.2
55,465.0,0.0,0.0
56,488.0,-0.0,0.0
57,483.0,-0.0,0.0
58,510.0,0.0,0.0
59,488.0,0.031,0.2
60,555.0,-0.0,0.0
61,518.0,-0.0,0.0
62,573.0,-0.0,0.0
63,536.0,-0.0,0.0
64,631.0,0.0,0.0
65,615.0,0.0,0.0
66,641.0,-0.022,0.1
67,626.0,-0.03,0.3
68,642.0,0.0,0.0
69,628.0,0.0,0.0
70,655.0,-0.0,0.0
71,644.0,-0.0,0.0
72,668.0,-0.0,0.0
73,653.0,-0.0,0.0
74,695.0,0.0,0.0
75,670.0,0.0,0.0
76,708.0,-0.048,0.8
77,693.0,-0.006,0.0
78,729.0,-0.0,0.0
79,710.0,-0.0,0.0
80,744.0,-0.0,0.0
81,730.0,-0.0,0.0
82,770.0,-0.078,2.4
83,747.0,-0.069,1.8
84,780.0,0.0,0.0
85,765.0,0.0,0.0
86,807.0,-0.0,0.0
87,773.0,-0.0,0.0
88,812.0,-0.533,115.5
89,776.0,-0.0,0.0
90,817.0,0.0,0.0
91,788.0,0.0,0.0
92,826.0,-0.0,0.0
93,792.0,-0.579,133.0
94,836.0,0.0,0.0
95,799.0,0.0,0.0
96,850.0,0.0,0.0
97,812.0,0.0,0.0
98,854.0,0.0,0.0
99,828.0,0.0,0.0
100,880.0,0.0,0.0
101,842.0,0.0,0.0
102,919.0,-0.0,0.0
103,904.0,-0.0,0.0
104,949.0,-0.0,0.0
105,941.0,-0.0,0.0
106,957.0,-0.0,0.0
107,945.0,-0.0,0.0
108,973.0,0.0,0.0
109,973.0,0.0,0.0
110,996.0,-0.0,0.0
111,974.0,-0.0,0.0
112,997.0,-0.0,0.0
113,979.0,-0.06,1.8
114,998.0,-0.0,0.0
115,984.0,-0.0,0.0
116,1002.0,-0.0,0.0
117,984.0,-0.053,1.4
118,1008.0,-0.0,0.0
119,985.0,-0.0,0.0
120,1008.0,0.199,20.0
121,988.0,0.0,0.0
122,1013.0,0.15,11.3
123,993.0,0.041,0.8
124,1018.0,0.028,0.4
125,994.0,0.0,0.0
126,1023.0,0.201,20.6
127,999.0,0.119,7.1
128,1034.0,-0.112,6.5
129,1005.0,-0.185,17.1
130,1055.0,0.014,0.1
131,1023.0,0.152,11.8
132,1065.0,0.107,6.1
133,1048.0,0.097,4.9
134,1075.0,0.135,9.8
135,1056.0,0.141,10.5
136,1111.0,0.0,0.0
137,1087.0,0.221,26.5
138,1112.0,-0.0,0.0
139,1100.0,-0.0,0.0
140,1113.0,-0.23,29.3
141,1113.0,-0.0,0.0
142,1143.0,0.0,0.0
143,1139.0,0.0,0.0
144,1168.0,-0.0,0.0
145,1156.0,-0.0,0.0
146,1188.0,0.0,0.0
147,1184.0,0.0,0.0
148,1207.0,0.121,8.8
149,1204.0,0.099,5.9
150,1219.0,0.104,6.6
151,1216.0,0.054,1.8
152,1237.0,0.0,0.0
153,1224.0,0.0,0.0
154,1251.0,-0.661,273.6
155,1256.0,-0.523,172.0
156,1275.0,0.0,0.0
157,1274.0,0.0,0.0
158,1288.0,-0.443,126.2
159,1285.0,-0.0,0.0
160,1293.0,0.0,0.0
161,1297.0,0.0,0.0
162,1303.0,-0.146,14.0
163,1329.0,-0.0,0.0
164,1310.0,-0.0,0.0
165,1330.0,-0.233,36.0
166,1327.0,0.0,0.0
167,1342.0,0.0,0.0
168,1342.0,0.0,0.0
169,1348.0,0.0,0.0
170,1354.0,0.132,11.8
171,1353.0,0.37,92.4
172,1361.0,0.0,0.0
173,1368.0,0.0,0.0
174,1370.0,-0.0,0.0
175,1377.0,-0.242,40.4
176,1433.0,0.0,0.0
177,1435.0,0.358,91.7
178,1445.0,-0.0,0.0
179,1438.0,-0.0,0.0
180,1449.0,0.285,58.9
181,1452.0,0.0,0.0
182,1468.0,-0.0,0.0
183,1467.0,-0.0,0.0
184,1484.0,0.0,0.0
185,1485.0,0.0,0.0
186,1522.0,-0.171,22.4
187,1488.0,-0.129,12.3
188,1543.0,0.042,1.4
189,1499.0,0.0,0.0
190,1571.0,0.031,0.8
191,1504.0,0.0,0.0
192,1580.0,0.0,0.0
193,1513.0,0.184,25.6
194,1596.0,0.0,0.0
195,1520.0,0.0,0.0
196,1614.0,0.427,147.3
197,1536.0,0.004,0.0
198,1614.0,-0.0,0.0
199,1574.0,-0.0,0.0
200,1623.0,-0.0,0.0
201,1599.0,-0.044,1.5
202,1638.0,0.723,427.8
203,1617.0,0.093,7.0
204,1647.0,0.289,68.5
205,1640.0,0.127,13.2
206,1659.0,0.071,4.2
207,1674.0,0.959,770.4
208,3142.0,-0.007,0.1
209,3125.0,-0.01,0.1
210,3144.0,0.0,0.0
211,3126.0,0.0,0.0
212,3162.0,-0.002,0.0
213,3167.0,-0.0,0.0
214,3170.0,-0.0,0.0
215,3174.0,-0.0,0.0
216,3181.0,-0.004,0.0
217,3186.0,-0.008,0.1
218,3183.0,0.0,0.0
219,3187.0,0.0,0.0
220,3186.0,-0.008,0.1
221,3190.0,-0.008,0.1
222,3191.0,0.0,0.0
223,3195.0,0.0,0.0
224,3192.0,0.003,0.0
225,3196.0,0.003,0.0
226,3201.0,-0.0,0.0
227,3201.0,-0.009,0.1
228,3202.0,-0.006,0.1
229,3209.0,-0.0,0.0
230,3202.0,0.001,0.0
231,3210.0,0.004,0.0
232,3207.0,0.0,0.0
233,3213.0,0.0,0.0
234,3209.0,0.009,0.1
235,3215.0,0.003,0.0
236,3212.0,-0.0,0.0
237,3219.0,-0.0,0.0
238,3214.0,-0.024,0.9
239,3222.0,-0.027,1.1
