,Frequencies,Displacement,Reorg Energy
0,-74.0,0.0,-0.0
1,-50.0,0.0,-0.0
2,-0.0,-0.0,-0.0
3,-0.0,-0.0,-0.0
4,-0.0,0.0,-0.0
5,-0.0,0.0,-0.0
6,-0.0,-0.0,-0.0
7,-0.0,-0.0,-0.0
8,0.0,0.0,0.0
9,-0.0,0.0,-0.0
10,0.0,0.0,0.0
11,-0.0,0.0,-0.0
12,0.0,0.0,0.0
13,0.0,0.0,0.0
14,20.0,-0.0,0.0
15,19.0,-0.0,0.0
16,34.0,-0.0,0.0
17,53.0,-0.0,0.0
18,53.0,-0.0,0.0
19,54.0,-0.0,0.0
20,58.0,-0.0,0.0
21,55.0,-0.0,0.0
22,66.0,0.0,0.0
23,101.0,0.0,0.0
24,120.0,-0.0,0.0
25,113.0,-0.0,0.0
26,134.0,-0.0,0.0
27,133.0,-0.0,0.0
28,162.0,-0.0,0.0
29,146.0,-0.0,0.0
30,173.0,0.365,11.6
31,174.0,0.396,13.6
32,211.0,-0.0,0.0
33,208.0,-0.0,0.0
34,257.0,-0.0,0.0
35,237.0,-0.0,0.0
36,337.0,0.025,0.1
37,316.0,0.0,0.0
38,349.0,-0.0,0.0
39,337.0,-0.019,0.1
40,378.0,0.0,0.0
41,380.0,0.0,0.0
42,390.0,-0.0,0.0
43,402.0,-0.0,0.0
44,409.0,-0.0,0.0
45,411.0,-0.0,0.0
46,414.0,0.0,0.0
47,421.0,0.0,0.0
48,421.0,-0.0,0.0
49,432.0,-0.0,0.0
50,443.0,-0.0,0.0
51,442.0,-0.0,0.0
52,445.0,-0.0,0.0
53,443.0,-0.0,0.0
54,483.0,0.129,4.0
55,485.0,0.133,4.3
56,507.0,0.0,0.0
57,489.0,0.0,0.0
58,514.0,0.0,0.0
59,501.0,0.0,0.0
60,562.0,-0.0,0.0
61,531.0,-0.0,0.0
62,590.0,0.0,0.0
63,555.0,0.0,0.0
64,632.0,-0.0,0.0
65,631.0,-0.0,0.0
66,641.0,-0.0,0.0
67,638.0,-0.0,0.0
68,656.0,-0.0,0.0
69,642.0,-0.217,15.1
70,658.0,-0.215,15.2
71,654.0,-0.0,0.0
72,671.0,-0.0,0.0
73,669.0,-0.0,0.0
74,700.0,0.0,0.0
75,692.0,0.0,0.0
76,713.0,0.017,0.1
77,701.0,0.041,0.6
78,751.0,0.0,0.0
79,729.0,0.0,0.0
80,780.0,0.0,0.0
81,750.0,0.0,0.0
82,785.0,0.055,1.2
83,756.0,0.0,0.0
84,814.0,-0.0,0.0
85,761.0,-0.035,0.5
86,816.0,-0.0,0.0
87,788.0,-0.0,0.0
88,826.0,0.196,15.9
89,797.0,0.239,22.8
90,841.0,-0.0,0.0
91,815.0,-0.0,0.0
92,849.0,-0.0,0.0
93,818.0,-0.0,0.0
94,876.0,0.0,0.0
95,845.0,0.0,0.0
96,905.0,-0.0,0.0
97,867.0,-0.0,0.0
98,926.0,-0.0,0.0
99,871.0,-0.0,0.0
100,962.0,0.0,0.0
101,928.0,0.0,0.0
102,970.0,0.0,0.0
103,941.0,0.0,0.0
104,987.0,-0.0,0.0
105,957.0,-0.0,0.0
106,1001.0,-0.0,0.0
107,958.0,-0.0,0.0
108,1003.0,-0.0,0.0
109,962.0,-0.0,0.0
110,1006.0,-0.0,0.0
111,980.0,-0.0,0.0
112,1009.0,0.293,43.5
113,983.0,0.258,32.7
114,1013.0,-0.051,1.3
115,988.0,-0.1,5.0
116,1019.0,0.0,0.0
117,1000.0,0.0,0.0
118,1019.0,0.0,0.0
119,1003.0,0.0,0.0
120,1020.0,-0.172,15.2
121,1008.0,-0.212,22.7
122,1033.0,-0.057,1.7
123,1015.0,-0.005,0.0
124,1054.0,0.122,7.8
125,1029.0,0.076,2.9
126,1064.0,-0.004,0.0
127,1048.0,-0.0,0.0
128,1071.0,0.104,5.8
129,1054.0,0.155,12.6
130,1100.0,-0.046,1.2
131,1073.0,-0.03,0.5
132,1111.0,-0.0,0.0
133,1087.0,-0.0,0.0
134,1112.0,0.07,2.7
135,1088.0,0.079,3.4
136,1113.0,-0.0,0.0
137,1101.0,-0.0,0.0
138,1128.0,0.0,0.0
139,1121.0,0.0,0.0
140,1186.0,0.0,0.0
141,1173.0,0.0,0.0
142,1194.0,-0.274,44.9
143,1186.0,-0.273,44.1
144,1220.0,-0.054,1.8
145,1194.0,-0.0,0.0
146,1223.0,-0.0,0.0
147,1209.0,-0.06,2.2
148,1238.0,-0.0,0.0
149,1213.0,-0.0,0.0
150,1275.0,0.0,0.0
151,1285.0,0.0,0.0
152,1288.0,-0.0,0.0
153,1286.0,-0.0,0.0
154,1303.0,-0.447,129.9
155,1312.0,-0.0,0.0
156,1314.0,0.0,0.0
157,1321.0,0.313,64.9
158,1332.0,0.0,0.0
159,1329.0,0.0,0.0
160,1344.0,0.218,32.0
161,1352.0,0.0,0.0
162,1351.0,0.0,0.0
163,1355.0,0.0,0.0
164,1366.0,-0.327,73.2
165,1373.0,-0.081,4.5
166,1372.0,0.0,0.0
167,1398.0,0.405,114.5
168,1410.0,0.0,0.0
169,1414.0,0.0,0.0
170,1435.0,-0.0,0.0
171,1435.0,-0.624,279.7
172,1448.0,0.415,124.8
173,1445.0,0.335,81.3
174,1468.0,0.0,0.0
175,1451.0,0.0,0.0
176,1472.0,0.54,214.7
177,1461.0,0.0,0.0
178,1484.0,-0.0,0.0
179,1480.0,-0.0,0.0
180,1538.0,-0.046,1.6
181,1491.0,-0.0,0.0
182,1542.0,0.058,2.6
183,1511.0,0.0,0.0
184,1564.0,-0.0,0.0
185,1524.0,-0.103,8.1
186,1589.0,0.0,0.0
187,1530.0,0.022,0.4
188,1615.0,-0.0,0.0
189,1545.0,-0.0,0.0
190,1615.0,-0.651,342.0
191,1581.0,-0.0,0.0
192,1619.0,0.421,143.7
193,1602.0,0.092,6.7
194,1622.0,-0.0,0.0
195,1623.0,-0.684,380.0
196,1646.0,-0.026,0.6
197,1631.0,-0.386,121.4
198,1653.0,-0.308,78.3
199,1646.0,-0.143,16.7
200,3143.0,0.034,1.9
201,3093.0,0.0,0.0
202,3145.0,0.0,0.0
203,3093.0,0.029,1.3
204,3157.0,0.0,0.0
205,3109.0,0.0,0.0
206,3158.0,-0.027,1.1
207,3113.0,-0.019,0.6
208,3164.0,-0.009,0.1
209,3137.0,-0.018,0.5
210,3173.0,-0.0,0.0
211,3143.0,-0.0,0.0
212,3187.0,-0.009,0.1
213,3170.0,-0.009,0.1
214,3201.0,0.0,0.0
215,3182.0,0.003,0.0
216,3202.0,-0.002,0.0
217,3182.0,-0.0,0.0
218,3203.0,0.0,0.0
219,3188.0,0.0,0.0
220,3203.0,-0.015,0.4
221,3190.0,-0.003,0.0
222,3206.0,-0.007,0.1
223,3190.0,-0.012,0.2
224,3215.0,-0.0,0.0
225,3198.0,-0.0,0.0
226,3216.0,0.015,0.4
227,3200.0,0.016,0.4
