,Frequencies,Displacement,Reorg Energy
0,-74.0,-0.0,-0.0
1,-48.0,-0.0,-0.0
2,-0.0,0.0,-0.0
3,-0.0,0.0,-0.0
4,0.0,0.0,0.0
5,-0.0,0.0,-0.0
6,0.0,-0.0,0.0
7,-0.0,-0.0,-0.0
8,0.0,-0.0,0.0
9,0.0,-0.0,0.0
10,0.0,-0.0,0.0
11,0.0,-0.0,0.0
12,0.0,0.0,0.0
13,0.0,0.0,0.0
14,20.0,0.0,0.0
15,15.0,0.0,0.0
16,34.0,-0.0,0.0
17,49.0,-0.0,0.0
18,53.0,0.0,0.0
19,53.0,0.0,0.0
20,58.0,-0.0,0.0
21,54.0,-0.0,0.0
22,66.0,-0.0,0.0
23,98.0,-0.0,0.0
24,120.0,-0.0,0.0
25,107.0,-0.0,0.0
26,134.0,0.0,0.0
27,134.0,0.0,0.0
28,162.0,-0.0,0.0
29,136.0,-0.0,0.0
30,173.0,-0.908,71.5
31,174.0,-0.891,69.2
32,211.0,0.0,0.0
33,208.0,0.0,0.0
34,257.0,-0.0,0.0
35,219.0,-0.0,0.0
36,337.0,-0.109,2.0
37,295.0,-0.0,0.0
38,349.0,-0.0,0.0
39,337.0,-0.112,2.1
40,378.0,-0.0,0.0
41,382.0,-0.0,0.0
42,390.0,0.0,0.0
43,392.0,0.0,0.0
44,409.0,-0.0,0.0
45,394.0,-0.0,0.0
46,414.0,0.0,0.0
47,399.0,0.0,0.0
48,421.0,-0.0,0.0
49,414.0,-0.0,0.0
50,443.0,0.0,0.0
51,418.0,0.0,0.0
52,445.0,0.0,0.0
53,443.0,0.0,0.0
54,483.0,0.021,0.1
55,465.0,0.0,0.0
56,507.0,-0.0,0.0
57,487.0,-0.021,0.1
58,514.0,0.0,0.0
59,501.0,0.0,0.0
60,562.0,-0.0,0.0
61,517.0,-0.0,0.0
62,590.0,0.0,0.0
63,559.0,0.0,0.0
64,632.0,0.0,0.0
65,615.0,0.0,0.0
66,641.0,-0.0,0.0
67,621.0,-0.0,0.0
68,656.0,0.0,0.0
69,639.0,0.112,4.0
70,658.0,-0.086,2.4
71,649.0,-0.0,0.0
72,671.0,-0.0,0.0
73,657.0,-0.0,0.0
74,700.0,0.0,0.0
75,671.0,0.0,0.0
76,713.0,-0.069,1.7
77,701.0,-0.028,0.3
78,751.0,-0.0,0.0
79,728.0,-0.0,0.0
80,780.0,0.0,0.0
81,728.0,0.0,0.0
82,785.0,0.038,0.6
83,749.0,0.17,10.8
84,814.0,-0.0,0.0
85,772.0,-0.0,0.0
86,816.0,-0.0,0.0
87,783.0,-0.0,0.0
88,826.0,0.693,198.2
89,794.0,0.0,0.0
90,841.0,-0.0,0.0
91,795.0,-0.705,197.3
92,849.0,-0.0,0.0
93,816.0,-0.0,0.0
94,876.0,0.0,0.0
95,824.0,0.0,0.0
96,905.0,-0.0,0.0
97,862.0,-0.0,0.0
98,926.0,0.0,0.0
99,878.0,0.0,0.0
100,962.0,0.0,0.0
101,905.0,0.0,0.0
102,970.0,0.0,0.0
103,940.0,0.0,0.0
104,987.0,-0.0,0.0
105,974.0,-0.0,0.0
106,1001.0,-0.0,0.0
107,977.0,-0.056,1.5
108,1003.0,-0.0,0.0
109,985.0,-0.0,0.0
110,1006.0,0.0,0.0
111,987.0,0.0,0.0
112,1009.0,0.163,13.5
113,988.0,0.081,3.2
114,1013.0,-0.112,6.4
115,995.0,-0.0,0.0
116,1019.0,-0.0,0.0
117,1001.0,-0.191,18.2
118,1019.0,-0.0,0.0
119,1007.0,-0.038,0.7
120,1020.0,-0.209,22.3
121,1010.0,-0.113,6.4
122,1033.0,-0.127,8.3
123,1012.0,-0.0,0.0
124,1054.0,0.057,1.7
125,1015.0,0.0,0.0
126,1064.0,-0.017,0.2
127,1042.0,-0.079,3.3
128,1071.0,0.17,15.4
129,1049.0,0.224,26.4
130,1100.0,-0.18,17.9
131,1062.0,-0.028,0.4
132,1111.0,0.0,0.0
133,1090.0,0.176,16.9
134,1112.0,0.128,9.2
135,1103.0,0.0,0.0
136,1113.0,-0.0,0.0
137,1111.0,-0.0,0.0
138,1128.0,-0.0,0.0
139,1124.0,-0.0,0.0
140,1186.0,-0.0,0.0
141,1181.0,-0.0,0.0
142,1194.0,-0.361,77.8
143,1187.0,-0.0,0.0
144,1220.0,-0.156,14.9
145,1194.0,-0.304,55.3
146,1223.0,0.0,0.0
147,1218.0,0.17,17.5
148,1238.0,-0.0,0.0
149,1236.0,-0.0,0.0
150,1275.0,-0.0,0.0
151,1264.0,-0.0,0.0
152,1288.0,0.0,0.0
153,1283.0,0.0,0.0
154,1303.0,-0.587,224.3
155,1313.0,-0.0,0.0
156,1314.0,-0.0,0.0
157,1332.0,-0.0,0.0
158,1332.0,0.0,0.0
159,1340.0,0.423,119.6
160,1344.0,0.13,11.4
161,1352.0,0.0,0.0
162,1351.0,-0.0,0.0
163,1363.0,-0.0,0.0
164,1366.0,-0.299,61.2
165,1367.0,-0.171,19.9
166,1372.0,0.0,0.0
167,1409.0,0.327,75.1
168,1410.0,-0.0,0.0
169,1418.0,-0.0,0.0
170,1435.0,0.0,0.0
171,1430.0,0.397,112.8
172,1448.0,0.225,36.6
173,1433.0,0.0,0.0
174,1468.0,-0.0,0.0
175,1441.0,-0.42,126.9
176,1472.0,0.543,216.8
177,1463.0,0.0,0.0
178,1484.0,0.0,0.0
179,1485.0,0.0,0.0
180,1538.0,-0.167,21.3
181,1488.0,-0.0,0.0
182,1542.0,0.076,4.4
183,1494.0,0.0,0.0
184,1564.0,0.0,0.0
185,1504.0,0.275,56.9
186,1589.0,-0.0,0.0
187,1525.0,-0.073,4.1
188,1615.0,0.0,0.0
189,1533.0,0.0,0.0
190,1615.0,-0.62,310.1
191,1566.0,-0.0,0.0
192,1619.0,0.642,334.1
193,1590.0,0.017,0.2
194,1622.0,0.0,0.0
195,1616.0,0.316,80.7
196,1646.0,-0.054,2.4
197,1633.0,-0.234,44.6
198,1653.0,-0.383,121.2
199,1671.0,-0.965,778.3
200,3143.0,0.002,0.0
201,3133.0,0.0,0.0
202,3145.0,-0.0,0.0
203,3134.0,-0.0,0.0
204,3157.0,-0.0,0.0
205,3145.0,-0.0,0.0
206,3158.0,0.005,0.0
207,3147.0,0.009,0.1
208,3164.0,-0.006,0.1
209,3166.0,-0.005,0.0
210,3173.0,0.0,0.0
211,3173.0,0.0,0.0
212,3187.0,-0.001,0.0
213,3189.0,-0.002,0.0
214,3201.0,-0.0,0.0
215,3204.0,-0.001,0.0
216,3202.0,0.0,0.0
217,3204.0,0.0,0.0
218,3203.0,0.0,0.0
219,3205.0,0.006,0.0
220,3203.0,0.016,0.4
221,3209.0,0.0,0.0
222,3206.0,0.004,0.0
223,3211.0,0.015,0.3
224,3215.0,0.0,0.0
225,3218.0,0.0,0.0
226,3216.0,-0.008,0.1
227,3219.0,-0.008,0.1
