,Frequencies,Displacement,Reorg Energy
0,-0.0,0.0,-0.0
1,-0.0,0.0,-0.0
2,-0.0,0.0,-0.0
3,-0.0,0.0,-0.0
4,0.0,0.0,0.0
5,-0.0,0.0,-0.0
6,0.0,0.0,0.0
7,0.0,0.0,0.0
8,0.0,-0.0,0.0
9,0.0,-0.0,0.0
10,0.0,0.0,0.0
11,0.0,0.0,0.0
12,19.0,0.007,0.0
13,20.0,0.005,0.0
14,28.0,-0.011,0.0
15,23.0,-0.013,0.0
16,37.0,0.006,0.0
17,37.0,0.004,0.0
18,49.0,-0.008,0.0
19,53.0,-0.0,0.0
20,56.0,-0.018,0.0
21,60.0,-0.015,0.0
22,63.0,0.003,0.0
23,67.0,0.01,0.0
24,73.0,-0.001,0.0
25,77.0,-0.006,0.0
26,86.0,0.298,3.8
27,87.0,0.003,0.0
28,87.0,-0.003,0.0
29,88.0,-0.305,4.1
30,101.0,-0.001,0.0
31,102.0,-0.002,0.0
32,145.0,0.139,1.4
33,147.0,0.137,1.4
34,150.0,0.005,0.0
35,150.0,0.003,0.0
36,164.0,0.001,0.0
37,164.0,0.001,0.0
38,176.0,-0.001,0.0
39,181.0,-0.226,4.6
40,180.0,0.22,4.4
41,183.0,0.001,0.0
42,190.0,0.0,0.0
43,188.0,0.001,0.0
44,205.0,-0.001,0.0
45,208.0,-0.001,0.0
46,210.0,-0.033,0.1
47,213.0,-0.036,0.1
48,219.0,-0.002,0.0
49,222.0,-0.002,0.0
50,235.0,0.008,0.0
51,235.0,0.001,0.0
52,238.0,0.05,0.3
53,235.0,0.05,0.3
54,260.0,-0.0,0.0
55,271.0,-0.0,0.0
56,272.0,0.24,7.9
57,275.0,0.259,9.2
58,282.0,0.143,2.9
59,285.0,0.126,2.3
60,310.0,-0.001,0.0
61,314.0,-0.0,0.0
62,320.0,0.009,0.0
63,334.0,0.385,24.7
64,325.0,-0.432,30.3
65,338.0,-0.0,0.0
66,355.0,-0.157,4.4
67,362.0,-0.191,6.6
68,380.0,0.102,2.0
69,387.0,0.04,0.3
70,386.0,-0.069,0.9
71,392.0,-0.093,1.7
72,388.0,-0.002,0.0
73,394.0,-0.001,0.0
74,412.0,0.123,3.1
75,419.0,0.068,1.0
76,429.0,-0.36,27.7
77,434.0,-0.432,40.4
78,432.0,-0.252,13.7
79,438.0,-0.218,10.4
80,435.0,-0.166,6.0
81,439.0,-0.053,0.6
82,438.0,-0.003,0.0
83,447.0,-0.001,0.0
84,444.0,0.001,0.0
85,447.0,0.001,0.0
86,461.0,0.084,1.6
87,467.0,0.09,1.9
88,465.0,0.001,0.0
89,475.0,0.0,0.0
90,480.0,-0.001,0.0
91,481.0,-0.002,0.0
92,482.0,-0.134,4.3
93,482.0,-0.154,5.7
94,501.0,-0.032,0.3
95,504.0,-0.004,0.0
96,517.0,0.053,0.7
97,517.0,0.045,0.5
98,521.0,-0.0,0.0
99,534.0,-0.0,0.0
100,547.0,-0.011,0.0
101,546.0,-0.01,0.0
102,572.0,0.017,0.1
103,578.0,0.008,0.0
104,574.0,-0.005,0.0
105,583.0,-0.255,19.0
106,578.0,0.252,18.3
107,592.0,0.0,0.0
108,613.0,0.015,0.1
109,623.0,0.025,0.2
110,615.0,0.001,0.0
111,631.0,0.001,0.0
112,631.0,0.003,0.0
113,645.0,0.214,14.8
114,636.0,0.214,14.6
115,652.0,0.001,0.0
116,662.0,-0.001,0.0
117,666.0,-0.001,0.0
118,705.0,-0.0,0.0
119,715.0,-0.001,0.0
120,706.0,0.0,0.0
121,721.0,0.007,0.0
122,709.0,0.008,0.0
123,726.0,0.107,4.1
124,717.0,-0.022,0.2
125,739.0,-0.0,0.0
126,721.0,0.092,3.0
127,745.0,0.0,0.0
128,747.0,-0.0,0.0
129,755.0,-0.0,0.0
130,754.0,0.0,0.0
131,767.0,0.001,0.0
132,765.0,0.001,0.0
133,770.0,0.0,0.0
134,772.0,0.0,0.0
135,786.0,0.0,0.0
136,802.0,0.109,4.8
137,806.0,0.081,2.6
138,809.0,-0.073,2.1
139,811.0,-0.082,2.7
140,824.0,-0.043,0.8
141,828.0,-0.016,0.1
142,835.0,0.002,0.0
143,840.0,0.002,0.0
144,842.0,0.164,11.3
145,844.0,0.171,12.3
146,866.0,-0.0,0.0
147,864.0,-0.0,0.0
148,869.0,0.0,0.0
149,865.0,0.0,0.0
150,874.0,-0.0,0.0
151,869.0,-0.0,0.0
152,877.0,0.0,0.0
153,871.0,0.0,0.0
154,891.0,-0.171,13.1
155,898.0,-0.169,12.9
156,907.0,-0.017,0.1
157,916.0,-0.029,0.4
158,932.0,0.15,10.5
159,939.0,0.166,13.0
160,948.0,0.0,0.0
161,946.0,0.0,0.0
162,956.0,-0.1,4.8
163,957.0,-0.0,0.0
164,958.0,-0.001,0.0
165,972.0,-0.085,3.5
166,965.0,-0.001,0.0
167,984.0,-0.041,0.8
168,999.0,-0.001,0.0
169,992.0,-0.0,0.0
170,1011.0,-0.0,0.0
171,997.0,-0.0,0.0
172,1012.0,0.0,0.0
173,1001.0,0.0,0.0
174,1020.0,-0.0,0.0
175,1006.0,-0.0,0.0
176,1021.0,-0.0,0.0
177,1016.0,-0.0,0.0
178,1036.0,0.067,2.3
179,1042.0,0.056,1.6
180,1063.0,-0.005,0.0
181,1064.0,-0.005,0.0
182,1066.0,-0.0,0.0
183,1068.0,-0.0,0.0
184,1098.0,0.007,0.0
185,1093.0,0.021,0.2
186,1099.0,0.108,6.4
187,1101.0,0.065,2.3
188,1112.0,-0.021,0.2
189,1105.0,-0.01,0.1
190,1155.0,0.122,8.6
191,1154.0,0.002,0.0
192,1156.0,0.001,0.0
193,1156.0,0.0,0.0
194,1157.0,-0.038,0.8
195,1167.0,-0.011,0.1
196,1167.0,0.112,7.4
197,1173.0,0.059,2.0
198,1172.0,-0.009,0.0
199,1190.0,-0.035,0.7
200,1193.0,0.034,0.7
201,1196.0,0.033,0.6
202,1200.0,0.026,0.4
203,1208.0,0.006,0.0
204,1209.0,-0.031,0.6
205,1215.0,-0.021,0.3
206,1216.0,-0.113,7.7
207,1220.0,-0.078,3.7
208,1225.0,-0.022,0.3
209,1240.0,-0.004,0.0
210,1236.0,0.006,0.0
211,1241.0,0.028,0.5
212,1251.0,0.066,2.7
213,1253.0,0.056,2.0
214,1276.0,-0.266,45.2
215,1269.0,-0.01,0.1
216,1280.0,0.037,0.9
217,1305.0,0.023,0.3
218,1316.0,-0.232,35.5
219,1317.0,-0.008,0.0
220,1323.0,-0.279,51.6
221,1325.0,-0.501,166.1
222,1332.0,0.11,8.1
223,1331.0,0.062,2.5
224,1340.0,-0.02,0.3
225,1337.0,-0.012,0.1
226,1364.0,-0.061,2.5
227,1348.0,-0.025,0.4
228,1368.0,0.098,6.5
229,1369.0,0.022,0.3
230,1376.0,0.026,0.5
231,1373.0,0.028,0.6
232,1376.0,0.001,0.0
233,1378.0,0.106,7.7
234,1387.0,-0.063,2.7
235,1382.0,-0.001,0.0
236,1400.0,-0.031,0.7
237,1398.0,-0.02,0.3
238,1404.0,-0.0,0.0
239,1401.0,-0.0,0.0
240,1407.0,0.0,0.0
241,1408.0,0.278,54.4
242,1417.0,-0.038,1.0
243,1417.0,-0.006,0.0
244,1421.0,-0.201,28.7
245,1417.0,-0.051,1.9
246,1425.0,-0.027,0.5
247,1430.0,-0.003,0.0
248,1442.0,-0.034,0.8
249,1437.0,-0.048,1.7
250,1455.0,-0.08,4.7
251,1456.0,-0.034,0.9
252,1475.0,0.0,0.0
253,1480.0,0.219,35.6
254,1480.0,0.04,1.2
255,1480.0,0.003,0.0
256,1486.0,-0.042,1.3
257,1485.0,-0.0,0.0
258,1486.0,0.0,0.0
259,1492.0,0.018,0.3
260,1488.0,0.012,0.1
261,1495.0,0.036,1.0
262,1495.0,-0.155,18.0
263,1498.0,-0.034,0.9
264,1500.0,-0.032,0.8
265,1505.0,-0.0,0.0
266,1503.0,0.0,0.0
267,1508.0,0.003,0.0
268,1521.0,-0.02,0.3
269,1523.0,-0.025,0.5
270,1523.0,-0.076,4.4
271,1542.0,-0.047,1.7
272,1565.0,0.033,0.9
273,1562.0,0.021,0.3
274,1571.0,-0.02,0.3
275,1605.0,-0.289,67.1
276,1574.0,-0.105,8.8
277,1613.0,-0.02,0.3
278,1589.0,-0.053,2.2
279,1618.0,-0.054,2.4
280,1595.0,-0.015,0.2
281,1632.0,-0.002,0.0
282,1609.0,-0.016,0.2
283,1632.0,-0.018,0.3
284,1618.0,0.177,25.4
285,1649.0,0.005,0.0
286,1650.0,0.234,45.3
287,1710.0,0.077,5.0
288,1712.0,0.002,0.0
289,1713.0,0.001,0.0
290,1716.0,-0.003,0.0
291,1723.0,-0.03,0.8
292,1759.0,0.089,6.9
293,1751.0,0.131,15.1
294,1763.0,0.167,24.6
295,1760.0,0.182,29.2
296,3020.0,-0.008,0.1
297,3011.0,-0.01,0.1
298,3042.0,0.0,0.0
299,3035.0,0.0,0.0
300,3045.0,0.01,0.2
301,3039.0,0.011,0.2
302,3065.0,-0.0,0.0
303,3053.0,-0.0,0.0
304,3103.0,-0.0,0.0
305,3092.0,-0.004,0.0
306,3106.0,0.011,0.2
307,3093.0,0.0,0.0
308,3107.0,0.006,0.0
309,3096.0,0.011,0.2
310,3118.0,-0.003,0.0
311,3113.0,-0.005,0.0
312,3135.0,0.0,0.0
313,3133.0,0.0,0.0
314,3146.0,0.008,0.1
315,3143.0,0.007,0.1
316,3205.0,0.0,0.0
317,3194.0,0.0,0.0
318,3205.0,0.0,0.0
319,3194.0,0.0,0.0
320,3211.0,0.001,0.0
321,3202.0,0.002,0.0
322,3211.0,0.001,0.0
323,3202.0,0.001,0.0
324,3217.0,0.0,0.0
325,3209.0,0.0,0.0
326,3217.0,0.0,0.0
327,3209.0,0.0,0.0
328,3227.0,0.009,0.1
329,3218.0,0.007,0.1
330,3228.0,-0.007,0.1
331,3218.0,-0.007,0.1
332,3228.0,-0.009,0.1
333,3218.0,-0.012,0.2
