,Frequencies,Displacement,Reorg Energy
0,-0.0,-0.0,-0.0
1,-0.0,-0.0,-0.0
2,-0.0,-0.0,-0.0
3,-0.0,-0.0,-0.0
4,-0.0,0.0,-0.0
5,-0.0,0.0,-0.0
6,0.0,-0.0,0.0
7,0.0,-0.0,0.0
8,0.0,-0.0,0.0
9,0.0,-0.0,0.0
10,0.0,-0.0,0.0
11,0.0,-0.0,0.0
12,13.0,-0.01,0.0
13,11.0,-0.009,0.0
14,23.0,-0.003,0.0
15,23.0,-0.004,0.0
16,30.0,0.005,0.0
17,29.0,0.005,0.0
18,50.0,-0.853,18.1
19,50.0,-0.857,18.3
20,51.0,-0.034,0.0
21,54.0,-0.014,0.0
22,57.0,-0.005,0.0
23,58.0,-0.002,0.0
24,69.0,0.005,0.0
25,73.0,0.004,0.0
26,80.0,0.003,0.0
27,77.0,0.007,0.0
28,84.0,0.0,0.0
29,88.0,0.002,0.0
30,97.0,-0.002,0.0
31,96.0,-0.004,0.0
32,101.0,0.001,0.0
33,103.0,0.002,0.0
34,110.0,-0.05,0.1
35,111.0,-0.053,0.2
36,157.0,-0.007,0.0
37,161.0,-0.012,0.0
38,163.0,0.695,39.4
39,164.0,0.688,39.0
40,164.0,0.001,0.0
41,169.0,0.003,0.0
42,176.0,0.002,0.0
43,178.0,0.0,0.0
44,185.0,-0.005,0.0
45,189.0,-0.255,6.1
46,187.0,-0.232,5.0
47,195.0,-0.0,0.0
48,211.0,0.002,0.0
49,212.0,0.002,0.0
50,227.0,0.073,0.6
51,228.0,0.076,0.7
52,234.0,0.003,0.0
53,235.0,0.0,0.0
54,238.0,0.008,0.0
55,239.0,0.012,0.0
56,240.0,-0.0,0.0
57,241.0,-0.0,0.0
58,258.0,-0.059,0.4
59,257.0,-0.001,0.0
60,265.0,0.001,0.0
61,263.0,0.08,0.8
62,296.0,-0.013,0.0
63,283.0,-0.001,0.0
64,296.0,0.135,2.7
65,295.0,0.001,0.0
66,304.0,-0.149,3.4
67,298.0,-0.109,1.8
68,308.0,0.001,0.0
69,311.0,0.103,1.7
70,339.0,0.0,0.0
71,340.0,0.0,0.0
72,360.0,0.224,9.0
73,363.0,0.135,3.3
74,386.0,0.245,11.6
75,390.0,0.001,0.0
76,396.0,-0.003,0.0
77,394.0,-0.118,2.8
78,400.0,0.237,11.2
79,402.0,0.05,0.5
80,404.0,0.291,17.2
81,415.0,0.16,5.3
82,414.0,0.106,2.3
83,418.0,0.0,0.0
84,432.0,-0.325,22.9
85,435.0,-0.374,30.4
86,436.0,-0.094,1.9
87,442.0,-0.15,5.0
88,440.0,0.118,3.1
89,451.0,0.143,4.6
90,443.0,0.0,0.0
91,453.0,0.007,0.0
92,445.0,-0.0,0.0
93,454.0,-0.401,36.5
94,471.0,0.103,2.5
95,472.0,0.097,2.2
96,476.0,-0.002,0.0
97,493.0,-0.277,18.9
98,483.0,-0.0,0.0
99,499.0,-0.051,0.7
100,491.0,0.183,8.2
101,501.0,0.002,0.0
102,501.0,0.058,0.8
103,514.0,0.001,0.0
104,529.0,0.0,0.0
105,516.0,0.0,0.0
106,538.0,0.377,38.3
107,538.0,0.487,63.7
108,554.0,0.117,3.8
109,553.0,0.048,0.6
110,577.0,0.013,0.0
111,579.0,0.019,0.1
112,582.0,-0.03,0.3
113,582.0,-0.045,0.6
114,590.0,-0.002,0.0
115,590.0,-0.002,0.0
116,622.0,0.022,0.1
117,623.0,0.001,0.0
118,626.0,-0.001,0.0
119,625.0,-0.001,0.0
120,639.0,0.01,0.0
121,642.0,0.073,1.7
122,653.0,0.0,0.0
123,663.0,0.0,0.0
124,667.0,0.0,0.0
125,669.0,0.0,0.0
126,710.0,-0.054,1.0
127,712.0,-0.005,0.0
128,717.0,-0.012,0.1
129,716.0,-0.035,0.4
130,720.0,0.033,0.4
131,729.0,0.016,0.1
132,731.0,0.001,0.0
133,748.0,0.002,0.0
134,746.0,0.0,0.0
135,758.0,0.001,0.0
136,750.0,-0.001,0.0
137,767.0,-0.002,0.0
138,767.0,0.002,0.0
139,773.0,0.0,0.0
140,779.0,-0.003,0.0
141,787.0,-0.002,0.0
142,784.0,0.0,0.0
143,801.0,0.015,0.1
144,802.0,-0.004,0.0
145,808.0,-0.014,0.1
146,810.0,0.019,0.1
147,817.0,0.0,0.0
148,821.0,0.007,0.0
149,818.0,0.0,0.0
150,822.0,0.0,0.0
151,823.0,0.0,0.0
152,844.0,-0.158,10.5
153,827.0,-0.0,0.0
154,863.0,-0.001,0.0
155,831.0,-0.001,0.0
156,865.0,-0.0,0.0
157,834.0,-0.001,0.0
158,873.0,-0.001,0.0
159,846.0,-0.169,12.1
160,876.0,0.0,0.0
161,853.0,0.002,0.0
162,888.0,-0.078,2.7
163,897.0,-0.011,0.1
164,911.0,-0.039,0.7
165,915.0,-0.0,0.0
166,923.0,0.012,0.1
167,917.0,0.014,0.1
168,924.0,-0.0,0.0
169,929.0,-0.023,0.3
170,938.0,0.018,0.2
171,940.0,0.012,0.1
172,947.0,0.0,0.0
173,944.0,0.0,0.0
174,958.0,-0.0,0.0
175,956.0,-0.0,0.0
176,969.0,-0.041,0.8
177,963.0,-0.052,1.3
178,971.0,0.0,0.0
179,974.0,0.0,0.0
180,988.0,-0.01,0.0
181,978.0,-0.0,0.0
182,994.0,-0.056,1.5
183,980.0,-0.041,0.8
184,1000.0,-0.0,0.0
185,987.0,-0.0,0.0
186,1004.0,0.0,0.0
187,989.0,0.0,0.0
188,1009.0,-0.0,0.0
189,990.0,-0.0,0.0
190,1013.0,0.0,0.0
191,1035.0,0.0,0.0
192,1027.0,0.0,0.0
193,1042.0,0.0,0.0
194,1039.0,-0.0,0.0
195,1050.0,-0.039,0.8
196,1067.0,-0.019,0.2
197,1070.0,-0.015,0.1
198,1087.0,0.181,17.8
199,1095.0,0.104,6.0
200,1105.0,-0.017,0.2
201,1120.0,-0.185,19.1
202,1126.0,0.119,8.0
203,1134.0,0.137,10.7
204,1156.0,-0.0,0.0
205,1150.0,-0.012,0.1
206,1162.0,-0.004,0.0
207,1155.0,-0.0,0.0
208,1165.0,0.041,1.0
209,1166.0,0.02,0.2
210,1175.0,-0.119,8.4
211,1175.0,-0.024,0.3
212,1180.0,0.067,2.7
213,1191.0,0.047,1.3
214,1197.0,0.019,0.2
215,1202.0,0.004,0.0
216,1212.0,-0.026,0.4
217,1217.0,-0.051,1.6
218,1218.0,-0.045,1.2
219,1228.0,-0.023,0.3
220,1224.0,-0.001,0.0
221,1232.0,-0.01,0.1
222,1240.0,0.027,0.5
223,1236.0,0.006,0.0
224,1250.0,0.099,6.1
225,1250.0,0.073,3.3
226,1261.0,0.04,1.0
227,1259.0,0.077,3.7
228,1269.0,0.006,0.0
229,1279.0,0.307,60.4
230,1276.0,-0.003,0.0
231,1290.0,-0.059,2.2
232,1294.0,0.293,55.6
233,1298.0,0.41,108.9
234,1306.0,-0.169,18.7
235,1303.0,-0.048,1.5
236,1313.0,-0.016,0.2
237,1312.0,-0.067,3.0
238,1318.0,-0.328,70.9
239,1328.0,-0.009,0.1
240,1321.0,0.038,1.0
241,1337.0,0.08,4.3
242,1337.0,0.042,1.2
243,1360.0,0.094,6.1
244,1343.0,0.017,0.2
245,1363.0,0.069,3.2
246,1372.0,0.388,103.0
247,1371.0,0.358,87.8
248,1375.0,0.021,0.3
249,1372.0,0.181,22.5
250,1379.0,-0.002,0.0
251,1384.0,-0.001,0.0
252,1380.0,-0.082,4.7
253,1392.0,-0.049,1.6
254,1392.0,-0.002,0.0
255,1394.0,-0.087,5.3
256,1398.0,0.059,2.4
257,1398.0,0.001,0.0
258,1404.0,0.333,78.0
259,1398.0,0.009,0.1
260,1404.0,-0.021,0.3
261,1401.0,-0.019,0.3
262,1422.0,-0.051,1.9
263,1413.0,-0.072,3.7
264,1424.0,-0.113,9.1
265,1427.0,-0.13,12.1
266,1440.0,0.027,0.5
267,1440.0,0.043,1.3
268,1452.0,0.108,8.4
269,1462.0,0.074,4.0
270,1456.0,-0.0,0.0
271,1463.0,-0.001,0.0
272,1476.0,0.085,5.3
273,1475.0,0.002,0.0
274,1478.0,-0.042,1.3
275,1482.0,-0.027,0.5
276,1486.0,0.0,0.0
277,1484.0,0.061,2.8
278,1488.0,0.038,1.1
279,1484.0,0.0,0.0
280,1499.0,-0.021,0.3
281,1486.0,-0.01,0.1
282,1503.0,0.028,0.6
283,1497.0,0.028,0.6
284,1504.0,0.001,0.0
285,1507.0,0.0,0.0
286,1522.0,0.025,0.5
287,1524.0,0.027,0.6
288,1536.0,-0.029,0.6
289,1547.0,-0.016,0.2
290,1553.0,-0.067,3.5
291,1556.0,-0.053,2.2
292,1565.0,0.049,1.9
293,1568.0,0.021,0.4
294,1580.0,0.053,2.2
295,1576.0,0.038,1.1
296,1601.0,0.073,4.2
297,1589.0,0.01,0.1
298,1602.0,0.205,33.7
299,1610.0,0.174,24.5
300,1615.0,-0.378,115.4
301,1616.0,-0.006,0.0
302,1621.0,-0.072,4.2
303,1621.0,-0.363,106.9
304,1629.0,0.067,3.7
305,1635.0,0.273,60.9
306,1639.0,-0.031,0.8
307,1671.0,-0.027,0.6
308,1721.0,0.0,0.0
309,1686.0,0.008,0.0
310,1749.0,0.049,2.1
311,1723.0,0.232,46.3
312,1762.0,0.206,37.3
313,1801.0,0.19,32.3
314,1788.0,0.124,13.7
315,1824.0,0.087,6.9
316,3006.0,0.005,0.0
317,3008.0,0.006,0.1
318,3040.0,-0.0,0.0
319,3030.0,-0.0,0.0
320,3042.0,-0.0,0.0
321,3035.0,-0.014,0.3
322,3043.0,-0.013,0.3
323,3045.0,-0.0,0.0
324,3099.0,0.0,0.0
325,3088.0,0.0,0.0
326,3102.0,0.013,0.2
327,3091.0,0.012,0.2
328,3117.0,0.005,0.0
329,3110.0,0.007,0.1
330,3123.0,-0.0,0.0
331,3118.0,-0.0,0.0
332,3135.0,0.0,0.0
333,3132.0,0.0,0.0
334,3143.0,-0.006,0.1
335,3142.0,-0.007,0.1
336,3146.0,0.008,0.1
337,3142.0,0.004,0.0
338,3153.0,-0.008,0.1
339,3159.0,-0.011,0.2
340,3177.0,0.005,0.0
341,3167.0,0.007,0.1
342,3201.0,-0.003,0.0
343,3194.0,-0.003,0.0
344,3202.0,-0.001,0.0
345,3195.0,-0.0,0.0
346,3206.0,-0.001,0.0
347,3199.0,-0.001,0.0
348,3208.0,-0.0,0.0
349,3200.0,-0.001,0.0
350,3214.0,-0.001,0.0
351,3210.0,-0.001,0.0
352,3215.0,-0.001,0.0
353,3210.0,-0.001,0.0
354,3227.0,-0.003,0.0
355,3226.0,-0.001,0.0
356,3228.0,-0.002,0.0
357,3226.0,-0.0,0.0
