,Frequencies,Displacement,Reorg Energy
0,-0.0,0.0,-0.0
1,-0.0,0.0,-0.0
2,-0.0,-0.0,-0.0
3,-0.0,-0.0,-0.0
4,-0.0,-0.0,-0.0
5,-0.0,-0.0,-0.0
6,0.0,-0.0,0.0
7,0.0,-0.0,0.0
8,0.0,0.0,0.0
9,0.0,0.0,0.0
10,0.0,-0.0,0.0
11,0.0,-0.0,0.0
12,20.0,-0.0,0.0
13,19.0,-0.001,0.0
14,23.0,-0.011,0.0
15,29.0,-0.011,0.0
16,37.0,0.007,0.0
17,36.0,0.008,0.0
18,53.0,-0.011,0.0
19,55.0,-0.011,0.0
20,60.0,0.006,0.0
21,59.0,0.005,0.0
22,67.0,-0.015,0.0
23,70.0,-0.016,0.0
24,77.0,0.008,0.0
25,76.0,0.008,0.0
26,87.0,0.003,0.0
27,88.0,0.016,0.0
28,88.0,0.018,0.0
29,89.0,0.003,0.0
30,102.0,0.004,0.0
31,101.0,0.005,0.0
32,147.0,0.023,0.0
33,146.0,0.021,0.0
34,150.0,-0.001,0.0
35,153.0,-0.001,0.0
36,164.0,-0.003,0.0
37,168.0,-0.003,0.0
38,181.0,-0.782,55.2
39,181.0,-0.781,55.2
40,183.0,0.002,0.0
41,183.0,0.001,0.0
42,188.0,-0.001,0.0
43,193.0,-0.001,0.0
44,208.0,-0.001,0.0
45,209.0,-0.0,0.0
46,213.0,-0.203,4.4
47,212.0,-0.226,5.4
48,222.0,0.001,0.0
49,218.0,0.002,0.0
50,235.0,0.001,0.0
51,234.0,0.001,0.0
52,235.0,-0.019,0.0
53,235.0,-0.023,0.1
54,271.0,-0.001,0.0
55,256.0,-0.001,0.0
56,275.0,0.189,4.9
57,276.0,0.195,5.3
58,285.0,0.013,0.0
59,286.0,0.006,0.0
60,314.0,-0.001,0.0
61,302.0,-0.001,0.0
62,334.0,-0.177,5.2
63,320.0,-0.0,0.0
64,338.0,0.0,0.0
65,335.0,0.162,4.4
66,362.0,0.096,1.7
67,359.0,0.119,2.5
68,387.0,-0.025,0.1
69,387.0,-0.008,0.0
70,392.0,0.043,0.4
71,389.0,0.0,0.0
72,394.0,0.0,0.0
73,394.0,0.037,0.3
74,419.0,-0.042,0.4
75,417.0,-0.0,0.0
76,434.0,0.04,0.4
77,419.0,0.05,0.5
78,438.0,-0.032,0.2
79,434.0,-0.033,0.2
80,439.0,0.036,0.3
81,440.0,0.027,0.2
82,447.0,-0.002,0.0
83,443.0,-0.033,0.2
84,447.0,0.001,0.0
85,447.0,0.002,0.0
86,467.0,-0.052,0.6
87,466.0,-0.051,0.6
88,475.0,0.0,0.0
89,480.0,0.164,6.4
90,481.0,-0.001,0.0
91,484.0,-0.0,0.0
92,482.0,0.145,5.0
93,498.0,0.001,0.0
94,504.0,-0.106,2.8
95,501.0,-0.092,2.1
96,517.0,0.009,0.0
97,506.0,0.0,0.0
98,534.0,0.001,0.0
99,516.0,0.004,0.0
100,546.0,-0.416,47.3
101,546.0,-0.435,51.7
102,578.0,-0.02,0.1
103,568.0,-0.001,0.0
104,583.0,-0.23,15.5
105,575.0,-0.029,0.2
106,592.0,-0.001,0.0
107,578.0,-0.208,12.5
108,623.0,-0.022,0.1
109,605.0,-0.0,0.0
110,631.0,0.0,0.0
111,616.0,0.016,0.1
112,645.0,0.112,4.1
113,632.0,0.0,0.0
114,652.0,0.001,0.0
115,644.0,0.103,3.4
116,666.0,-0.002,0.0
117,652.0,-0.002,0.0
118,715.0,-0.001,0.0
119,674.0,-0.001,0.0
120,721.0,0.037,0.5
121,700.0,0.0,0.0
122,726.0,-0.078,2.2
123,707.0,-0.005,0.0
124,739.0,-0.001,0.0
125,717.0,-0.013,0.1
126,745.0,0.001,0.0
127,729.0,0.079,2.3
128,755.0,-0.002,0.0
129,747.0,-0.001,0.0
130,767.0,0.001,0.0
131,750.0,0.002,0.0
132,770.0,-0.003,0.0
133,757.0,-0.002,0.0
134,786.0,0.001,0.0
135,763.0,0.001,0.0
136,806.0,0.053,1.2
137,802.0,0.047,0.9
138,811.0,-0.043,0.8
139,807.0,-0.0,0.0
140,828.0,0.062,1.6
141,808.0,0.049,1.0
142,840.0,-0.0,0.0
143,814.0,-0.0,0.0
144,844.0,-0.021,0.2
145,825.0,-0.071,2.1
146,864.0,0.0,0.0
147,825.0,0.0,0.0
148,865.0,-0.0,0.0
149,831.0,-0.0,0.0
150,869.0,0.0,0.0
151,842.0,0.001,0.0
152,871.0,-0.001,0.0
153,843.0,-0.008,0.0
154,898.0,0.051,1.2
155,893.0,0.046,0.9
156,916.0,-0.009,0.0
157,911.0,-0.0,0.0
158,939.0,0.079,2.9
159,936.0,0.071,2.4
160,946.0,-0.001,0.0
161,943.0,-0.034,0.6
162,957.0,-0.0,0.0
163,945.0,-0.001,0.0
164,972.0,-0.052,1.3
165,957.0,-0.0,0.0
166,984.0,-0.028,0.4
167,971.0,-0.051,1.2
168,992.0,-0.0,0.0
169,974.0,-0.001,0.0
170,997.0,0.0,0.0
171,976.0,0.0,0.0
172,1001.0,0.0,0.0
173,987.0,0.0,0.0
174,1006.0,0.0,0.0
175,988.0,0.0,0.0
176,1016.0,-0.0,0.0
177,1012.0,-0.0,0.0
178,1042.0,0.102,5.5
179,1040.0,0.081,3.4
180,1064.0,-0.015,0.1
181,1062.0,-0.006,0.0
182,1068.0,-0.0,0.0
183,1066.0,-0.0,0.0
184,1093.0,0.061,2.0
185,1087.0,0.001,0.0
186,1101.0,-0.01,0.1
187,1094.0,-0.006,0.0
188,1105.0,0.056,1.7
189,1110.0,0.003,0.0
190,1154.0,0.007,0.0
191,1137.0,0.017,0.2
192,1156.0,0.0,0.0
193,1155.0,0.0,0.0
194,1167.0,0.022,0.3
195,1161.0,0.007,0.0
196,1173.0,0.003,0.0
197,1168.0,0.016,0.1
198,1190.0,-0.018,0.2
199,1177.0,-0.029,0.5
200,1196.0,-0.019,0.2
201,1186.0,-0.04,0.9
202,1208.0,-0.028,0.5
203,1197.0,-0.026,0.4
204,1215.0,0.02,0.2
205,1199.0,0.022,0.3
206,1220.0,0.072,3.2
207,1224.0,0.092,5.2
208,1240.0,-0.01,0.1
209,1233.0,-0.027,0.4
210,1241.0,-0.003,0.0
211,1243.0,-0.022,0.3
212,1253.0,-0.036,0.8
213,1247.0,-0.026,0.4
214,1269.0,-0.03,0.6
215,1262.0,-0.06,2.3
216,1305.0,-0.203,26.9
217,1300.0,-0.676,297.0
218,1317.0,0.026,0.5
219,1315.0,0.118,9.1
220,1325.0,0.608,245.3
221,1321.0,0.064,2.7
222,1331.0,-0.048,1.5
223,1331.0,-0.014,0.1
224,1337.0,-0.023,0.3
225,1353.0,-0.014,0.1
226,1348.0,0.059,2.4
227,1362.0,0.111,8.4
228,1369.0,-0.004,0.0
229,1367.0,-0.048,1.6
230,1373.0,-0.123,10.3
231,1378.0,-0.156,16.8
232,1378.0,-0.237,38.8
233,1382.0,-0.001,0.0
234,1382.0,0.003,0.0
235,1392.0,0.03,0.6
236,1398.0,0.219,33.4
237,1400.0,0.001,0.0
238,1401.0,-0.002,0.0
239,1405.0,-0.033,0.8
240,1408.0,-0.359,90.9
241,1416.0,-0.001,0.0
242,1417.0,0.009,0.1
243,1416.0,0.008,0.0
244,1417.0,0.001,0.0
245,1427.0,0.337,81.0
246,1430.0,-0.007,0.0
247,1433.0,-0.036,0.9
248,1437.0,-0.015,0.2
249,1447.0,-0.028,0.5
250,1456.0,-0.003,0.0
251,1453.0,-0.064,3.0
252,1480.0,-0.241,42.9
253,1465.0,-0.009,0.1
254,1480.0,-0.004,0.0
255,1478.0,-0.0,0.0
256,1485.0,-0.0,0.0
257,1484.0,-0.1,7.4
258,1492.0,-0.014,0.2
259,1485.0,-0.0,0.0
260,1495.0,-0.012,0.1
261,1494.0,-0.172,22.1
262,1498.0,-0.009,0.1
263,1497.0,-0.022,0.4
264,1505.0,0.0,0.0
265,1505.0,0.065,3.2
266,1508.0,0.004,0.0
267,1505.0,0.0,0.0
268,1523.0,0.0,0.0
269,1520.0,0.028,0.6
270,1542.0,0.021,0.3
271,1523.0,0.01,0.1
272,1562.0,0.018,0.3
273,1547.0,0.009,0.1
274,1605.0,-0.484,187.9
275,1558.0,-0.099,7.6
276,1613.0,-0.082,5.4
277,1575.0,-0.009,0.1
278,1618.0,0.332,89.2
279,1594.0,0.036,1.0
280,1632.0,0.007,0.0
281,1602.0,0.0,0.0
282,1632.0,-0.006,0.0
283,1614.0,-0.131,13.8
284,1649.0,-0.012,0.1
285,1622.0,-0.601,293.2
286,1710.0,-0.014,0.2
287,1686.0,-0.002,0.0
288,1713.0,-0.002,0.0
289,1697.0,-0.01,0.1
290,1723.0,0.008,0.1
291,1725.0,0.039,1.3
292,1751.0,0.025,0.6
293,1733.0,0.066,3.8
294,1760.0,0.04,1.4
295,2035.0,0.057,3.3
296,3011.0,0.001,0.0
297,3010.0,0.002,0.0
298,3035.0,-0.0,0.0
299,3034.0,-0.0,0.0
300,3039.0,-0.001,0.0
301,3038.0,-0.001,0.0
302,3053.0,0.0,0.0
303,3051.0,0.0,0.0
304,3092.0,-0.001,0.0
305,3092.0,-0.0,0.0
306,3093.0,0.0,0.0
307,3094.0,0.002,0.0
308,3096.0,-0.001,0.0
309,3095.0,-0.001,0.0
310,3113.0,0.001,0.0
311,3112.0,0.001,0.0
312,3133.0,-0.0,0.0
313,3132.0,-0.0,0.0
314,3143.0,0.0,0.0
315,3143.0,0.0,0.0
316,3194.0,-0.0,0.0
317,3198.0,-0.0,0.0
318,3194.0,-0.0,0.0
319,3198.0,-0.0,0.0
320,3202.0,-0.003,0.0
321,3205.0,-0.002,0.0
322,3202.0,-0.002,0.0
323,3206.0,-0.003,0.0
324,3209.0,0.0,0.0
325,3213.0,0.0,0.0
326,3209.0,0.0,0.0
327,3213.0,0.0,0.0
328,3218.0,-0.009,0.1
329,3216.0,-0.001,0.0
330,3218.0,-0.004,0.0
331,3223.0,-0.006,0.0
332,3218.0,-0.01,0.2
333,3224.0,-0.007,0.1
