,Frequencies,Displacement,Reorg Energy
0,-0.0,-0.0,-0.0
1,-0.0,-0.0,-0.0
2,-0.0,-0.0,-0.0
3,-0.0,-0.0,-0.0
4,-0.0,-0.0,-0.0
5,-0.0,-0.0,-0.0
6,0.0,0.0,0.0
7,0.0,0.0,0.0
8,0.0,0.0,0.0
9,0.0,0.0,0.0
10,0.0,-0.0,0.0
11,0.0,-0.0,0.0
12,14.0,0.032,0.0
13,11.0,0.025,0.0
14,23.0,0.026,0.0
15,23.0,0.029,0.0
16,31.0,-0.009,0.0
17,29.0,-0.005,0.0
18,49.0,-0.6,8.8
19,50.0,-0.61,9.3
20,51.0,0.012,0.0
21,54.0,0.008,0.0
22,59.0,-0.009,0.0
23,58.0,-0.004,0.0
24,60.0,0.009,0.0
25,73.0,0.014,0.0
26,76.0,0.001,0.0
27,77.0,0.003,0.0
28,85.0,0.001,0.0
29,88.0,0.003,0.0
30,91.0,-0.002,0.0
31,96.0,-0.015,0.0
32,105.0,0.004,0.0
33,103.0,0.015,0.0
34,110.0,-0.198,2.1
35,111.0,-0.218,2.6
36,158.0,-0.02,0.0
37,161.0,-0.018,0.0
38,163.0,1.446,170.7
39,164.0,1.471,177.9
40,166.0,-0.012,0.0
41,169.0,-0.002,0.0
42,181.0,0.005,0.0
43,178.0,0.007,0.0
44,188.0,-0.343,11.1
45,189.0,-0.531,26.7
46,188.0,-0.385,13.9
47,195.0,-0.001,0.0
48,211.0,-0.002,0.0
49,212.0,-0.002,0.0
50,226.0,-0.221,5.5
51,228.0,-0.214,5.2
52,234.0,0.006,0.0
53,235.0,0.014,0.0
54,238.0,-0.066,0.5
55,239.0,-0.093,1.0
56,239.0,-0.006,0.0
57,241.0,-0.004,0.0
58,261.0,-0.545,38.7
59,257.0,-0.002,0.0
60,271.0,-0.0,0.0
61,263.0,-0.528,36.6
62,272.0,-0.004,0.0
63,283.0,-0.006,0.0
64,296.0,-0.156,3.6
65,295.0,-0.001,0.0
66,309.0,-0.34,17.8
67,298.0,-0.198,5.8
68,314.0,-0.003,0.0
69,311.0,-0.291,13.1
70,345.0,0.0,0.0
71,340.0,0.002,0.0
72,363.0,-0.282,14.5
73,363.0,-0.274,13.6
74,392.0,-0.117,2.7
75,390.0,-0.012,0.0
76,400.0,0.447,40.0
77,394.0,0.137,3.7
78,408.0,-0.113,2.6
79,402.0,-0.084,1.4
80,423.0,0.004,0.0
81,415.0,0.324,21.8
82,433.0,-0.269,15.7
83,418.0,-0.0,0.0
84,439.0,0.153,5.1
85,435.0,0.066,1.0
86,439.0,-0.083,1.5
87,442.0,-0.299,19.8
88,447.0,-0.001,0.0
89,451.0,-0.107,2.6
90,447.0,-0.001,0.0
91,453.0,-0.018,0.1
92,466.0,0.657,100.5
93,454.0,1.118,283.6
94,477.0,0.002,0.0
95,472.0,0.039,0.4
96,481.0,0.051,0.6
97,493.0,0.639,100.6
98,481.0,0.352,29.9
99,499.0,0.114,3.2
100,498.0,0.563,79.0
101,501.0,0.001,0.0
102,515.0,0.667,114.5
103,514.0,0.002,0.0
104,534.0,-0.002,0.0
105,516.0,-0.001,0.0
106,541.0,-0.717,139.3
107,538.0,-0.647,112.6
108,557.0,0.462,59.4
109,553.0,0.166,7.7
110,578.0,0.004,0.0
111,579.0,0.017,0.1
112,584.0,-0.171,8.6
113,582.0,-0.101,3.0
114,593.0,-0.001,0.0
115,590.0,-0.001,0.0
116,623.0,-0.013,0.0
117,623.0,-0.001,0.0
118,631.0,-0.0,0.0
119,625.0,-0.033,0.4
120,645.0,0.119,4.6
121,642.0,0.119,4.6
122,653.0,0.001,0.0
123,663.0,0.001,0.0
124,666.0,-0.001,0.0
125,669.0,-0.001,0.0
126,716.0,0.095,3.2
127,712.0,0.084,2.5
128,721.0,-0.043,0.7
129,716.0,-0.044,0.7
130,727.0,-0.244,21.6
131,729.0,-0.118,5.1
132,739.0,-0.001,0.0
133,748.0,-0.001,0.0
134,745.0,0.0,0.0
135,758.0,0.002,0.0
136,754.0,0.001,0.0
137,767.0,0.001,0.0
138,767.0,-0.001,0.0
139,773.0,-0.001,0.0
140,769.0,-0.002,0.0
141,787.0,-0.002,0.0
142,786.0,0.001,0.0
143,801.0,0.043,0.8
144,804.0,-0.035,0.5
145,808.0,-0.05,1.0
146,810.0,-0.001,0.0
147,817.0,-0.0,0.0
148,816.0,0.053,1.2
149,818.0,0.0,0.0
150,825.0,-0.02,0.2
151,823.0,-0.01,0.0
152,846.0,-0.027,0.3
153,827.0,-0.0,0.0
154,863.0,-0.0,0.0
155,831.0,-0.001,0.0
156,864.0,0.0,0.0
157,834.0,0.001,0.0
158,869.0,0.0,0.0
159,846.0,0.031,0.4
160,870.0,0.001,0.0
161,853.0,0.001,0.0
162,900.0,0.001,0.0
163,897.0,0.092,3.8
164,904.0,-0.076,2.6
165,915.0,-0.004,0.0
166,924.0,0.103,4.9
167,917.0,0.095,4.1
168,939.0,-0.172,13.9
169,929.0,-0.131,8.0
170,945.0,0.0,0.0
171,940.0,0.111,5.7
172,957.0,0.0,0.0
173,944.0,0.0,0.0
174,959.0,-0.048,1.1
175,956.0,-0.001,0.0
176,974.0,-0.002,0.0
177,963.0,-0.141,9.6
178,985.0,-0.008,0.0
179,974.0,-0.0,0.0
180,992.0,-0.0,0.0
181,978.0,-0.0,0.0
182,996.0,-0.0,0.0
183,980.0,-0.046,1.0
184,1001.0,0.0,0.0
185,987.0,0.0,0.0
186,1006.0,-0.0,0.0
187,989.0,-0.001,0.0
188,1027.0,-0.013,0.1
189,990.0,-0.0,0.0
190,1038.0,-0.002,0.0
191,1035.0,-0.003,0.0
192,1063.0,-0.0,0.0
193,1042.0,-0.002,0.0
194,1065.0,0.005,0.0
195,1050.0,0.288,43.4
196,1089.0,0.054,1.6
197,1070.0,0.093,4.6
198,1101.0,-0.043,1.0
199,1095.0,-0.106,6.2
200,1110.0,-0.088,4.3
201,1120.0,-0.285,45.6
202,1133.0,0.424,101.8
203,1134.0,0.456,117.9
204,1155.0,0.055,1.8
205,1150.0,0.024,0.3
206,1156.0,-0.0,0.0
207,1155.0,-0.0,0.0
208,1170.0,-0.082,3.9
209,1166.0,-0.065,2.5
210,1183.0,0.246,35.7
211,1175.0,0.015,0.1
212,1195.0,-0.077,3.6
213,1191.0,-0.005,0.0
214,1199.0,-0.19,21.6
215,1202.0,-0.008,0.0
216,1208.0,0.02,0.2
217,1217.0,0.03,0.5
218,1214.0,-0.074,3.3
219,1228.0,-0.13,10.3
220,1219.0,0.115,8.0
221,1232.0,0.433,115.3
222,1236.0,-0.305,57.5
223,1236.0,-0.023,0.3
224,1241.0,0.018,0.2
225,1250.0,0.086,4.7
226,1252.0,-0.073,3.3
227,1259.0,-0.188,22.2
228,1269.0,0.047,1.4
229,1279.0,0.48,147.1
230,1290.0,-0.233,34.9
231,1290.0,-0.069,3.1
232,1307.0,0.516,173.9
233,1298.0,0.609,240.8
234,1317.0,-0.041,1.1
235,1303.0,-0.075,3.7
236,1325.0,0.269,47.8
237,1312.0,0.179,21.1
238,1331.0,0.134,11.9
239,1328.0,0.336,75.0
240,1337.0,0.041,1.1
241,1337.0,0.133,11.9
242,1342.0,-0.329,72.6
243,1360.0,-0.37,93.1
244,1354.0,-0.788,420.1
245,1363.0,-0.041,1.2
246,1369.0,0.028,0.6
247,1371.0,0.706,341.4
248,1373.0,-0.424,123.7
249,1372.0,-0.382,99.9
250,1379.0,-0.741,379.0
251,1384.0,-0.001,0.0
252,1382.0,0.004,0.0
253,1392.0,0.019,0.3
254,1398.0,0.597,249.3
255,1394.0,0.079,4.3
256,1401.0,-0.001,0.0
257,1398.0,-0.001,0.0
258,1407.0,0.218,33.4
259,1398.0,0.014,0.1
260,1415.0,-0.176,21.9
261,1401.0,-0.116,9.5
262,1417.0,-0.041,1.2
263,1413.0,-0.048,1.6
264,1430.0,0.175,22.0
265,1427.0,0.019,0.3
266,1437.0,0.106,8.0
267,1440.0,0.11,8.7
268,1456.0,-0.176,22.7
269,1462.0,-0.148,15.9
270,1479.0,-0.0,0.0
271,1463.0,-0.003,0.0
272,1479.0,0.042,1.3
273,1475.0,0.014,0.1
274,1485.0,-0.0,0.0
275,1482.0,-0.122,11.0
276,1492.0,-0.101,7.6
277,1484.0,-0.129,12.4
278,1492.0,-0.058,2.5
279,1484.0,-0.001,0.0
280,1498.0,-0.015,0.2
281,1486.0,-0.029,0.6
282,1505.0,-0.001,0.0
283,1497.0,-0.011,0.1
284,1508.0,-0.003,0.0
285,1507.0,-0.0,0.0
286,1523.0,0.013,0.1
287,1524.0,0.012,0.1
288,1542.0,0.058,2.6
289,1547.0,0.09,6.2
290,1561.0,0.034,0.9
291,1556.0,0.074,4.3
292,1605.0,0.343,94.3
293,1568.0,0.049,1.9
294,1613.0,0.275,61.0
295,1576.0,0.001,0.0
296,1617.0,-0.438,155.0
297,1589.0,-0.018,0.2
298,1631.0,-0.116,10.9
299,1610.0,-0.2,32.3
300,1632.0,-0.025,0.5
301,1616.0,-0.025,0.5
302,1649.0,-0.003,0.0
303,1621.0,-0.297,71.6
304,1671.0,0.482,194.3
305,1635.0,0.197,31.7
306,1704.0,-0.737,462.5
307,1671.0,-1.079,972.8
308,1713.0,-0.009,0.1
309,1686.0,-0.011,0.1
310,1722.0,-0.136,16.0
311,1723.0,-0.155,20.8
312,1751.0,-0.138,16.7
313,1801.0,-0.608,333.0
314,1759.0,0.067,4.0
315,1824.0,0.118,12.6
316,3006.0,-0.008,0.1
317,3008.0,-0.011,0.2
318,3035.0,0.0,0.0
319,3030.0,0.0,0.0
320,3039.0,-0.007,0.1
321,3035.0,-0.009,0.1
322,3046.0,0.0,0.0
323,3045.0,0.0,0.0
324,3090.0,0.019,0.6
325,3088.0,0.0,0.0
326,3093.0,-0.0,0.0
327,3091.0,-0.006,0.1
328,3096.0,0.005,0.0
329,3110.0,0.004,0.0
330,3113.0,-0.004,0.0
331,3118.0,-0.022,0.8
332,3114.0,0.037,2.2
333,3132.0,0.0,0.0
334,3125.0,0.016,0.4
335,3142.0,0.004,0.0
336,3133.0,-0.0,0.0
337,3142.0,-0.036,2.1
338,3143.0,0.003,0.0
339,3159.0,0.022,0.8
340,3194.0,0.004,0.0
341,3167.0,0.036,2.0
342,3194.0,0.0,0.0
343,3194.0,0.001,0.0
344,3202.0,-0.0,0.0
345,3195.0,-0.0,0.0
346,3202.0,-0.001,0.0
347,3199.0,-0.0,0.0
348,3209.0,-0.004,0.0
349,3200.0,-0.001,0.0
350,3209.0,-0.005,0.0
351,3210.0,-0.002,0.0
352,3218.0,0.008,0.1
353,3210.0,0.003,0.0
354,3218.0,0.013,0.3
355,3226.0,0.003,0.0
356,3220.0,0.024,0.9
357,3226.0,0.005,0.0
