,Frequencies,Displacement,Reorg Energy
0,-0.0,-0.0,-0.0
1,-0.0,-0.0,-0.0
2,-0.0,-0.0,-0.0
3,-0.0,-0.0,-0.0
4,-0.0,0.0,-0.0
5,-0.0,0.0,-0.0
6,0.0,-0.0,0.0
7,0.0,-0.0,0.0
8,0.0,0.0,0.0
9,0.0,0.0,0.0
10,0.0,-0.0,0.0
11,0.0,-0.0,0.0
12,13.0,0.02,0.0
13,14.0,0.02,0.0
14,23.0,0.024,0.0
15,23.0,0.024,0.0
16,30.0,-0.001,0.0
17,31.0,-0.003,0.0
18,50.0,-0.256,1.6
19,49.0,-0.243,1.5
20,51.0,-0.013,0.0
21,51.0,-0.014,0.0
22,57.0,-0.003,0.0
23,59.0,-0.013,0.0
24,69.0,-0.009,0.0
25,60.0,-0.011,0.0
26,80.0,0.003,0.0
27,76.0,0.009,0.0
28,84.0,0.007,0.0
29,85.0,0.002,0.0
30,97.0,-0.023,0.0
31,91.0,-0.003,0.0
32,101.0,-0.001,0.0
33,105.0,-0.001,0.0
34,110.0,0.132,1.0
35,110.0,0.15,1.2
36,157.0,0.002,0.0
37,158.0,0.011,0.0
38,163.0,-0.808,53.2
39,163.0,-0.767,48.0
40,164.0,-0.008,0.0
41,166.0,-0.008,0.0
42,176.0,0.005,0.0
43,181.0,0.002,0.0
44,185.0,0.007,0.0
45,188.0,0.185,3.2
46,187.0,0.287,7.7
47,188.0,0.207,4.0
48,211.0,0.001,0.0
49,211.0,0.001,0.0
50,227.0,0.348,13.8
51,226.0,0.296,9.9
52,234.0,0.002,0.0
53,234.0,0.004,0.0
54,238.0,-0.085,0.9
55,238.0,-0.062,0.5
56,240.0,0.0,0.0
57,239.0,0.006,0.0
58,258.0,-0.653,55.1
59,261.0,-0.637,52.9
60,265.0,0.002,0.0
61,271.0,0.001,0.0
62,296.0,0.003,0.0
63,272.0,0.004,0.0
64,296.0,-0.11,1.8
65,296.0,-0.067,0.7
66,304.0,0.229,7.9
67,309.0,0.227,8.0
68,308.0,0.001,0.0
69,314.0,0.002,0.0
70,339.0,0.003,0.0
71,345.0,0.0,0.0
72,360.0,-0.205,7.6
73,363.0,-0.135,3.3
74,386.0,0.024,0.1
75,392.0,0.247,11.9
76,396.0,0.014,0.0
77,400.0,0.355,25.3
78,400.0,-0.632,80.0
79,408.0,-0.003,0.0
80,404.0,-0.337,23.0
81,423.0,-0.005,0.0
82,414.0,-0.226,10.6
83,433.0,-0.111,2.7
84,432.0,-0.282,17.2
85,439.0,-0.037,0.3
86,436.0,0.065,0.9
87,439.0,0.293,18.8
88,440.0,0.412,37.3
89,447.0,0.0,0.0
90,443.0,-0.004,0.0
91,447.0,-0.001,0.0
92,445.0,-0.002,0.0
93,466.0,-0.374,32.6
94,471.0,0.084,1.7
95,477.0,0.001,0.0
96,476.0,-0.001,0.0
97,481.0,-0.039,0.4
98,483.0,-0.001,0.0
99,481.0,-0.278,18.6
100,491.0,-0.186,8.5
101,498.0,-0.288,20.6
102,501.0,0.121,3.7
103,515.0,0.531,72.6
104,529.0,-0.001,0.0
105,534.0,-0.001,0.0
106,538.0,-0.032,0.3
107,541.0,-0.225,13.7
108,554.0,-0.149,6.2
109,557.0,-0.244,16.6
110,577.0,0.024,0.2
111,578.0,0.026,0.2
112,582.0,-0.143,5.9
113,584.0,-0.185,10.0
114,590.0,-0.0,0.0
115,593.0,-0.001,0.0
116,622.0,0.018,0.1
117,623.0,0.019,0.1
118,626.0,0.0,0.0
119,631.0,0.001,0.0
120,639.0,0.033,0.3
121,645.0,0.06,1.2
122,653.0,-0.0,0.0
123,653.0,-0.001,0.0
124,667.0,0.001,0.0
125,666.0,0.0,0.0
126,710.0,-0.148,7.7
127,716.0,-0.083,2.5
128,717.0,-0.065,1.5
129,721.0,-0.048,0.8
130,720.0,0.049,0.9
131,727.0,0.184,12.3
132,731.0,0.001,0.0
133,739.0,0.0,0.0
134,746.0,-0.0,0.0
135,745.0,-0.0,0.0
136,750.0,0.0,0.0
137,754.0,0.001,0.0
138,767.0,0.001,0.0
139,767.0,0.0,0.0
140,779.0,-0.0,0.0
141,769.0,-0.0,0.0
142,784.0,0.001,0.0
143,786.0,0.001,0.0
144,802.0,0.028,0.3
145,804.0,0.023,0.2
146,810.0,0.101,4.1
147,810.0,0.0,0.0
148,821.0,0.033,0.5
149,816.0,0.056,1.3
150,822.0,0.001,0.0
151,825.0,0.004,0.0
152,844.0,-0.106,4.8
153,846.0,-0.131,7.3
154,863.0,0.0,0.0
155,863.0,0.0,0.0
156,865.0,0.0,0.0
157,864.0,0.0,0.0
158,873.0,-0.0,0.0
159,869.0,-0.0,0.0
160,876.0,0.001,0.0
161,870.0,0.0,0.0
162,888.0,-0.44,85.8
163,900.0,-0.002,0.0
164,911.0,-0.328,48.9
165,904.0,-0.078,2.7
166,923.0,-0.102,4.8
167,924.0,-0.121,6.8
168,924.0,0.0,0.0
169,939.0,0.155,11.3
170,938.0,-0.085,3.4
171,945.0,-0.0,0.0
172,947.0,-0.0,0.0
173,957.0,-0.0,0.0
174,958.0,-0.0,0.0
175,959.0,-0.027,0.4
176,969.0,-0.236,27.1
177,974.0,-0.001,0.0
178,971.0,-0.001,0.0
179,985.0,-0.032,0.5
180,988.0,-0.222,24.3
181,992.0,-0.0,0.0
182,994.0,-0.295,43.3
183,996.0,-0.0,0.0
184,1000.0,0.0,0.0
185,1001.0,0.0,0.0
186,1004.0,-0.0,0.0
187,1006.0,-0.0,0.0
188,1009.0,0.001,0.0
189,1027.0,0.01,0.0
190,1013.0,-0.0,0.0
191,1038.0,-0.002,0.0
192,1027.0,-0.002,0.0
193,1063.0,-0.0,0.0
194,1039.0,-0.0,0.0
195,1065.0,-0.0,0.0
196,1067.0,0.044,1.1
197,1089.0,0.167,15.1
198,1087.0,-0.212,24.4
199,1101.0,-0.011,0.1
200,1105.0,-0.18,17.8
201,1110.0,-0.026,0.4
202,1126.0,0.139,10.9
203,1133.0,0.276,43.1
204,1156.0,-0.0,0.0
205,1155.0,-0.059,2.0
206,1162.0,0.041,1.0
207,1156.0,0.0,0.0
208,1165.0,0.041,1.0
209,1170.0,0.097,5.5
210,1175.0,-0.274,44.0
211,1183.0,-0.177,18.5
212,1180.0,0.149,13.1
213,1195.0,0.109,7.0
214,1197.0,-0.014,0.1
215,1199.0,-0.202,24.4
216,1212.0,-0.059,2.1
217,1208.0,-0.01,0.1
218,1218.0,-0.111,7.5
219,1214.0,-0.068,2.8
220,1224.0,0.081,4.0
221,1219.0,0.119,8.7
222,1240.0,0.039,0.9
223,1236.0,0.345,73.6
224,1250.0,0.114,8.2
225,1241.0,0.047,1.4
226,1261.0,-0.135,11.4
227,1252.0,-0.014,0.1
228,1269.0,0.076,3.7
229,1269.0,0.012,0.1
230,1276.0,0.074,3.5
231,1290.0,0.086,4.8
232,1294.0,0.098,6.2
233,1307.0,0.241,37.8
234,1306.0,0.005,0.0
235,1317.0,0.024,0.4
236,1313.0,0.062,2.5
237,1325.0,0.042,1.1
238,1318.0,0.31,63.4
239,1331.0,0.213,30.3
240,1321.0,-0.227,33.9
241,1337.0,-0.024,0.4
242,1337.0,-0.013,0.1
243,1342.0,-0.264,46.6
244,1343.0,0.088,5.2
245,1354.0,0.768,399.7
246,1372.0,0.114,9.0
247,1369.0,0.045,1.4
248,1375.0,-0.065,2.9
249,1373.0,-0.338,78.3
250,1379.0,-0.001,0.0
251,1379.0,-0.285,56.0
252,1380.0,-0.054,2.0
253,1382.0,-0.001,0.0
254,1392.0,-0.006,0.0
255,1398.0,-0.381,101.5
256,1398.0,0.062,2.7
257,1401.0,0.0,0.0
258,1404.0,-0.099,6.8
259,1407.0,-0.1,7.0
260,1404.0,0.006,0.0
261,1415.0,0.167,19.8
262,1422.0,-0.026,0.5
263,1417.0,-0.007,0.0
264,1424.0,0.054,2.1
265,1430.0,0.11,8.7
266,1440.0,-0.007,0.0
267,1437.0,-0.064,2.9
268,1452.0,0.08,4.7
269,1456.0,0.24,41.9
270,1456.0,-0.0,0.0
271,1479.0,-0.0,0.0
272,1476.0,-0.023,0.4
273,1479.0,-0.073,3.9
274,1478.0,0.096,6.8
275,1485.0,0.0,0.0
276,1486.0,0.0,0.0
277,1492.0,0.132,13.0
278,1488.0,0.046,1.6
279,1492.0,0.023,0.4
280,1499.0,-0.01,0.1
281,1498.0,-0.011,0.1
282,1503.0,0.035,0.9
283,1505.0,0.0,0.0
284,1504.0,0.0,0.0
285,1508.0,0.019,0.3
286,1522.0,0.014,0.1
287,1523.0,0.013,0.1
288,1536.0,0.014,0.2
289,1542.0,0.034,0.9
290,1553.0,-0.264,54.2
291,1561.0,-0.014,0.2
292,1565.0,0.123,11.9
293,1605.0,0.078,4.9
294,1580.0,0.207,34.0
295,1613.0,0.173,24.1
296,1601.0,-0.32,82.1
297,1617.0,-0.103,8.5
298,1602.0,0.017,0.2
299,1631.0,0.145,17.1
300,1615.0,-0.024,0.5
301,1632.0,-0.044,1.6
302,1621.0,-0.045,1.6
303,1649.0,-0.004,0.0
304,1629.0,-0.175,25.0
305,1671.0,-0.534,238.4
306,1639.0,-0.037,1.1
307,1704.0,-0.8,544.9
308,1721.0,-0.002,0.0
309,1713.0,-0.002,0.0
310,1749.0,0.041,1.5
311,1722.0,0.078,5.3
312,1762.0,0.109,10.4
313,1751.0,0.043,1.6
314,1788.0,0.117,12.1
315,1759.0,0.194,33.2
316,3006.0,-0.002,0.0
317,3006.0,-0.002,0.0
318,3040.0,0.0,0.0
319,3035.0,0.0,0.0
320,3042.0,0.0,0.0
321,3039.0,0.007,0.1
322,3043.0,-0.008,0.1
323,3046.0,-0.0,0.0
324,3099.0,0.0,0.0
325,3090.0,0.019,0.6
326,3102.0,0.009,0.1
327,3093.0,0.0,0.0
328,3117.0,0.003,0.0
329,3096.0,0.007,0.1
330,3123.0,0.016,0.4
331,3113.0,0.003,0.0
332,3135.0,0.0,0.0
333,3114.0,0.034,1.8
334,3143.0,0.018,0.5
335,3125.0,0.006,0.1
336,3146.0,0.005,0.0
337,3133.0,0.0,0.0
338,3153.0,-0.005,0.0
339,3143.0,-0.004,0.0
340,3177.0,-0.006,0.1
341,3194.0,-0.005,0.0
342,3201.0,-0.001,0.0
343,3194.0,-0.001,0.0
344,3202.0,0.0,0.0
345,3202.0,0.001,0.0
346,3206.0,-0.0,0.0
347,3202.0,-0.0,0.0
348,3208.0,0.001,0.0
349,3209.0,0.002,0.0
350,3214.0,-0.0,0.0
351,3209.0,-0.003,0.0
352,3215.0,-0.0,0.0
353,3218.0,-0.006,0.1
354,3227.0,0.006,0.1
355,3218.0,0.008,0.1
356,3228.0,0.008,0.1
357,3220.0,0.016,0.4
