,Frequencies,Displacement,Reorg Energy
0,-0.0,0.0,-0.0
1,-0.0,0.0,-0.0
2,-0.0,-0.0,-0.0
3,-0.0,-0.0,-0.0
4,-0.0,0.0,-0.0
5,-0.0,0.0,-0.0
6,0.0,0.0,0.0
7,0.0,0.0,0.0
8,0.0,-0.0,0.0
9,0.0,-0.0,0.0
10,0.0,-0.0,0.0
11,0.0,-0.0,0.0
12,19.0,0.076,0.1
13,20.0,0.027,0.0
14,29.0,0.262,1.0
15,25.0,0.192,0.5
16,36.0,-0.256,1.2
17,38.0,-0.062,0.1
18,55.0,-0.255,1.8
19,59.0,-0.206,1.2
20,59.0,-1.199,42.3
21,64.0,-0.36,4.1
22,70.0,-1.855,121.1
23,75.0,-1.209,55.0
24,76.0,-1.348,68.7
25,89.0,-0.067,0.2
26,88.0,-0.066,0.2
27,91.0,-1.171,62.4
28,89.0,0.359,5.7
29,99.0,2.886,410.5
30,101.0,-0.293,4.3
31,103.0,-0.181,1.7
32,146.0,0.176,2.3
33,148.0,0.127,1.2
34,153.0,0.887,60.0
35,157.0,0.554,24.1
36,168.0,0.0,0.0
37,171.0,0.272,6.3
38,181.0,0.127,1.5
39,182.0,0.117,1.2
40,183.0,-1.255,144.3
41,190.0,-3.319,1049.0
42,193.0,3.799,1390.5
43,197.0,1.192,140.2
44,209.0,-3.717,1441.5
45,211.0,-3.698,1445.7
46,212.0,-0.046,0.2
47,216.0,-0.036,0.1
48,218.0,-5.518,3320.1
49,223.0,-5.66,3571.3
50,234.0,-0.261,8.0
51,235.0,-0.148,2.6
52,235.0,-0.098,1.1
53,236.0,-0.349,14.4
54,256.0,-0.047,0.3
55,265.0,-0.01,0.0
56,276.0,-0.207,5.9
57,278.0,-0.196,5.3
58,286.0,-0.089,1.1
59,287.0,-0.078,0.9
60,302.0,-0.029,0.1
61,301.0,-0.007,0.0
62,320.0,-0.732,85.6
63,335.0,-0.345,19.9
64,335.0,-0.364,22.2
65,338.0,-0.762,98.2
66,359.0,0.224,9.0
67,363.0,0.205,7.6
68,387.0,0.046,0.4
69,389.0,0.043,0.4
70,389.0,-1.4,380.8
71,391.0,-1.423,395.9
72,394.0,0.032,0.2
73,394.0,0.015,0.0
74,417.0,-0.034,0.2
75,418.0,-0.006,0.0
76,419.0,0.039,0.3
77,421.0,0.08,1.3
78,434.0,-0.434,40.9
79,437.0,-0.44,42.2
80,440.0,-0.083,1.5
81,445.0,-0.051,0.6
82,443.0,-0.077,1.3
83,446.0,-0.135,4.1
84,447.0,-0.036,0.3
85,454.0,-0.026,0.1
86,466.0,0.065,1.0
87,467.0,0.092,2.0
88,480.0,0.184,8.1
89,477.0,0.185,8.2
90,484.0,-0.129,4.0
91,500.0,-0.043,0.5
92,498.0,0.17,7.2
93,504.0,0.108,2.9
94,501.0,-0.017,0.1
95,511.0,-0.039,0.4
96,506.0,0.047,0.6
97,512.0,0.132,4.5
98,516.0,0.078,1.6
99,517.0,0.015,0.1
100,546.0,-0.147,5.9
101,542.0,-0.145,5.7
102,568.0,-0.171,8.3
103,580.0,-0.023,0.2
104,575.0,-0.016,0.1
105,582.0,-0.206,12.3
106,578.0,0.191,10.6
107,588.0,0.134,5.3
108,605.0,-0.023,0.2
109,623.0,-0.008,0.0
110,616.0,-0.027,0.2
111,624.0,-0.064,1.3
112,632.0,0.105,3.5
113,646.0,0.244,19.2
114,644.0,0.196,12.4
115,652.0,0.086,2.4
116,652.0,0.019,0.1
117,664.0,0.011,0.0
118,674.0,-0.039,0.5
119,711.0,-0.023,0.2
120,700.0,-0.065,1.5
121,720.0,-0.027,0.3
122,707.0,-0.01,0.0
123,730.0,-0.164,9.9
124,717.0,0.007,0.0
125,743.0,0.147,8.0
126,729.0,-0.158,9.0
127,747.0,-0.07,1.8
128,747.0,0.002,0.0
129,751.0,0.017,0.1
130,750.0,-0.192,13.9
131,764.0,-0.007,0.0
132,757.0,0.01,0.0
133,773.0,0.12,5.5
134,763.0,0.041,0.7
135,792.0,0.062,1.5
136,802.0,0.073,2.1
137,805.0,0.076,2.3
138,807.0,-0.089,3.2
139,809.0,-0.013,0.1
140,808.0,0.085,2.9
141,809.0,0.049,1.0
142,814.0,-0.0,0.0
143,815.0,-0.055,1.2
144,825.0,-0.065,1.7
145,827.0,-0.022,0.2
146,825.0,-0.087,3.1
147,827.0,-0.058,1.4
148,831.0,0.016,0.1
149,829.0,0.061,1.6
150,842.0,0.486,99.6
151,845.0,0.148,9.2
152,843.0,0.125,6.6
153,846.0,0.438,81.2
154,893.0,0.171,13.1
155,897.0,0.083,3.1
156,911.0,0.015,0.1
157,916.0,0.045,0.9
158,936.0,0.164,12.6
159,939.0,0.06,1.7
160,943.0,-0.127,7.6
161,942.0,-0.001,0.0
162,945.0,0.0,0.0
163,954.0,0.0,0.0
164,957.0,0.0,0.0
165,964.0,0.002,0.0
166,971.0,0.005,0.0
167,967.0,0.0,0.0
168,974.0,-0.002,0.0
169,972.0,-0.05,1.2
170,976.0,-0.002,0.0
171,977.0,-0.003,0.0
172,987.0,-0.003,0.0
173,979.0,-0.088,3.8
174,988.0,0.003,0.0
175,980.0,0.001,0.0
176,1012.0,-0.117,6.9
177,1024.0,-0.072,2.7
178,1040.0,0.071,2.6
179,1043.0,0.001,0.0
180,1062.0,-0.012,0.1
181,1064.0,-0.276,40.6
182,1066.0,0.183,17.8
183,1066.0,0.06,1.9
184,1087.0,0.043,1.0
185,1075.0,0.091,4.5
186,1094.0,0.134,9.8
187,1084.0,0.085,4.0
188,1110.0,0.142,11.1
189,1107.0,0.113,7.1
190,1137.0,0.012,0.1
191,1144.0,0.026,0.4
192,1155.0,-0.0,0.0
193,1154.0,-0.0,0.0
194,1161.0,0.004,0.0
195,1158.0,0.065,2.5
196,1168.0,0.013,0.1
197,1163.0,0.14,11.4
198,1177.0,0.006,0.0
199,1174.0,0.007,0.0
200,1186.0,-0.025,0.4
201,1184.0,-0.034,0.7
202,1197.0,0.005,0.0
203,1195.0,0.039,0.9
204,1199.0,0.024,0.4
205,1199.0,0.033,0.7
206,1224.0,0.072,3.2
207,1223.0,0.058,2.1
208,1233.0,0.044,1.2
209,1233.0,0.047,1.4
210,1243.0,-0.015,0.1
211,1243.0,-0.058,2.1
212,1247.0,0.006,0.0
213,1246.0,0.002,0.0
214,1262.0,0.077,3.7
215,1254.0,0.013,0.1
216,1300.0,-0.199,25.9
217,1294.0,-0.228,33.7
218,1315.0,0.091,5.5
219,1302.0,0.075,3.7
220,1321.0,0.03,0.6
221,1313.0,0.033,0.7
222,1331.0,-0.011,0.1
223,1318.0,-0.056,2.1
224,1353.0,0.005,0.0
225,1339.0,0.018,0.2
226,1362.0,-0.073,3.7
227,1355.0,-0.006,0.0
228,1367.0,-0.044,1.3
229,1363.0,-0.055,2.0
230,1378.0,0.177,21.7
231,1370.0,0.178,21.8
232,1382.0,-0.001,0.0
233,1383.0,-0.001,0.0
234,1392.0,-0.033,0.8
235,1388.0,-0.075,4.0
236,1400.0,0.0,0.0
237,1390.0,0.118,9.7
238,1405.0,-0.031,0.7
239,1392.0,-0.011,0.1
240,1416.0,0.001,0.0
241,1397.0,0.001,0.0
242,1416.0,0.043,1.3
243,1406.0,0.057,2.3
244,1427.0,-0.04,1.2
245,1412.0,-0.05,1.8
246,1433.0,0.028,0.6
247,1422.0,0.044,1.4
248,1447.0,-0.034,0.8
249,1437.0,-0.138,13.7
250,1453.0,0.161,18.8
251,1465.0,0.015,0.2
252,1465.0,0.023,0.4
253,1469.0,0.008,0.0
254,1478.0,0.298,65.7
255,1474.0,0.003,0.0
256,1484.0,-0.122,11.1
257,1480.0,-0.295,64.3
258,1485.0,-0.0,0.0
259,1482.0,-0.0,0.0
260,1494.0,-0.111,9.2
261,1483.0,-0.041,1.2
262,1497.0,-0.046,1.6
263,1494.0,-0.039,1.1
264,1505.0,-0.009,0.1
265,1496.0,-0.099,7.3
266,1505.0,-0.0,0.0
267,1508.0,-0.0,0.0
268,1520.0,0.022,0.4
269,1524.0,0.026,0.5
270,1523.0,0.036,1.0
271,1529.0,0.005,0.0
272,1547.0,-0.012,0.1
273,1561.0,-0.009,0.1
274,1558.0,0.202,31.9
275,1571.0,0.189,28.1
276,1575.0,-0.033,0.8
277,1577.0,-0.014,0.2
278,1594.0,-0.049,1.9
279,1592.0,-0.003,0.0
280,1602.0,-0.01,0.1
281,1609.0,-0.009,0.1
282,1614.0,0.081,5.3
283,1617.0,0.057,2.7
284,1622.0,-0.049,1.9
285,1627.0,-0.005,0.0
286,1686.0,-0.004,0.0
287,1665.0,-0.004,0.0
288,1697.0,0.015,0.2
289,1677.0,0.005,0.0
290,1725.0,0.152,20.1
291,1700.0,0.072,4.4
292,1733.0,0.233,47.1
293,1706.0,0.251,53.6
294,2035.0,-0.213,46.0
295,1725.0,-0.182,28.6
296,3010.0,-0.015,0.3
297,2994.0,-0.021,0.7
298,3034.0,0.0,0.0
299,3022.0,0.0,0.0
300,3038.0,-0.018,0.5
301,3027.0,-0.018,0.5
302,3051.0,0.142,31.0
303,3029.0,0.132,26.4
304,3092.0,-0.0,0.0
305,3076.0,-0.028,1.2
306,3094.0,-0.031,1.5
307,3080.0,-0.0,0.0
308,3095.0,-0.013,0.3
309,3083.0,-0.012,0.2
310,3112.0,0.007,0.1
311,3104.0,0.009,0.1
312,3132.0,0.0,0.0
313,3130.0,0.0,0.0
314,3143.0,0.009,0.1
315,3139.0,0.007,0.1
316,3198.0,0.0,0.0
317,3182.0,0.001,0.0
318,3198.0,-0.0,0.0
319,3182.0,-0.0,0.0
320,3205.0,-0.005,0.0
321,3190.0,-0.003,0.0
322,3206.0,-0.006,0.1
323,3191.0,-0.007,0.1
324,3213.0,0.001,0.0
325,3200.0,0.001,0.0
326,3213.0,0.001,0.0
327,3200.0,0.006,0.1
328,3216.0,0.014,0.3
329,3200.0,0.012,0.2
330,3223.0,-0.012,0.2
331,3211.0,-0.007,0.1
332,3224.0,0.013,0.3
333,3212.0,0.017,0.4
