,Frequencies,Displacement,Reorg Energy
0,-0.0,-0.0,-0.0
1,-0.0,-0.0,-0.0
2,-0.0,-0.0,-0.0
3,-0.0,-0.0,-0.0
4,0.0,0.0,0.0
5,0.0,0.0,0.0
6,0.0,-0.0,0.0
7,0.0,-0.0,0.0
8,0.0,-0.0,0.0
9,0.0,-0.0,0.0
10,0.0,-0.0,0.0
11,0.0,-0.0,0.0
12,9.0,-0.02,0.0
13,10.0,-0.013,0.0
14,21.0,-0.735,5.6
15,21.0,-1.103,12.7
16,21.0,0.322,1.1
17,21.0,0.111,0.1
18,30.0,0.042,0.0
19,31.0,0.223,0.8
20,42.0,0.609,7.9
21,32.0,0.858,11.9
22,55.0,0.141,0.5
23,57.0,0.09,0.2
24,58.0,0.306,2.7
25,60.0,0.266,2.1
26,73.0,0.519,9.9
27,70.0,3.157,350.3
28,76.0,-2.057,161.6
29,77.0,-0.133,0.7
30,88.0,-0.955,40.3
31,82.0,-0.535,11.8
32,100.0,-0.17,1.4
33,91.0,-0.023,0.0
34,105.0,-0.375,7.4
35,93.0,-0.07,0.2
36,107.0,-2.217,263.0
37,106.0,-0.013,0.0
38,131.0,0.333,7.2
39,126.0,0.595,22.2
40,145.0,-3.433,854.1
41,130.0,-1.381,123.8
42,168.0,-0.128,1.4
43,152.0,-0.078,0.5
44,170.0,-0.292,7.2
45,171.0,-0.006,0.0
46,180.0,0.147,2.0
47,188.0,0.087,0.7
48,195.0,0.082,0.7
49,197.0,0.062,0.4
50,210.0,0.682,49.0
51,202.0,0.262,6.9
52,213.0,-0.129,1.8
53,214.0,-0.125,1.7
54,231.0,1.214,170.0
55,224.0,0.553,34.3
56,235.0,-0.214,5.4
57,234.0,-0.007,0.0
58,236.0,0.635,47.7
59,235.0,0.149,2.6
60,244.0,-0.079,0.8
61,247.0,-0.066,0.5
62,261.0,-0.022,0.1
63,265.0,-0.088,1.0
64,280.0,0.175,4.3
65,285.0,0.047,0.3
66,297.0,-0.164,4.0
67,295.0,-0.098,1.4
68,297.0,0.466,32.3
69,301.0,0.105,1.7
70,331.0,-0.009,0.0
71,323.0,-0.002,0.0
72,341.0,-0.001,0.0
73,344.0,-0.0,0.0
74,368.0,0.001,0.0
75,361.0,0.004,0.0
76,377.0,0.031,0.2
77,372.0,0.038,0.3
78,386.0,-0.004,0.0
79,393.0,-0.039,0.3
80,390.0,-0.149,4.4
81,397.0,-0.168,5.6
82,395.0,-0.092,1.7
83,417.0,-0.248,12.8
84,401.0,-0.679,92.5
85,418.0,-0.143,4.3
86,417.0,-0.118,2.9
87,424.0,-0.144,4.4
88,422.0,-0.694,101.7
89,426.0,-0.003,0.0
90,434.0,-0.014,0.0
91,435.0,-0.128,3.6
92,435.0,-0.024,0.1
93,437.0,-0.023,0.1
94,443.0,0.02,0.1
95,443.0,0.029,0.2
96,448.0,0.012,0.0
97,445.0,0.017,0.1
98,453.0,0.002,0.0
99,454.0,0.002,0.0
100,458.0,0.361,29.9
101,470.0,0.33,25.6
102,473.0,-0.235,13.0
103,477.0,-0.06,0.9
104,486.0,-0.001,0.0
105,503.0,-0.449,50.7
106,496.0,-0.323,25.9
107,504.0,-0.002,0.0
108,502.0,0.001,0.0
109,511.0,0.0,0.0
110,512.0,0.188,9.1
111,516.0,0.023,0.1
112,514.0,-0.002,0.0
113,517.0,-0.082,1.7
114,516.0,0.085,1.9
115,528.0,0.0,0.0
116,543.0,-0.127,4.3
117,544.0,-0.206,11.5
118,563.0,-0.001,0.0
119,569.0,-0.002,0.0
120,579.0,-0.002,0.0
121,580.0,-0.001,0.0
122,582.0,-0.061,1.1
123,583.0,-0.053,0.8
124,592.0,0.0,0.0
125,592.0,0.0,0.0
126,608.0,0.001,0.0
127,623.0,0.077,1.9
128,623.0,-0.077,1.8
129,625.0,-0.003,0.0
130,624.0,0.002,0.0
131,634.0,0.0,0.0
132,628.0,0.001,0.0
133,641.0,0.104,3.5
134,632.0,0.066,1.4
135,653.0,0.0,0.0
136,660.0,0.001,0.0
137,658.0,0.001,0.0
138,667.0,0.1,3.3
139,664.0,0.071,1.7
140,679.0,0.0,0.0
141,709.0,0.096,3.3
142,709.0,-0.109,4.2
143,713.0,-0.005,0.0
144,713.0,-0.02,0.1
145,714.0,-0.013,0.1
146,728.0,0.123,5.5
147,727.0,0.076,2.1
148,740.0,-0.002,0.0
149,741.0,-0.001,0.0
150,744.0,-0.291,31.5
151,747.0,-0.001,0.0
152,747.0,0.012,0.1
153,749.0,0.161,9.7
154,756.0,-0.171,11.1
155,750.0,-0.011,0.0
156,761.0,-0.005,0.0
157,756.0,-0.169,10.8
158,769.0,0.114,5.0
159,766.0,0.119,5.4
160,786.0,0.0,0.0
161,778.0,0.001,0.0
162,797.0,0.003,0.0
163,783.0,0.001,0.0
164,798.0,-0.098,3.9
165,802.0,-0.003,0.0
166,803.0,-0.196,15.5
167,804.0,-0.108,4.7
168,809.0,-0.1,4.1
169,810.0,-0.053,1.1
170,816.0,0.048,0.9
171,810.0,0.052,1.1
172,820.0,0.014,0.1
173,817.0,0.008,0.0
174,822.0,-0.242,24.1
175,823.0,-0.12,5.9
176,827.0,0.018,0.1
177,828.0,0.093,3.6
178,833.0,0.017,0.1
179,831.0,0.238,23.6
180,837.0,-0.474,94.2
181,831.0,-0.065,1.8
182,841.0,-0.021,0.2
183,840.0,-0.317,42.2
184,842.0,0.013,0.1
185,849.0,0.105,4.7
186,860.0,-0.353,53.6
187,856.0,-0.037,0.6
188,862.0,-0.11,5.2
189,863.0,-0.311,41.7
190,902.0,0.007,0.0
191,909.0,0.002,0.0
192,929.0,-0.06,1.6
193,928.0,-0.012,0.1
194,944.0,-0.0,0.0
195,931.0,-0.049,1.1
196,956.0,0.0,0.0
197,942.0,0.0,0.0
198,956.0,-0.001,0.0
199,953.0,-0.0,0.0
200,971.0,-0.028,0.4
201,957.0,-0.006,0.0
202,971.0,0.03,0.4
203,964.0,0.014,0.1
204,974.0,-0.0,0.0
205,964.0,-0.061,1.8
206,980.0,0.028,0.4
207,967.0,0.001,0.0
208,981.0,0.082,3.3
209,974.0,0.033,0.5
210,984.0,-0.02,0.2
211,976.0,-0.012,0.1
212,985.0,0.016,0.1
213,979.0,0.005,0.0
214,988.0,-0.002,0.0
215,980.0,-0.001,0.0
216,996.0,-0.062,1.9
217,988.0,-0.08,3.2
218,1003.0,-0.031,0.5
219,994.0,-0.0,0.0
220,1009.0,-0.042,0.9
221,1014.0,-0.105,5.6
222,1010.0,0.001,0.0
223,1026.0,0.118,7.1
224,1020.0,0.179,16.3
225,1042.0,0.018,0.2
226,1025.0,0.0,0.0
227,1062.0,0.005,0.0
228,1047.0,0.078,3.1
229,1066.0,0.017,0.2
230,1068.0,-0.043,1.0
231,1080.0,-0.047,1.2
232,1077.0,0.135,9.8
233,1090.0,0.009,0.0
234,1094.0,0.015,0.1
235,1101.0,0.001,0.0
236,1119.0,0.0,0.0
237,1124.0,0.001,0.0
238,1145.0,-0.199,22.6
239,1142.0,-0.002,0.0
240,1147.0,-0.047,1.3
241,1146.0,-0.003,0.0
242,1155.0,0.0,0.0
243,1154.0,0.0,0.0
244,1164.0,0.024,0.3
245,1155.0,0.075,3.3
246,1171.0,0.006,0.0
247,1165.0,0.017,0.2
248,1175.0,0.023,0.3
249,1174.0,0.015,0.1
250,1189.0,-0.044,1.2
251,1179.0,-0.0,0.0
252,1190.0,-0.008,0.0
253,1185.0,-0.031,0.6
254,1200.0,0.012,0.1
255,1196.0,0.012,0.1
256,1205.0,-0.001,0.0
257,1202.0,-0.063,2.4
258,1210.0,0.014,0.1
259,1202.0,0.002,0.0
260,1227.0,-0.011,0.1
261,1208.0,-0.507,155.1
262,1235.0,-0.442,120.5
263,1224.0,-0.01,0.1
264,1236.0,0.015,0.1
265,1233.0,0.002,0.0
266,1247.0,-0.002,0.0
267,1243.0,-0.005,0.0
268,1264.0,0.0,0.0
269,1254.0,0.006,0.0
270,1283.0,0.226,32.8
271,1266.0,0.179,20.3
272,1291.0,-0.205,27.0
273,1295.0,-0.008,0.0
274,1295.0,0.003,0.0
275,1296.0,0.001,0.0
276,1301.0,-0.096,6.0
277,1302.0,-0.143,13.4
278,1317.0,0.004,0.0
279,1308.0,0.357,83.3
280,1330.0,0.214,30.4
281,1314.0,0.029,0.5
282,1340.0,-0.0,0.0
283,1326.0,-0.0,0.0
284,1350.0,-0.397,106.4
285,1338.0,-0.001,0.0
286,1353.0,0.004,0.0
287,1343.0,0.534,191.7
288,1360.0,0.0,0.0
289,1355.0,0.01,0.1
290,1363.0,-0.055,2.0
291,1356.0,-0.001,0.0
292,1368.0,-0.0,0.0
293,1365.0,-0.205,28.6
294,1371.0,-0.026,0.5
295,1372.0,-0.279,53.3
296,1384.0,0.0,0.0
297,1383.0,0.0,0.0
298,1393.0,0.101,7.1
299,1388.0,0.0,0.0
300,1395.0,0.002,0.0
301,1392.0,0.137,13.0
302,1398.0,-0.0,0.0
303,1397.0,-0.0,0.0
304,1412.0,0.023,0.4
305,1406.0,0.022,0.3
306,1425.0,-0.064,3.0
307,1422.0,-0.103,7.5
308,1438.0,0.055,2.2
309,1435.0,0.003,0.0
310,1458.0,0.0,0.0
311,1436.0,0.163,19.0
312,1461.0,0.101,7.4
313,1464.0,0.198,28.7
314,1471.0,-0.002,0.0
315,1468.0,-0.014,0.2
316,1479.0,-0.001,0.0
317,1472.0,-0.005,0.0
318,1483.0,0.012,0.1
319,1479.0,0.0,0.0
320,1484.0,-0.0,0.0
321,1482.0,-0.048,1.7
322,1490.0,0.0,0.0
323,1482.0,0.001,0.0
324,1496.0,-0.019,0.3
325,1494.0,-0.016,0.2
326,1499.0,-0.002,0.0
327,1507.0,-0.0,0.0
328,1501.0,0.074,4.1
329,1521.0,0.11,9.2
330,1507.0,0.0,0.0
331,1524.0,0.012,0.1
332,1524.0,-0.006,0.0
333,1529.0,-0.005,0.0
334,1525.0,-0.117,10.5
335,1549.0,-0.046,1.6
336,1536.0,-0.003,0.0
337,1562.0,-0.113,10.0
338,1558.0,0.12,11.2
339,1572.0,0.057,2.6
340,1575.0,-0.008,0.1
341,1576.0,-0.001,0.0
342,1576.0,0.0,0.0
343,1591.0,0.002,0.0
344,1581.0,0.001,0.0
345,1603.0,0.0,0.0
346,1591.0,-0.002,0.0
347,1609.0,-0.002,0.0
348,1612.0,-0.067,3.6
349,1617.0,-0.02,0.3
350,1614.0,-0.002,0.0
351,1622.0,-0.0,0.0
352,1619.0,-0.07,4.0
353,1626.0,-0.173,24.4
354,1632.0,-0.132,14.2
355,1642.0,-0.421,145.3
356,1659.0,0.561,261.3
357,1650.0,0.447,165.1
358,1684.0,0.003,0.0
359,1665.0,0.002,0.0
360,1706.0,0.002,0.0
361,1683.0,0.0,0.0
362,1719.0,-0.121,12.6
363,1702.0,-0.089,6.8
364,1750.0,0.191,31.8
365,1721.0,0.015,0.2
366,3029.0,0.0,0.0
367,3022.0,0.0,0.0
368,3034.0,0.009,0.1
369,3027.0,0.01,0.1
370,3087.0,-0.0,0.0
371,3080.0,-0.0,0.0
372,3090.0,0.007,0.1
373,3083.0,0.006,0.1
374,3109.0,-0.004,0.0
375,3104.0,-0.005,0.0
376,3132.0,0.0,0.0
377,3129.0,0.0,0.0
378,3141.0,0.003,0.0
379,3138.0,0.003,0.0
380,3186.0,-0.01,0.2
381,3152.0,-0.008,0.1
382,3192.0,0.002,0.0
383,3160.0,0.0,0.0
384,3192.0,0.001,0.0
385,3168.0,0.02,0.7
386,3194.0,0.0,0.0
387,3168.0,0.003,0.0
388,3198.0,-0.002,0.0
389,3174.0,-0.009,0.1
390,3199.0,-0.004,0.0
391,3180.0,-0.0,0.0
392,3202.0,0.022,0.8
393,3182.0,0.003,0.0
394,3206.0,-0.0,0.0
395,3182.0,-0.001,0.0
396,3208.0,0.012,0.2
397,3186.0,0.045,3.2
398,3208.0,-0.001,0.0
399,3190.0,-0.002,0.0
400,3208.0,0.001,0.0
401,3190.0,0.003,0.0
402,3217.0,-0.0,0.0
403,3199.0,-0.002,0.0
404,3218.0,0.04,2.6
405,3200.0,0.003,0.0
406,3223.0,0.003,0.0
407,3206.0,0.003,0.0
408,3223.0,-0.013,0.3
409,3207.0,-0.06,5.8
410,3265.0,-0.015,0.4
411,3212.0,-0.002,0.0
