,Frequencies,Displacement,Reorg Energy
0,-0.0,0.0,-0.0
1,-0.0,0.0,-0.0
2,-0.0,0.0,-0.0
3,-0.0,0.0,-0.0
4,-0.0,0.0,-0.0
5,-0.0,0.0,-0.0
6,0.0,-0.0,0.0
7,0.0,-0.0,0.0
8,0.0,-0.0,0.0
9,0.0,-0.0,0.0
10,0.0,0.0,0.0
11,0.0,0.0,0.0
12,11.0,-0.813,3.6
13,10.0,-2.194,25.2
14,21.0,1.468,22.2
15,11.0,1.169,7.8
16,22.0,-2.045,45.1
17,19.0,-0.287,0.8
18,31.0,-0.219,0.7
19,23.0,-0.196,0.4
20,34.0,2.423,98.8
21,32.0,0.463,3.4
22,52.0,-0.456,5.4
23,53.0,-0.111,0.3
24,58.0,-0.043,0.1
25,59.0,-0.195,1.1
26,71.0,2.019,144.6
27,66.0,1.843,111.4
28,75.0,0.34,4.3
29,75.0,0.024,0.0
30,76.0,1.526,88.0
31,77.0,0.193,1.4
32,88.0,0.444,8.6
33,85.0,0.119,0.6
34,95.0,0.092,0.4
35,88.0,0.196,1.7
36,105.0,0.301,4.8
37,105.0,0.364,7.0
38,122.0,-0.465,13.2
39,120.0,-0.32,6.2
40,127.0,0.651,27.0
41,126.0,0.359,8.2
42,153.0,-0.223,3.8
43,141.0,-0.158,1.8
44,164.0,0.012,0.0
45,164.0,0.0,0.0
46,179.0,-0.222,4.4
47,183.0,-0.152,2.1
48,185.0,0.017,0.0
49,189.0,0.072,0.5
50,199.0,0.005,0.0
51,195.0,0.062,0.4
52,213.0,0.12,1.5
53,217.0,0.114,1.4
54,222.0,0.179,3.6
55,222.0,0.009,0.0
56,235.0,0.015,0.0
57,234.0,0.007,0.0
58,238.0,0.011,0.0
59,236.0,0.036,0.2
60,241.0,-0.013,0.0
61,239.0,-0.012,0.0
62,264.0,-0.016,0.0
63,272.0,-0.014,0.0
64,280.0,-0.067,0.6
65,283.0,-0.072,0.7
66,292.0,0.197,5.7
67,294.0,0.212,6.6
68,312.0,-0.009,0.0
69,315.0,-0.018,0.1
70,325.0,-0.051,0.4
71,326.0,-0.027,0.1
72,335.0,0.057,0.6
73,348.0,0.071,0.9
74,359.0,0.017,0.1
75,360.0,0.02,0.1
76,373.0,-0.207,8.0
77,365.0,-0.382,26.6
78,389.0,-0.003,0.0
79,391.0,-0.078,1.2
80,394.0,0.151,4.5
81,395.0,0.04,0.3
82,401.0,-0.107,2.3
83,416.0,-0.144,4.3
84,413.0,0.007,0.0
85,418.0,0.001,0.0
86,415.0,0.169,5.9
87,424.0,0.157,5.3
88,429.0,-0.301,19.4
89,431.0,-0.23,11.4
90,433.0,-0.134,3.9
91,436.0,-0.2,8.7
92,435.0,0.109,2.6
93,438.0,0.089,1.7
94,437.0,0.02,0.1
95,446.0,0.027,0.2
96,441.0,-0.016,0.1
97,448.0,-0.021,0.1
98,447.0,-0.005,0.0
99,452.0,-0.006,0.0
100,466.0,-0.004,0.0
101,469.0,-0.057,0.7
102,472.0,0.084,1.6
103,480.0,0.05,0.6
104,479.0,-0.057,0.8
105,481.0,-0.112,3.0
106,480.0,-0.194,9.0
107,482.0,-0.026,0.2
108,505.0,0.004,0.0
109,510.0,0.114,3.3
110,508.0,-0.072,1.3
111,520.0,-0.075,1.5
112,518.0,-0.157,6.4
113,525.0,-0.015,0.1
114,527.0,-0.0,0.0
115,535.0,-0.02,0.1
116,549.0,0.044,0.5
117,549.0,0.072,1.4
118,562.0,-0.016,0.1
119,570.0,-0.016,0.1
120,575.0,0.001,0.0
121,578.0,0.002,0.0
122,581.0,-0.162,7.6
123,585.0,-0.136,5.4
124,587.0,-0.017,0.1
125,597.0,-0.012,0.0
126,617.0,0.002,0.0
127,623.0,0.018,0.1
128,618.0,-0.021,0.1
129,632.0,-0.016,0.1
130,622.0,0.003,0.0
131,633.0,0.002,0.0
132,636.0,-0.051,0.8
133,642.0,-0.014,0.1
134,640.0,-0.027,0.2
135,652.0,-0.008,0.0
136,649.0,0.01,0.0
137,662.0,0.02,0.1
138,665.0,-0.001,0.0
139,667.0,-0.016,0.1
140,691.0,0.003,0.0
141,712.0,0.047,0.8
142,709.0,0.049,0.8
143,715.0,0.008,0.0
144,712.0,0.01,0.0
145,715.0,0.013,0.1
146,718.0,-0.017,0.1
147,720.0,-0.01,0.0
148,720.0,0.007,0.0
149,742.0,0.0,0.0
150,730.0,-0.006,0.0
151,746.0,-0.006,0.0
152,743.0,0.024,0.2
153,750.0,0.006,0.0
154,748.0,-0.239,21.4
155,751.0,-0.227,19.4
156,758.0,0.021,0.2
157,763.0,0.038,0.6
158,769.0,0.005,0.0
159,772.0,0.036,0.5
160,777.0,0.006,0.0
161,779.0,0.01,0.0
162,783.0,-0.026,0.3
163,786.0,-0.004,0.0
164,792.0,0.001,0.0
165,800.0,0.008,0.0
166,802.0,0.089,3.2
167,804.0,0.073,2.1
168,812.0,0.029,0.3
169,814.0,0.019,0.1
170,819.0,0.008,0.0
171,824.0,0.011,0.1
172,825.0,-0.008,0.0
173,840.0,-0.154,9.9
174,833.0,-0.093,3.6
175,842.0,-0.04,0.7
176,845.0,0.054,1.2
177,854.0,0.03,0.4
178,850.0,-0.147,9.2
179,857.0,-0.01,0.0
180,857.0,-0.057,1.4
181,862.0,-0.045,0.9
182,869.0,-0.013,0.1
183,865.0,-0.007,0.0
184,870.0,-0.01,0.0
185,865.0,-0.005,0.0
186,873.0,-0.002,0.0
187,870.0,-0.009,0.0
188,875.0,0.0,0.0
189,872.0,0.012,0.1
190,905.0,0.068,2.1
191,913.0,0.056,1.4
192,921.0,0.067,2.1
193,928.0,0.056,1.5
194,948.0,0.0,0.0
195,934.0,0.004,0.0
196,949.0,-0.0,0.0
197,946.0,-0.0,0.0
198,958.0,-0.0,0.0
199,957.0,-0.0,0.0
200,967.0,-0.033,0.5
201,969.0,-0.013,0.1
202,975.0,-0.052,1.3
203,975.0,-0.024,0.3
204,978.0,0.009,0.0
205,980.0,0.075,2.7
206,983.0,-0.018,0.2
207,983.0,-0.005,0.0
208,996.0,0.028,0.4
209,987.0,0.006,0.0
210,1005.0,-0.001,0.0
211,992.0,-0.003,0.0
212,1006.0,-0.062,1.9
213,997.0,-0.004,0.0
214,1008.0,0.005,0.0
215,1001.0,0.004,0.0
216,1014.0,-0.002,0.0
217,1003.0,-0.001,0.0
218,1016.0,-0.002,0.0
219,1006.0,-0.002,0.0
220,1018.0,-0.0,0.0
221,1015.0,-0.083,3.5
222,1021.0,0.009,0.0
223,1026.0,0.025,0.3
224,1030.0,-0.052,1.4
225,1040.0,-0.012,0.1
226,1051.0,-0.03,0.5
227,1062.0,-0.006,0.0
228,1064.0,-0.011,0.1
229,1063.0,-0.009,0.0
230,1084.0,0.014,0.1
231,1082.0,0.02,0.2
232,1103.0,0.069,2.6
233,1101.0,0.05,1.3
234,1114.0,-0.002,0.0
235,1104.0,-0.0,0.0
236,1145.0,0.007,0.0
237,1133.0,0.004,0.0
238,1156.0,0.0,0.0
239,1151.0,0.018,0.2
240,1157.0,-0.064,2.4
241,1156.0,-0.0,0.0
242,1158.0,-0.012,0.1
243,1160.0,-0.011,0.1
244,1167.0,0.078,3.6
245,1166.0,0.095,5.3
246,1168.0,-0.041,1.0
247,1172.0,-0.038,0.9
248,1187.0,0.001,0.0
249,1183.0,0.0,0.0
250,1191.0,0.004,0.0
251,1194.0,0.02,0.2
252,1195.0,0.019,0.2
253,1201.0,0.03,0.5
254,1205.0,0.091,5.0
255,1201.0,0.066,2.6
256,1209.0,-0.04,1.0
257,1207.0,-0.216,28.2
258,1210.0,0.001,0.0
259,1211.0,0.003,0.0
260,1213.0,0.009,0.0
261,1221.0,0.057,2.0
262,1223.0,-0.077,3.6
263,1222.0,-0.025,0.4
264,1238.0,-0.017,0.2
265,1241.0,-0.019,0.2
266,1258.0,0.0,0.0
267,1251.0,0.033,0.7
268,1262.0,-0.051,1.6
269,1259.0,-0.068,2.9
270,1278.0,0.003,0.0
271,1269.0,0.003,0.0
272,1288.0,-0.364,85.3
273,1296.0,-0.003,0.0
274,1298.0,-0.031,0.6
275,1302.0,-0.117,8.9
276,1313.0,-0.021,0.3
277,1310.0,-0.147,14.2
278,1320.0,0.252,42.1
279,1316.0,0.013,0.1
280,1323.0,-0.028,0.5
281,1323.0,-0.0,0.0
282,1339.0,0.054,1.9
283,1327.0,0.277,50.9
284,1340.0,0.046,1.4
285,1335.0,0.001,0.0
286,1344.0,0.005,0.0
287,1337.0,0.021,0.3
288,1352.0,-0.006,0.0
289,1356.0,-0.139,13.1
290,1366.0,0.0,0.0
291,1357.0,0.0,0.0
292,1371.0,-0.117,9.4
293,1369.0,-0.022,0.3
294,1376.0,-0.018,0.2
295,1375.0,-0.083,4.7
296,1378.0,-0.0,0.0
297,1382.0,-0.001,0.0
298,1388.0,0.005,0.0
299,1385.0,0.065,2.9
300,1405.0,-0.0,0.0
301,1401.0,-0.0,0.0
302,1410.0,0.111,8.7
303,1407.0,0.138,13.4
304,1413.0,-0.132,12.3
305,1417.0,-0.035,0.9
306,1423.0,0.023,0.4
307,1429.0,0.011,0.1
308,1441.0,-0.034,0.8
309,1434.0,-0.006,0.0
310,1445.0,0.003,0.0
311,1437.0,0.018,0.2
312,1454.0,0.026,0.5
313,1455.0,0.059,2.5
314,1483.0,0.003,0.0
315,1477.0,0.121,10.9
316,1485.0,-0.129,12.4
317,1480.0,-0.001,0.0
318,1486.0,0.006,0.0
319,1485.0,0.001,0.0
320,1486.0,-0.001,0.0
321,1491.0,-0.013,0.1
322,1494.0,0.008,0.1
323,1498.0,0.024,0.4
324,1500.0,0.021,0.3
325,1505.0,0.0,0.0
326,1504.0,0.0,0.0
327,1506.0,0.004,0.0
328,1509.0,0.008,0.0
329,1522.0,0.019,0.3
330,1521.0,0.018,0.2
331,1523.0,0.018,0.3
332,1532.0,0.001,0.0
333,1543.0,0.034,0.9
334,1539.0,0.081,5.0
335,1548.0,0.04,1.2
336,1561.0,0.019,0.3
337,1561.0,0.014,0.1
338,1564.0,-0.001,0.0
339,1604.0,-0.177,25.1
340,1575.0,0.006,0.0
341,1607.0,0.008,0.0
342,1584.0,0.077,4.7
343,1615.0,0.023,0.4
344,1588.0,0.056,2.5
345,1620.0,0.047,1.8
346,1603.0,0.008,0.1
347,1625.0,0.006,0.0
348,1612.0,0.059,2.8
349,1631.0,0.033,0.9
350,1612.0,-0.028,0.6
351,1632.0,-0.009,0.1
352,1615.0,-0.013,0.1
353,1644.0,-0.206,34.7
354,1627.0,-0.012,0.1
355,1649.0,-0.004,0.0
356,1631.0,-0.243,48.3
357,1651.0,-0.162,21.6
358,1715.0,-0.002,0.0
359,1713.0,-0.002,0.0
360,1728.0,0.004,0.0
361,1734.0,0.003,0.0
362,1759.0,-0.108,10.2
363,1751.0,-0.114,11.3
364,1763.0,0.132,15.4
365,1768.0,0.085,6.4
366,3041.0,-0.0,0.0
367,3035.0,-0.0,0.0
368,3044.0,-0.009,0.1
369,3039.0,-0.009,0.1
370,3100.0,-0.0,0.0
371,3093.0,-0.0,0.0
372,3104.0,0.01,0.1
373,3096.0,0.008,0.1
374,3117.0,-0.003,0.0
375,3113.0,-0.004,0.0
376,3135.0,-0.0,0.0
377,3133.0,-0.0,0.0
378,3146.0,0.006,0.1
379,3144.0,0.005,0.0
380,3178.0,-0.004,0.0
381,3160.0,-0.002,0.0
382,3184.0,-0.0,0.0
383,3166.0,-0.0,0.0
384,3191.0,0.005,0.0
385,3174.0,0.005,0.0
386,3195.0,0.001,0.0
387,3176.0,0.002,0.0
388,3198.0,-0.008,0.1
389,3178.0,-0.002,0.0
390,3201.0,0.0,0.0
391,3182.0,0.001,0.0
392,3202.0,0.0,0.0
393,3190.0,0.016,0.4
394,3203.0,0.0,0.0
395,3192.0,0.002,0.0
396,3204.0,-0.02,0.7
397,3194.0,-0.001,0.0
398,3208.0,-0.0,0.0
399,3194.0,-0.001,0.0
400,3208.0,-0.0,0.0
401,3195.0,-0.032,1.7
402,3212.0,-0.003,0.0
403,3201.0,-0.0,0.0
404,3215.0,0.0,0.0
405,3201.0,0.0,0.0
406,3215.0,0.0,0.0
407,3208.0,0.001,0.0
408,3218.0,0.012,0.2
409,3208.0,0.001,0.0
410,3226.0,-0.007,0.1
411,3218.0,-0.006,0.0
