,Frequencies,Displacement,Reorg Energy
0,-0.0,-0.0,-0.0
1,-0.0,-0.0,-0.0
2,-0.0,0.0,-0.0
3,-0.0,0.0,-0.0
4,0.0,0.0,0.0
5,-0.0,0.0,-0.0
6,0.0,-0.0,0.0
7,-0.0,-0.0,-0.0
8,0.0,0.0,0.0
9,0.0,0.0,0.0
10,0.0,0.0,0.0
11,0.0,0.0,0.0
12,24.0,-0.007,0.0
13,24.0,-0.007,0.0
14,29.0,0.003,0.0
15,29.0,0.003,0.0
16,50.0,0.005,0.0
17,51.0,0.004,0.0
18,53.0,0.002,0.0
19,56.0,0.004,0.0
20,58.0,0.001,0.0
21,64.0,0.001,0.0
22,73.0,0.001,0.0
23,78.0,0.001,0.0
24,86.0,-0.0,0.0
25,87.0,-0.0,0.0
26,91.0,-0.001,0.0
27,93.0,-0.001,0.0
28,106.0,-0.029,0.0
29,105.0,-0.026,0.0
30,116.0,-0.0,0.0
31,120.0,-0.0,0.0
32,164.0,-0.0,0.0
33,168.0,-0.0,0.0
34,169.0,0.0,0.0
35,170.0,0.0,0.0
36,178.0,0.001,0.0
37,186.0,0.021,0.0
38,184.0,0.369,12.5
39,186.0,0.382,13.6
40,201.0,-0.358,12.9
41,203.0,-0.344,12.0
42,207.0,-0.001,0.0
43,209.0,-0.001,0.0
44,235.0,-0.001,0.0
45,235.0,-0.001,0.0
46,238.0,0.019,0.0
47,235.0,0.015,0.0
48,260.0,-0.001,0.0
49,257.0,-0.001,0.0
50,268.0,-0.006,0.0
51,271.0,-0.003,0.0
52,271.0,0.0,0.0
53,271.0,0.004,0.0
54,287.0,0.109,1.7
55,288.0,0.109,1.7
56,311.0,-0.0,0.0
57,303.0,-0.0,0.0
58,335.0,0.064,0.7
59,336.0,0.0,0.0
60,339.0,0.001,0.0
61,338.0,0.061,0.6
62,367.0,-0.111,2.3
63,370.0,-0.127,3.0
64,388.0,0.007,0.0
65,391.0,0.032,0.2
66,395.0,-0.043,0.4
67,396.0,-0.042,0.3
68,409.0,-0.516,54.5
69,413.0,-0.512,54.1
70,429.0,0.336,24.2
71,418.0,0.0,0.0
72,434.0,-0.281,17.1
73,433.0,-0.399,34.4
74,436.0,0.049,0.5
75,439.0,0.18,7.1
76,438.0,0.008,0.0
77,442.0,0.06,0.8
78,445.0,0.0,0.0
79,447.0,0.003,0.0
80,464.0,0.0,0.0
81,474.0,0.043,0.4
82,474.0,0.039,0.4
83,483.0,0.0,0.0
84,479.0,-0.0,0.0
85,484.0,-0.052,0.7
86,485.0,0.005,0.0
87,497.0,0.0,0.0
88,519.0,-0.026,0.2
89,507.0,-0.0,0.0
90,522.0,0.001,0.0
91,514.0,0.033,0.3
92,544.0,0.369,37.0
93,543.0,0.394,42.2
94,566.0,-0.12,4.1
95,567.0,-0.045,0.6
96,572.0,-0.001,0.0
97,567.0,-0.005,0.0
98,572.0,-0.0,0.0
99,574.0,-0.0,0.0
100,597.0,-0.016,0.1
101,593.0,-0.017,0.1
102,612.0,-0.006,0.0
103,605.0,-0.001,0.0
104,616.0,-0.001,0.0
105,615.0,-0.007,0.0
106,631.0,0.0,0.0
107,632.0,0.0,0.0
108,663.0,-0.001,0.0
109,652.0,-0.001,0.0
110,704.0,0.0,0.0
111,672.0,0.0,0.0
112,708.0,0.0,0.0
113,700.0,0.0,0.0
114,709.0,-0.009,0.0
115,707.0,-0.009,0.0
116,711.0,0.008,0.0
117,710.0,0.006,0.0
118,722.0,0.004,0.0
119,727.0,0.008,0.0
120,758.0,0.001,0.0
121,753.0,0.001,0.0
122,768.0,-0.0,0.0
123,758.0,-0.0,0.0
124,768.0,0.001,0.0
125,759.0,0.001,0.0
126,771.0,-0.0,0.0
127,764.0,-0.001,0.0
128,799.0,-0.04,0.6
129,799.0,-0.031,0.4
130,806.0,0.01,0.0
131,804.0,0.005,0.0
132,821.0,-0.006,0.0
133,809.0,-0.0,0.0
134,843.0,0.167,11.8
135,814.0,0.0,0.0
136,868.0,-0.0,0.0
137,822.0,-0.021,0.2
138,869.0,-0.0,0.0
139,826.0,-0.0,0.0
140,875.0,0.0,0.0
141,832.0,0.001,0.0
142,878.0,0.0,0.0
143,844.0,0.167,11.7
144,886.0,0.047,1.0
145,888.0,0.046,0.9
146,909.0,0.01,0.1
147,913.0,0.005,0.0
148,937.0,-0.099,4.6
149,926.0,-0.035,0.6
150,947.0,0.05,1.2
151,945.0,0.001,0.0
152,948.0,-0.001,0.0
153,952.0,-0.111,5.8
154,958.0,-0.0,0.0
155,957.0,-0.001,0.0
156,1003.0,0.037,0.7
157,974.0,0.0,0.0
158,1011.0,-0.0,0.0
159,976.0,-0.0,0.0
160,1013.0,0.0,0.0
161,987.0,0.0,0.0
162,1020.0,-0.0,0.0
163,988.0,-0.0,0.0
164,1021.0,0.0,0.0
165,1014.0,0.027,0.4
166,1050.0,-0.034,0.6
167,1041.0,-0.028,0.4
168,1079.0,-0.013,0.1
169,1067.0,-0.024,0.3
170,1096.0,-0.128,8.9
171,1093.0,-0.118,7.7
172,1105.0,0.054,1.6
173,1102.0,0.039,0.8
174,1152.0,-0.0,0.0
175,1137.0,-0.01,0.1
176,1156.0,0.0,0.0
177,1153.0,0.0,0.0
178,1158.0,0.042,1.0
179,1155.0,0.0,0.0
180,1162.0,-0.003,0.0
181,1160.0,-0.001,0.0
182,1175.0,0.039,0.9
183,1169.0,0.027,0.4
184,1192.0,-0.046,1.3
185,1186.0,-0.064,2.4
186,1207.0,0.001,0.0
187,1194.0,0.005,0.0
188,1209.0,0.001,0.0
189,1196.0,0.022,0.3
190,1222.0,-0.003,0.0
191,1224.0,-0.016,0.2
192,1236.0,-0.029,0.5
193,1233.0,-0.032,0.6
194,1239.0,-0.055,1.8
195,1240.0,-0.059,2.1
196,1254.0,-0.016,0.2
197,1243.0,-0.0,0.0
198,1280.0,-0.022,0.3
199,1251.0,-0.007,0.0
200,1312.0,-0.121,9.6
201,1296.0,-0.044,1.2
202,1317.0,0.145,13.8
203,1299.0,0.144,13.5
204,1320.0,0.089,5.2
205,1316.0,0.129,11.0
206,1333.0,0.011,0.1
207,1319.0,0.01,0.1
208,1360.0,0.138,13.0
209,1351.0,0.002,0.0
210,1367.0,0.007,0.0
211,1360.0,0.119,9.7
212,1374.0,0.062,2.6
213,1366.0,0.008,0.0
214,1376.0,0.0,0.0
215,1382.0,0.004,0.0
216,1384.0,-0.382,100.9
217,1383.0,-0.381,100.2
218,1401.0,-0.015,0.2
219,1392.0,-0.028,0.5
220,1404.0,-0.018,0.2
221,1400.0,-0.001,0.0
222,1407.0,-0.0,0.0
223,1404.0,-0.01,0.1
224,1423.0,-0.106,8.0
225,1416.0,-0.059,2.5
226,1425.0,0.063,2.8
227,1429.0,0.069,3.4
228,1442.0,-0.034,0.8
229,1435.0,-0.0,0.0
230,1451.0,0.089,5.7
231,1444.0,0.003,0.0
232,1464.0,-0.082,5.0
233,1449.0,-0.121,10.7
234,1480.0,-0.0,0.0
235,1466.0,-0.015,0.2
236,1484.0,-0.0,0.0
237,1467.0,-0.056,2.3
238,1486.0,0.0,0.0
239,1485.0,0.0,0.0
240,1495.0,0.0,0.0
241,1493.0,0.011,0.1
242,1496.0,-0.003,0.0
243,1496.0,-0.0,0.0
244,1500.0,-0.025,0.5
245,1498.0,-0.026,0.5
246,1503.0,-0.001,0.0
247,1505.0,-0.0,0.0
248,1505.0,0.017,0.2
249,1506.0,0.02,0.3
250,1521.0,-0.026,0.5
251,1511.0,-0.005,0.0
252,1525.0,-0.001,0.0
253,1523.0,-0.027,0.6
254,1566.0,-0.003,0.0
255,1547.0,-0.018,0.2
256,1571.0,0.035,1.0
257,1555.0,0.092,6.6
258,1576.0,0.096,7.2
259,1570.0,0.005,0.0
260,1587.0,0.002,0.0
261,1580.0,0.001,0.0
262,1592.0,0.002,0.0
263,1598.0,0.0,0.0
264,1608.0,-0.02,0.3
265,1599.0,-0.008,0.0
266,1625.0,0.317,81.7
267,1622.0,0.336,91.4
268,1711.0,0.0,0.0
269,1685.0,0.004,0.0
270,1722.0,-0.002,0.0
271,1696.0,-0.002,0.0
272,1760.0,-0.169,25.1
273,1724.0,-0.151,19.6
274,1768.0,0.21,39.1
275,1734.0,0.267,61.9
276,3042.0,-0.0,0.0
277,3034.0,-0.0,0.0
278,3045.0,0.012,0.2
279,3038.0,0.013,0.2
280,3072.0,-0.012,0.2
281,3061.0,-0.011,0.2
282,3103.0,-0.0,0.0
283,3092.0,-0.0,0.0
284,3106.0,-0.013,0.3
285,3095.0,-0.012,0.2
286,3119.0,0.004,0.0
287,3112.0,0.006,0.1
288,3135.0,0.0,0.0
289,3120.0,0.0,0.0
290,3139.0,-0.0,0.0
291,3132.0,-0.0,0.0
292,3147.0,-0.008,0.1
293,3143.0,-0.007,0.1
294,3192.0,-0.002,0.0
295,3182.0,-0.003,0.0
296,3205.0,0.0,0.0
297,3198.0,0.0,0.0
298,3205.0,-0.0,0.0
299,3198.0,-0.0,0.0
300,3210.0,0.004,0.0
301,3204.0,0.003,0.0
302,3210.0,0.003,0.0
303,3205.0,0.005,0.0
304,3217.0,-0.0,0.0
305,3213.0,-0.001,0.0
306,3217.0,-0.001,0.0
307,3213.0,-0.0,0.0
308,3229.0,0.0,0.0
309,3224.0,0.0,0.0
