,Frequencies,Displacement,Reorg Energy
0,-0.0,-0.0,-0.0
1,-0.0,-0.0,-0.0
2,-0.0,-0.0,-0.0
3,-0.0,-0.0,-0.0
4,0.0,-0.0,0.0
5,-0.0,-0.0,-0.0
6,0.0,0.0,0.0
7,0.0,0.0,0.0
8,0.0,0.0,0.0
9,0.0,0.0,0.0
10,0.0,0.0,0.0
11,0.0,0.0,0.0
12,8.0,-0.001,0.0
13,8.0,-0.002,0.0
14,19.0,-0.007,0.0
15,19.0,-0.007,0.0
16,29.0,-0.019,0.0
17,29.0,-0.019,0.0
18,38.0,0.001,0.0
19,38.0,0.001,0.0
20,51.0,-0.026,0.0
21,52.0,-0.029,0.0
22,52.0,-0.007,0.0
23,55.0,-0.002,0.0
24,62.0,-0.002,0.0
25,63.0,-0.002,0.0
26,72.0,0.004,0.0
27,76.0,0.004,0.0
28,87.0,0.003,0.0
29,89.0,0.0,0.0
30,101.0,0.001,0.0
31,101.0,0.001,0.0
32,111.0,0.042,0.1
33,110.0,0.038,0.1
34,132.0,-0.004,0.0
35,137.0,-0.004,0.0
36,164.0,0.003,0.0
37,168.0,0.004,0.0
38,175.0,-0.0,0.0
39,181.0,-0.522,24.6
40,180.0,-0.515,23.8
41,183.0,-0.005,0.0
42,188.0,-0.0,0.0
43,192.0,-0.0,0.0
44,199.0,-0.241,5.8
45,201.0,-0.23,5.3
46,212.0,0.0,0.0
47,210.0,0.001,0.0
48,234.0,-0.005,0.0
49,234.0,-0.005,0.0
50,238.0,-0.021,0.1
51,235.0,-0.018,0.0
52,259.0,0.001,0.0
53,256.0,0.001,0.0
54,269.0,-0.001,0.0
55,269.0,-0.005,0.0
56,279.0,0.041,0.2
57,278.0,0.002,0.0
58,287.0,0.005,0.0
59,280.0,0.043,0.3
60,303.0,-0.005,0.0
61,298.0,-0.001,0.0
62,310.0,-0.002,0.0
63,302.0,-0.001,0.0
64,328.0,-0.004,0.0
65,326.0,-0.003,0.0
66,336.0,0.382,24.5
67,337.0,0.379,24.2
68,352.0,0.04,0.3
69,351.0,0.043,0.3
70,380.0,-0.02,0.1
71,382.0,-0.014,0.0
72,392.0,0.067,0.9
73,392.0,0.062,0.8
74,424.0,-0.1,2.1
75,417.0,-0.0,0.0
76,427.0,-0.002,0.0
77,429.0,-0.176,6.7
78,429.0,-0.385,31.7
79,433.0,-0.436,41.1
80,433.0,-0.277,16.7
81,438.0,-0.14,4.3
82,438.0,0.002,0.0
83,443.0,0.002,0.0
84,444.0,-0.001,0.0
85,448.0,-0.001,0.0
86,466.0,-0.0,0.0
87,468.0,-0.087,1.8
88,468.0,-0.086,1.7
89,470.0,-0.013,0.0
90,469.0,0.023,0.1
91,478.0,0.061,0.9
92,481.0,-0.032,0.2
93,485.0,-0.0,0.0
94,483.0,-0.001,0.0
95,501.0,-0.001,0.0
96,510.0,0.105,2.8
97,505.0,0.103,2.7
98,521.0,-0.0,0.0
99,506.0,-0.002,0.0
100,527.0,0.168,7.5
101,525.0,0.176,8.1
102,554.0,0.351,34.2
103,550.0,0.35,33.7
104,572.0,0.002,0.0
105,572.0,0.0,0.0
106,578.0,-0.0,0.0
107,574.0,-0.002,0.0
108,584.0,0.063,1.1
109,581.0,0.063,1.2
110,613.0,0.007,0.0
111,604.0,0.001,0.0
112,615.0,-0.0,0.0
113,616.0,-0.007,0.0
114,634.0,-0.0,0.0
115,634.0,-0.0,0.0
116,662.0,-0.0,0.0
117,652.0,-0.0,0.0
118,704.0,0.0,0.0
119,675.0,0.0,0.0
120,705.0,0.035,0.4
121,703.0,0.001,0.0
122,707.0,0.0,0.0
123,703.0,0.036,0.5
124,715.0,0.016,0.1
125,715.0,0.007,0.0
126,717.0,0.034,0.4
127,723.0,0.029,0.3
128,751.0,0.001,0.0
129,748.0,0.001,0.0
130,762.0,0.0,0.0
131,757.0,0.0,0.0
132,765.0,0.001,0.0
133,757.0,0.001,0.0
134,771.0,-0.0,0.0
135,764.0,-0.001,0.0
136,793.0,-0.072,2.1
137,793.0,-0.064,1.6
138,806.0,0.08,2.6
139,807.0,0.062,1.5
140,815.0,0.035,0.5
141,809.0,0.001,0.0
142,826.0,-0.03,0.4
143,813.0,-0.045,0.8
144,848.0,0.224,21.2
145,814.0,0.001,0.0
146,867.0,-0.0,0.0
147,826.0,-0.001,0.0
148,869.0,0.0,0.0
149,827.0,0.041,0.7
150,874.0,-0.0,0.0
151,832.0,-0.0,0.0
152,877.0,0.001,0.0
153,850.0,0.225,21.6
154,900.0,0.058,1.5
155,901.0,0.057,1.5
156,917.0,0.04,0.7
157,920.0,0.036,0.6
158,948.0,-0.0,0.0
159,926.0,-0.041,0.8
160,953.0,0.01,0.0
161,945.0,0.0,0.0
162,958.0,0.0,0.0
163,957.0,0.0,0.0
164,966.0,-0.03,0.4
165,974.0,-0.044,1.0
166,1011.0,0.0,0.0
167,975.0,0.0,0.0
168,1013.0,0.0,0.0
169,976.0,0.0,0.0
170,1020.0,0.0,0.0
171,988.0,0.0,0.0
172,1021.0,0.0,0.0
173,988.0,0.0,0.0
174,1051.0,0.011,0.1
175,1053.0,0.012,0.1
176,1051.0,-0.004,0.0
177,1054.0,-0.007,0.0
178,1063.0,0.026,0.4
179,1061.0,0.029,0.5
180,1078.0,-0.05,1.4
181,1076.0,-0.048,1.3
182,1103.0,-0.085,4.0
183,1093.0,-0.072,2.8
184,1143.0,0.117,7.8
185,1121.0,0.013,0.1
186,1146.0,-0.015,0.1
187,1137.0,-0.028,0.4
188,1156.0,-0.0,0.0
189,1141.0,-0.1,5.7
190,1163.0,-0.046,1.2
191,1156.0,-0.0,0.0
192,1164.0,0.023,0.3
193,1162.0,0.014,0.1
194,1184.0,-0.017,0.2
195,1169.0,-0.022,0.3
196,1192.0,-0.045,1.2
197,1186.0,-0.058,2.0
198,1207.0,0.003,0.0
199,1192.0,0.02,0.2
200,1209.0,-0.002,0.0
201,1198.0,-0.017,0.2
202,1223.0,0.006,0.0
203,1224.0,0.018,0.2
204,1235.0,-0.02,0.3
205,1230.0,-0.014,0.1
206,1253.0,0.01,0.1
207,1236.0,0.027,0.4
208,1270.0,0.136,11.7
209,1244.0,0.003,0.0
210,1280.0,-0.018,0.2
211,1274.0,-0.106,7.1
212,1313.0,-0.195,25.0
213,1301.0,-0.205,27.4
214,1324.0,0.055,2.0
215,1317.0,0.006,0.0
216,1324.0,0.026,0.4
217,1322.0,0.055,2.0
218,1364.0,0.198,26.7
219,1350.0,0.022,0.3
220,1365.0,-0.081,4.4
221,1363.0,-0.11,8.2
222,1374.0,-0.086,5.1
223,1365.0,-0.015,0.2
224,1376.0,0.001,0.0
225,1378.0,0.39,104.9
226,1385.0,-0.34,80.3
227,1382.0,-0.004,0.0
228,1400.0,-0.006,0.0
229,1392.0,-0.03,0.6
230,1401.0,0.029,0.6
231,1400.0,0.001,0.0
232,1407.0,0.0,0.0
233,1402.0,0.004,0.0
234,1419.0,-0.089,5.6
235,1416.0,-0.06,2.6
236,1424.0,-0.054,2.1
237,1420.0,-0.032,0.7
238,1425.0,-0.071,3.6
239,1430.0,-0.046,1.5
240,1442.0,-0.059,2.5
241,1439.0,-0.054,2.1
242,1456.0,-0.016,0.2
243,1443.0,-0.006,0.0
244,1471.0,0.003,0.0
245,1460.0,0.025,0.5
246,1475.0,-0.004,0.0
247,1463.0,-0.007,0.0
248,1478.0,-0.0,0.0
249,1476.0,-0.003,0.0
250,1483.0,-0.001,0.0
251,1481.0,-0.004,0.0
252,1486.0,-0.0,0.0
253,1485.0,-0.0,0.0
254,1495.0,0.013,0.1
255,1492.0,0.022,0.4
256,1500.0,-0.023,0.4
257,1498.0,-0.025,0.5
258,1503.0,0.0,0.0
259,1505.0,0.0,0.0
260,1520.0,-0.004,0.0
261,1509.0,-0.005,0.0
262,1521.0,-0.025,0.5
263,1522.0,-0.027,0.6
264,1563.0,-0.001,0.0
265,1546.0,-0.016,0.2
266,1571.0,-0.03,0.7
267,1554.0,-0.082,5.2
268,1575.0,-0.092,6.7
269,1558.0,-0.017,0.2
270,1584.0,-0.001,0.0
271,1577.0,-0.006,0.0
272,1591.0,0.002,0.0
273,1597.0,0.004,0.0
274,1607.0,-0.039,1.2
275,1599.0,-0.022,0.4
276,1625.0,-0.31,78.0
277,1622.0,-0.331,88.7
278,1711.0,0.0,0.0
279,1686.0,0.004,0.0
280,1742.0,0.0,0.0
281,1723.0,0.002,0.0
282,1760.0,-0.181,28.8
283,1725.0,-0.196,33.1
284,1783.0,0.175,27.4
285,1756.0,0.217,41.2
286,2385.0,0.008,0.1
287,2386.0,0.007,0.1
288,3033.0,0.01,0.1
289,3023.0,0.009,0.1
290,3042.0,0.0,0.0
291,3034.0,0.0,0.0
292,3045.0,-0.012,0.2
293,3038.0,-0.013,0.2
294,3095.0,-0.0,0.0
295,3080.0,-0.0,0.0
296,3099.0,0.0,0.0
297,3085.0,0.0,0.0
298,3103.0,0.0,0.0
299,3092.0,0.0,0.0
300,3106.0,-0.012,0.2
301,3095.0,-0.011,0.2
302,3119.0,-0.004,0.0
303,3112.0,-0.006,0.1
304,3135.0,0.0,0.0
305,3132.0,0.0,0.0
306,3146.0,0.008,0.1
307,3143.0,0.007,0.1
308,3205.0,0.0,0.0
309,3198.0,0.0,0.0
310,3205.0,0.0,0.0
311,3199.0,0.0,0.0
312,3210.0,0.004,0.0
313,3205.0,0.001,0.0
314,3210.0,-0.003,0.0
315,3205.0,-0.005,0.0
316,3217.0,0.0,0.0
317,3213.0,0.0,0.0
318,3217.0,0.0,0.0
319,3213.0,0.0,0.0
320,3229.0,-0.001,0.0
321,3224.0,-0.0,0.0
