,Frequencies,Displacement,Reorg Energy
0,-0.0,-0.0,-0.0
1,-0.0,-0.0,-0.0
2,-0.0,-0.0,-0.0
3,-0.0,-0.0,-0.0
4,-0.0,0.0,-0.0
5,-0.0,0.0,-0.0
6,0.0,-0.0,0.0
7,-0.0,-0.0,-0.0
8,0.0,-0.0,0.0
9,0.0,-0.0,0.0
10,0.0,-0.0,0.0
11,0.0,-0.0,0.0
12,23.0,-0.004,0.0
13,24.0,-0.006,0.0
14,25.0,0.009,0.0
15,29.0,0.008,0.0
16,51.0,-0.002,0.0
17,51.0,-0.003,0.0
18,55.0,0.002,0.0
19,56.0,0.002,0.0
20,64.0,0.0,0.0
21,64.0,0.001,0.0
22,77.0,0.0,0.0
23,78.0,0.0,0.0
24,85.0,-0.001,0.0
25,87.0,-0.002,0.0
26,92.0,-0.0,0.0
27,93.0,-0.002,0.0
28,108.0,0.041,0.1
29,105.0,0.039,0.1
30,118.0,-0.0,0.0
31,120.0,-0.0,0.0
32,160.0,0.0,0.0
33,168.0,0.001,0.0
34,169.0,0.001,0.0
35,170.0,0.0,0.0
36,187.0,-0.57,30.3
37,186.0,-0.03,0.1
38,188.0,0.025,0.1
39,186.0,0.549,28.1
40,203.0,0.514,26.8
41,203.0,0.542,29.8
42,208.0,-0.001,0.0
43,209.0,-0.001,0.0
44,235.0,0.002,0.0
45,235.0,0.002,0.0
46,235.0,-0.042,0.2
47,235.0,-0.047,0.3
48,272.0,-0.126,2.2
49,257.0,-0.001,0.0
50,272.0,0.042,0.2
51,271.0,0.066,0.6
52,274.0,-0.0,0.0
53,271.0,-0.11,1.6
54,289.0,-0.29,12.1
55,288.0,-0.295,12.5
56,316.0,0.001,0.0
57,303.0,0.001,0.0
58,341.0,-0.006,0.0
59,336.0,-0.0,0.0
60,356.0,0.0,0.0
61,338.0,0.008,0.0
62,374.0,0.011,0.0
63,370.0,0.011,0.0
64,393.0,-0.002,0.0
65,391.0,-0.002,0.0
66,399.0,-0.005,0.0
67,396.0,-0.006,0.0
68,415.0,0.029,0.2
69,413.0,0.031,0.2
70,433.0,-0.018,0.1
71,418.0,-0.0,0.0
72,437.0,0.025,0.1
73,433.0,0.029,0.2
74,441.0,-0.005,0.0
75,439.0,-0.017,0.1
76,447.0,0.0,0.0
77,442.0,0.004,0.0
78,448.0,-0.0,0.0
79,447.0,-0.0,0.0
80,474.0,0.0,0.0
81,474.0,0.089,1.9
82,477.0,-0.078,1.4
83,483.0,-0.002,0.0
84,481.0,-0.001,0.0
85,484.0,-0.131,4.1
86,486.0,-0.125,3.8
87,497.0,-0.0,0.0
88,517.0,0.009,0.0
89,507.0,0.0,0.0
90,535.0,-0.0,0.0
91,514.0,-0.005,0.0
92,542.0,-0.238,15.4
93,543.0,-0.269,19.7
94,571.0,-0.433,53.4
95,567.0,-0.414,48.6
96,578.0,0.012,0.0
97,567.0,0.04,0.5
98,592.0,-0.0,0.0
99,574.0,-0.012,0.0
100,603.0,0.054,0.9
101,593.0,0.059,1.0
102,622.0,0.01,0.0
103,605.0,0.001,0.0
104,632.0,-0.0,0.0
105,615.0,-0.012,0.0
106,653.0,0.0,0.0
107,632.0,0.0,0.0
108,667.0,0.0,0.0
109,652.0,0.001,0.0
110,715.0,-0.003,0.0
111,672.0,-0.0,0.0
112,717.0,0.015,0.1
113,700.0,0.0,0.0
114,725.0,0.085,2.6
115,707.0,0.009,0.0
116,740.0,0.0,0.0
117,710.0,0.01,0.0
118,747.0,0.0,0.0
119,727.0,0.083,2.5
120,763.0,0.001,0.0
121,753.0,0.001,0.0
122,772.0,-0.001,0.0
123,758.0,-0.0,0.0
124,782.0,-0.001,0.0
125,759.0,-0.001,0.0
126,787.0,-0.0,0.0
127,764.0,-0.001,0.0
128,803.0,0.047,0.9
129,799.0,0.045,0.8
130,809.0,-0.001,0.0
131,804.0,-0.003,0.0
132,824.0,0.082,2.8
133,809.0,0.0,0.0
134,844.0,0.026,0.3
135,814.0,0.0,0.0
136,864.0,0.0,0.0
137,822.0,0.091,3.4
138,865.0,-0.0,0.0
139,826.0,-0.0,0.0
140,870.0,0.0,0.0
141,832.0,0.001,0.0
142,871.0,-0.0,0.0
143,844.0,-0.013,0.1
144,895.0,-0.013,0.1
145,888.0,-0.011,0.1
146,918.0,0.007,0.0
147,913.0,0.004,0.0
148,945.0,0.001,0.0
149,926.0,0.019,0.2
150,952.0,0.112,6.0
151,945.0,0.001,0.0
152,957.0,0.001,0.0
153,952.0,0.107,5.5
154,969.0,0.036,0.6
155,957.0,0.001,0.0
156,992.0,-0.0,0.0
157,974.0,-0.0,0.0
158,996.0,0.0,0.0
159,976.0,0.0,0.0
160,1001.0,-0.0,0.0
161,987.0,-0.0,0.0
162,1005.0,0.0,0.0
163,988.0,0.0,0.0
164,1017.0,-0.078,3.1
165,1014.0,-0.066,2.2
166,1053.0,0.0,0.0
167,1041.0,0.004,0.0
168,1076.0,0.009,0.0
169,1067.0,0.008,0.0
170,1093.0,-0.083,3.7
171,1093.0,-0.012,0.1
172,1102.0,-0.039,0.8
173,1102.0,-0.002,0.0
174,1153.0,0.003,0.0
175,1137.0,0.002,0.0
176,1153.0,-0.0,0.0
177,1153.0,-0.0,0.0
178,1156.0,0.0,0.0
179,1155.0,0.0,0.0
180,1170.0,-0.01,0.1
181,1160.0,-0.005,0.0
182,1180.0,0.004,0.0
183,1169.0,0.007,0.0
184,1195.0,0.029,0.5
185,1186.0,0.038,0.9
186,1206.0,-0.004,0.0
187,1194.0,-0.011,0.1
188,1213.0,-0.017,0.2
189,1196.0,-0.024,0.3
190,1218.0,0.088,4.7
191,1224.0,0.1,6.1
192,1240.0,-0.026,0.4
193,1233.0,-0.014,0.1
194,1241.0,-0.014,0.1
195,1240.0,-0.061,2.3
196,1251.0,-0.007,0.0
197,1243.0,-0.005,0.0
198,1267.0,-0.004,0.0
199,1251.0,-0.007,0.0
200,1304.0,-0.086,4.9
201,1296.0,-0.31,62.2
202,1309.0,0.228,34.1
203,1299.0,0.588,224.6
204,1317.0,0.041,1.1
205,1316.0,0.185,22.6
206,1326.0,0.611,247.8
207,1319.0,0.01,0.1
208,1338.0,0.006,0.0
209,1351.0,0.004,0.0
210,1358.0,-0.068,3.1
211,1360.0,-0.067,3.1
212,1370.0,0.0,0.0
213,1366.0,0.005,0.0
214,1375.0,-0.071,3.4
215,1382.0,-0.002,0.0
216,1382.0,-0.0,0.0
217,1383.0,-0.25,43.1
218,1388.0,-0.296,60.6
219,1392.0,-0.027,0.5
220,1401.0,0.001,0.0
221,1400.0,0.0,0.0
222,1407.0,-0.376,99.2
223,1404.0,-0.008,0.0
224,1417.0,0.0,0.0
225,1416.0,0.021,0.3
226,1429.0,0.016,0.2
227,1429.0,0.291,60.7
228,1436.0,0.006,0.0
229,1435.0,0.081,4.7
230,1444.0,0.034,0.8
231,1444.0,0.0,0.0
232,1462.0,-0.041,1.3
233,1449.0,-0.082,4.9
234,1479.0,0.229,38.9
235,1466.0,0.0,0.0
236,1485.0,0.0,0.0
237,1467.0,0.005,0.0
238,1491.0,-0.002,0.0
239,1485.0,-0.0,0.0
240,1497.0,0.001,0.0
241,1493.0,0.206,31.5
242,1498.0,-0.01,0.1
243,1496.0,-0.003,0.0
244,1505.0,-0.0,0.0
245,1498.0,-0.037,1.0
246,1506.0,-0.011,0.1
247,1505.0,-0.0,0.0
248,1508.0,0.021,0.3
249,1506.0,0.029,0.6
250,1523.0,0.001,0.0
251,1511.0,0.009,0.1
252,1543.0,0.002,0.0
253,1523.0,0.0,0.0
254,1561.0,-0.001,0.0
255,1547.0,-0.003,0.0
256,1604.0,0.497,198.3
257,1555.0,0.104,8.4
258,1615.0,0.064,3.4
259,1570.0,0.001,0.0
260,1620.0,-0.321,83.4
261,1580.0,-0.0,0.0
262,1632.0,0.004,0.0
263,1598.0,0.004,0.0
264,1632.0,0.01,0.1
265,1599.0,0.004,0.0
266,1649.0,0.002,0.0
267,1622.0,0.617,308.3
268,1713.0,0.001,0.0
269,1685.0,0.0,0.0
270,1722.0,0.001,0.0
271,1696.0,0.0,0.0
272,1751.0,-0.023,0.5
273,1724.0,-0.038,1.2
274,1759.0,0.038,1.3
275,1734.0,0.068,4.1
276,3035.0,-0.0,0.0
277,3034.0,-0.0,0.0
278,3039.0,-0.001,0.0
279,3038.0,-0.001,0.0
280,3062.0,-0.001,0.0
281,3061.0,-0.001,0.0
282,3092.0,-0.0,0.0
283,3092.0,-0.0,0.0
284,3096.0,-0.001,0.0
285,3095.0,-0.001,0.0
286,3113.0,0.001,0.0
287,3112.0,0.001,0.0
288,3121.0,-0.0,0.0
289,3120.0,-0.0,0.0
290,3133.0,-0.0,0.0
291,3132.0,-0.0,0.0
292,3144.0,-0.0,0.0
293,3143.0,-0.0,0.0
294,3183.0,-0.0,0.0
295,3182.0,-0.0,0.0
296,3194.0,-0.001,0.0
297,3198.0,-0.001,0.0
298,3194.0,-0.0,0.0
299,3198.0,-0.0,0.0
300,3201.0,-0.004,0.0
301,3204.0,-0.002,0.0
302,3201.0,-0.002,0.0
303,3205.0,-0.004,0.0
304,3208.0,-0.0,0.0
305,3213.0,-0.0,0.0
306,3208.0,-0.0,0.0
307,3213.0,-0.0,0.0
308,3218.0,0.006,0.1
309,3224.0,0.001,0.0
