,Frequencies,Displacement,Reorg Energy
0,-0.0,-0.0,-0.0
1,-0.0,-0.0,-0.0
2,-0.0,0.0,-0.0
3,-0.0,0.0,-0.0
4,-0.0,0.0,-0.0
5,-0.0,0.0,-0.0
6,0.0,-0.0,0.0
7,-0.0,-0.0,-0.0
8,0.0,0.0,0.0
9,0.0,0.0,0.0
10,0.0,0.0,0.0
11,0.0,0.0,0.0
12,8.0,-2.048,17.4
13,10.0,-2.247,25.1
14,19.0,-0.088,0.1
15,20.0,-0.13,0.2
16,29.0,0.002,0.0
17,25.0,0.048,0.0
18,38.0,0.068,0.1
19,38.0,0.081,0.1
20,52.0,0.367,3.5
21,54.0,0.011,0.0
22,55.0,0.029,0.0
23,58.0,0.016,0.0
24,63.0,0.028,0.0
25,65.0,0.022,0.0
26,76.0,0.008,0.0
27,80.0,0.011,0.0
28,89.0,0.003,0.0
29,92.0,0.003,0.0
30,101.0,-0.006,0.0
31,103.0,-0.015,0.0
32,110.0,-0.078,0.3
33,115.0,-0.036,0.1
34,137.0,-0.151,1.6
35,140.0,-0.268,5.0
36,168.0,0.001,0.0
37,170.0,0.018,0.0
38,181.0,0.103,1.0
39,182.0,0.081,0.6
40,183.0,-0.038,0.1
41,186.0,-0.124,1.4
42,192.0,-0.058,0.3
43,197.0,-0.011,0.0
44,201.0,-0.037,0.1
45,203.0,-0.09,0.8
46,210.0,-0.022,0.1
47,213.0,-0.038,0.2
48,234.0,-0.009,0.0
49,234.0,-0.067,0.5
50,235.0,0.079,0.7
51,235.0,0.015,0.0
52,256.0,-0.0,0.0
53,265.0,-0.002,0.0
54,269.0,-0.186,4.7
55,269.0,-0.173,4.0
56,278.0,-0.123,2.1
57,270.0,-0.056,0.4
58,280.0,0.115,1.8
59,281.0,0.184,4.8
60,298.0,-0.131,2.6
61,296.0,-0.03,0.1
62,302.0,-0.001,0.0
63,301.0,-0.0,0.0
64,326.0,-0.041,0.3
65,338.0,-0.495,41.3
66,337.0,-0.5,42.0
67,344.0,-0.03,0.2
68,351.0,-0.068,0.8
69,358.0,-0.052,0.5
70,382.0,-0.022,0.1
71,391.0,-0.014,0.0
72,392.0,0.035,0.2
73,394.0,0.014,0.0
74,417.0,-0.001,0.0
75,418.0,-0.001,0.0
76,429.0,-0.128,3.5
77,434.0,-0.312,21.1
78,433.0,-0.377,30.7
79,438.0,-0.243,12.9
80,438.0,0.101,2.3
81,443.0,0.064,0.9
82,443.0,0.037,0.3
83,454.0,0.008,0.0
84,448.0,-0.017,0.1
85,463.0,-0.045,0.5
86,468.0,0.113,3.0
87,469.0,0.199,9.3
88,470.0,-0.042,0.4
89,471.0,-0.047,0.5
90,478.0,0.22,11.5
91,477.0,0.195,9.1
92,485.0,-0.004,0.0
93,501.0,-0.024,0.1
94,501.0,0.007,0.0
95,506.0,0.003,0.0
96,505.0,0.022,0.1
97,515.0,0.007,0.0
98,506.0,0.0,0.0
99,517.0,0.001,0.0
100,525.0,0.194,9.8
101,524.0,0.175,8.0
102,550.0,0.008,0.0
103,549.0,0.004,0.0
104,572.0,-0.003,0.0
105,579.0,-0.002,0.0
106,574.0,0.001,0.0
107,585.0,0.154,7.0
108,581.0,-0.146,6.2
109,592.0,-0.003,0.0
110,604.0,-0.001,0.0
111,623.0,-0.0,0.0
112,616.0,-0.013,0.1
113,625.0,-0.014,0.1
114,634.0,-0.002,0.0
115,655.0,-0.001,0.0
116,652.0,-0.0,0.0
117,664.0,-0.0,0.0
118,675.0,-0.001,0.0
119,708.0,-0.018,0.1
120,703.0,-0.001,0.0
121,719.0,-0.004,0.0
122,703.0,-0.019,0.1
123,727.0,-0.103,3.9
124,715.0,0.007,0.0
125,746.0,0.001,0.0
126,723.0,0.096,3.3
127,748.0,0.002,0.0
128,748.0,-0.003,0.0
129,752.0,-0.002,0.0
130,757.0,-0.003,0.0
131,765.0,-0.001,0.0
132,757.0,-0.002,0.0
133,779.0,-0.004,0.0
134,764.0,0.002,0.0
135,798.0,0.104,4.3
136,793.0,-0.109,4.7
137,798.0,-0.004,0.0
138,807.0,-0.171,11.8
139,809.0,-0.004,0.0
140,809.0,-0.003,0.0
141,810.0,-0.16,10.3
142,813.0,0.115,5.4
143,816.0,0.11,5.0
144,814.0,0.004,0.0
145,817.0,0.001,0.0
146,826.0,-0.001,0.0
147,827.0,-0.001,0.0
148,827.0,-0.01,0.0
149,830.0,-0.002,0.0
150,832.0,0.001,0.0
151,830.0,0.003,0.0
152,850.0,-0.221,20.7
153,852.0,-0.221,20.8
154,901.0,0.079,2.8
155,908.0,0.064,1.9
156,920.0,-0.063,1.8
157,929.0,-0.091,3.9
158,926.0,-0.052,1.2
159,942.0,-0.0,0.0
160,945.0,-0.0,0.0
161,954.0,-0.0,0.0
162,957.0,-0.0,0.0
163,964.0,-0.001,0.0
164,974.0,-0.063,1.9
165,968.0,-0.0,0.0
166,975.0,0.001,0.0
167,972.0,0.044,0.9
168,976.0,-0.0,0.0
169,977.0,-0.001,0.0
170,988.0,0.001,0.0
171,980.0,0.0,0.0
172,988.0,-0.0,0.0
173,983.0,-0.067,2.2
174,1053.0,0.225,26.7
175,1053.0,0.08,3.3
176,1054.0,-0.219,25.3
177,1055.0,-0.311,51.1
178,1061.0,0.026,0.4
179,1065.0,0.046,1.1
180,1076.0,0.1,5.3
181,1074.0,0.094,4.7
182,1093.0,0.053,1.6
183,1086.0,0.017,0.1
184,1121.0,0.006,0.0
185,1098.0,0.022,0.3
186,1137.0,0.026,0.4
187,1140.0,0.211,25.5
188,1141.0,0.215,26.4
189,1145.0,0.006,0.0
190,1156.0,-0.0,0.0
191,1154.0,-0.0,0.0
192,1162.0,-0.036,0.8
193,1160.0,-0.045,1.2
194,1169.0,-0.008,0.0
195,1173.0,-0.007,0.0
196,1186.0,-0.017,0.2
197,1184.0,-0.002,0.0
198,1192.0,0.006,0.0
199,1196.0,0.004,0.0
200,1198.0,0.003,0.0
201,1200.0,0.007,0.0
202,1224.0,0.077,3.7
203,1224.0,0.048,1.4
204,1230.0,-0.01,0.1
205,1234.0,-0.064,2.5
206,1236.0,0.033,0.7
207,1245.0,0.001,0.0
208,1244.0,0.008,0.0
209,1255.0,0.003,0.0
210,1274.0,0.168,18.0
211,1273.0,0.17,18.5
212,1301.0,0.168,18.4
213,1296.0,0.157,16.0
214,1317.0,-0.002,0.0
215,1313.0,-0.007,0.0
216,1322.0,-0.073,3.5
217,1317.0,-0.088,5.1
218,1350.0,0.025,0.4
219,1347.0,0.042,1.2
220,1363.0,-0.04,1.1
221,1354.0,-0.005,0.0
222,1365.0,0.011,0.1
223,1365.0,0.016,0.2
224,1378.0,0.267,49.1
225,1370.0,0.227,35.2
226,1382.0,0.003,0.0
227,1383.0,0.0,0.0
228,1392.0,-0.021,0.3
229,1387.0,-0.003,0.0
230,1400.0,-0.0,0.0
231,1392.0,-0.027,0.5
232,1402.0,-0.005,0.0
233,1397.0,-0.001,0.0
234,1416.0,-0.058,2.4
235,1406.0,-0.055,2.2
236,1420.0,-0.015,0.1
237,1417.0,-0.057,2.3
238,1430.0,-0.039,1.1
239,1423.0,-0.026,0.5
240,1439.0,0.112,9.1
241,1435.0,0.131,12.3
242,1443.0,0.014,0.1
243,1462.0,0.023,0.4
244,1460.0,-0.024,0.4
245,1468.0,-0.003,0.0
246,1463.0,-0.004,0.0
247,1472.0,-0.002,0.0
248,1476.0,0.048,1.7
249,1479.0,0.086,5.4
250,1481.0,0.048,1.7
251,1481.0,0.041,1.2
252,1485.0,-0.0,0.0
253,1482.0,-0.0,0.0
254,1492.0,0.05,1.8
255,1485.0,0.016,0.2
256,1498.0,-0.04,1.2
257,1494.0,-0.04,1.2
258,1505.0,-0.0,0.0
259,1507.0,-0.0,0.0
260,1509.0,-0.006,0.0
261,1524.0,-0.026,0.5
262,1522.0,0.025,0.5
263,1530.0,0.01,0.1
264,1546.0,-0.017,0.2
265,1562.0,-0.005,0.0
266,1554.0,-0.181,25.4
267,1572.0,-0.192,29.0
268,1558.0,0.04,1.2
269,1575.0,0.004,0.0
270,1577.0,0.01,0.1
271,1590.0,0.008,0.1
272,1597.0,0.001,0.0
273,1609.0,0.002,0.0
274,1599.0,-0.008,0.1
275,1617.0,-0.06,2.9
276,1622.0,-0.025,0.5
277,1627.0,-0.0,0.0
278,1686.0,-0.005,0.0
279,1665.0,-0.008,0.0
280,1723.0,-0.001,0.0
281,1702.0,-0.202,34.6
282,1725.0,-0.189,30.7
283,1707.0,-0.002,0.0
284,1756.0,-0.204,36.5
285,1739.0,-0.243,51.5
286,2386.0,0.012,0.2
287,2383.0,0.012,0.2
288,3023.0,-0.016,0.4
289,3009.0,-0.015,0.3
290,3034.0,-0.0,0.0
291,3022.0,-0.0,0.0
292,3038.0,-0.017,0.4
293,3027.0,-0.018,0.5
294,3080.0,0.011,0.2
295,3057.0,0.024,0.8
296,3085.0,-0.014,0.3
297,3066.0,-0.003,0.0
298,3092.0,0.0,0.0
299,3080.0,0.0,0.0
300,3095.0,-0.014,0.3
301,3083.0,-0.012,0.2
302,3112.0,0.007,0.1
303,3104.0,0.009,0.1
304,3132.0,0.0,0.0
305,3129.0,0.0,0.0
306,3143.0,-0.009,0.1
307,3138.0,-0.007,0.1
308,3198.0,-0.001,0.0
309,3182.0,-0.001,0.0
310,3199.0,-0.0,0.0
311,3182.0,-0.0,0.0
312,3205.0,0.001,0.0
313,3190.0,0.004,0.0
314,3205.0,-0.009,0.1
315,3190.0,-0.008,0.1
316,3213.0,0.001,0.0
317,3200.0,0.0,0.0
318,3213.0,-0.001,0.0
319,3200.0,-0.001,0.0
320,3224.0,0.006,0.1
321,3212.0,0.003,0.0
