,Frequencies,Displacement,Reorg Energy
0,-0.0,0.0,-0.0
1,-0.0,0.0,-0.0
2,-0.0,0.0,-0.0
3,-0.0,0.0,-0.0
4,0.0,0.0,0.0
5,-0.0,0.0,-0.0
6,0.0,0.0,0.0
7,0.0,0.0,0.0
8,0.0,-0.0,0.0
9,0.0,-0.0,0.0
10,0.0,0.0,0.0
11,0.0,0.0,0.0
12,19.0,0.006,0.0
13,19.0,0.005,0.0
14,28.0,0.001,0.0
15,29.0,0.001,0.0
16,37.0,-0.001,0.0
17,36.0,-0.002,0.0
18,49.0,-0.024,0.0
19,55.0,-0.01,0.0
20,56.0,-0.021,0.0
21,59.0,-0.018,0.0
22,63.0,0.013,0.0
23,70.0,0.03,0.0
24,73.0,-0.004,0.0
25,76.0,-0.012,0.0
26,86.0,0.313,4.2
27,88.0,0.316,4.4
28,87.0,0.002,0.0
29,89.0,0.005,0.0
30,101.0,0.001,0.0
31,101.0,0.008,0.0
32,145.0,0.162,1.9
33,146.0,0.164,2.0
34,150.0,0.006,0.0
35,153.0,0.001,0.0
36,164.0,0.004,0.0
37,168.0,0.003,0.0
38,176.0,0.004,0.0
39,181.0,0.551,27.5
40,180.0,-0.553,27.5
41,183.0,-0.002,0.0
42,190.0,-0.002,0.0
43,193.0,-0.0,0.0
44,205.0,-0.001,0.0
45,209.0,-0.0,0.0
46,210.0,0.188,3.7
47,212.0,0.186,3.7
48,219.0,-0.003,0.0
49,218.0,-0.004,0.0
50,235.0,0.004,0.0
51,234.0,0.001,0.0
52,238.0,0.029,0.1
53,235.0,0.031,0.1
54,260.0,-0.001,0.0
55,256.0,-0.002,0.0
56,272.0,0.059,0.5
57,276.0,0.079,0.9
58,282.0,0.121,2.1
59,286.0,0.101,1.5
60,310.0,-0.0,0.0
61,302.0,-0.001,0.0
62,320.0,0.006,0.0
63,320.0,0.0,0.0
64,325.0,-0.221,7.9
65,335.0,-0.184,5.7
66,355.0,-0.064,0.7
67,359.0,-0.093,1.6
68,380.0,0.12,2.8
69,387.0,0.031,0.2
70,386.0,-0.097,1.8
71,389.0,-0.001,0.0
72,388.0,-0.003,0.0
73,394.0,-0.12,2.8
74,412.0,0.099,2.0
75,417.0,0.0,0.0
76,429.0,-0.386,32.0
77,419.0,-0.009,0.0
78,432.0,-0.294,18.7
79,434.0,-0.504,55.2
80,435.0,-0.193,8.1
81,440.0,-0.141,4.4
82,438.0,-0.005,0.0
83,443.0,-0.083,1.5
84,444.0,0.002,0.0
85,447.0,0.003,0.0
86,461.0,0.148,5.1
87,466.0,0.154,5.5
88,465.0,0.002,0.0
89,480.0,0.021,0.1
90,480.0,-0.0,0.0
91,484.0,-0.0,0.0
92,482.0,0.017,0.1
93,498.0,0.0,0.0
94,501.0,0.108,2.9
95,501.0,0.119,3.6
96,517.0,0.062,1.0
97,506.0,0.0,0.0
98,521.0,-0.001,0.0
99,516.0,-0.06,0.9
100,547.0,-0.411,46.3
101,546.0,-0.449,55.0
102,572.0,-0.025,0.2
103,568.0,-0.001,0.0
104,574.0,0.0,0.0
105,575.0,0.018,0.1
106,578.0,0.01,0.0
107,578.0,0.045,0.6
108,613.0,-0.009,0.0
109,605.0,-0.001,0.0
110,615.0,0.001,0.0
111,616.0,0.003,0.0
112,631.0,0.001,0.0
113,632.0,0.001,0.0
114,636.0,0.085,2.3
115,644.0,0.14,6.3
116,662.0,0.001,0.0
117,652.0,0.001,0.0
118,705.0,-0.0,0.0
119,674.0,-0.0,0.0
120,706.0,0.001,0.0
121,700.0,0.001,0.0
122,709.0,0.002,0.0
123,707.0,0.01,0.0
124,717.0,-0.036,0.5
125,717.0,-0.046,0.8
126,721.0,0.005,0.0
127,729.0,0.034,0.4
128,747.0,-0.0,0.0
129,747.0,-0.002,0.0
130,754.0,0.003,0.0
131,750.0,0.002,0.0
132,765.0,-0.002,0.0
133,757.0,-0.001,0.0
134,772.0,0.001,0.0
135,763.0,0.001,0.0
136,802.0,0.038,0.6
137,802.0,0.024,0.2
138,809.0,-0.038,0.6
139,807.0,-0.001,0.0
140,824.0,0.023,0.2
141,808.0,0.05,1.0
142,835.0,0.002,0.0
143,814.0,0.0,0.0
144,842.0,0.151,9.6
145,825.0,0.04,0.7
146,866.0,0.001,0.0
147,825.0,0.0,0.0
148,869.0,0.0,0.0
149,831.0,0.0,0.0
150,874.0,0.0,0.0
151,842.0,0.001,0.0
152,877.0,0.0,0.0
153,843.0,0.154,10.0
154,891.0,-0.115,5.9
155,893.0,-0.115,5.9
156,907.0,-0.015,0.1
157,911.0,-0.024,0.3
158,932.0,0.067,2.1
159,936.0,0.062,1.8
160,948.0,-0.001,0.0
161,943.0,-0.097,4.5
162,956.0,-0.09,3.9
163,945.0,-0.001,0.0
164,958.0,-0.0,0.0
165,957.0,-0.0,0.0
166,965.0,-0.05,1.2
167,971.0,-0.007,0.0
168,999.0,-0.0,0.0
169,974.0,-0.0,0.0
170,1011.0,0.0,0.0
171,976.0,0.0,0.0
172,1012.0,-0.0,0.0
173,987.0,-0.0,0.0
174,1020.0,-0.0,0.0
175,988.0,-0.0,0.0
176,1021.0,0.0,0.0
177,1012.0,0.001,0.0
178,1036.0,-0.037,0.7
179,1040.0,-0.055,1.6
180,1063.0,-0.026,0.4
181,1062.0,-0.016,0.1
182,1066.0,0.0,0.0
183,1066.0,0.0,0.0
184,1098.0,-0.054,1.6
185,1087.0,-0.062,2.1
186,1099.0,0.092,4.7
187,1094.0,0.075,3.1
188,1112.0,-0.016,0.1
189,1110.0,-0.039,0.8
190,1155.0,-0.025,0.4
191,1137.0,-0.045,1.2
192,1156.0,-0.001,0.0
193,1155.0,-0.0,0.0
194,1157.0,-0.054,1.7
195,1161.0,-0.003,0.0
196,1167.0,-0.017,0.2
197,1168.0,-0.028,0.5
198,1172.0,0.047,1.3
199,1177.0,0.017,0.2
200,1193.0,0.047,1.3
201,1186.0,0.052,1.6
202,1200.0,-0.026,0.4
203,1197.0,-0.044,1.1
204,1209.0,-0.03,0.6
205,1199.0,-0.027,0.4
206,1216.0,-0.014,0.1
207,1224.0,-0.011,0.1
208,1225.0,-0.007,0.0
209,1233.0,-0.011,0.1
210,1236.0,0.008,0.0
211,1243.0,0.033,0.7
212,1251.0,-0.03,0.6
213,1247.0,-0.059,2.2
214,1276.0,-0.09,5.1
215,1262.0,-0.05,1.6
216,1280.0,0.024,0.4
217,1300.0,0.187,22.8
218,1316.0,0.235,36.5
219,1315.0,0.095,6.0
220,1323.0,0.077,3.9
221,1321.0,0.074,3.6
222,1332.0,-0.113,8.5
223,1331.0,-0.027,0.5
224,1340.0,0.005,0.0
225,1353.0,0.004,0.0
226,1364.0,-0.173,20.4
227,1362.0,-0.16,17.5
228,1368.0,0.283,54.7
229,1367.0,0.066,3.0
230,1376.0,0.033,0.7
231,1378.0,0.257,45.6
232,1376.0,0.002,0.0
233,1382.0,0.002,0.0
234,1387.0,-0.106,7.7
235,1392.0,-0.05,1.7
236,1400.0,-0.079,4.3
237,1400.0,-0.001,0.0
238,1404.0,-0.023,0.4
239,1405.0,-0.018,0.2
240,1407.0,0.001,0.0
241,1416.0,0.013,0.1
242,1417.0,0.033,0.8
243,1416.0,0.038,1.0
244,1421.0,0.184,24.0
245,1427.0,0.176,22.1
246,1425.0,-0.058,2.4
247,1433.0,-0.016,0.2
248,1442.0,-0.039,1.1
249,1447.0,-0.055,2.2
250,1455.0,-0.06,2.7
251,1453.0,-0.124,11.2
252,1475.0,0.0,0.0
253,1465.0,0.016,0.2
254,1480.0,0.063,3.0
255,1478.0,0.0,0.0
256,1486.0,-0.026,0.5
257,1484.0,-0.12,10.7
258,1486.0,0.0,0.0
259,1485.0,0.0,0.0
260,1488.0,-0.043,1.4
261,1494.0,-0.019,0.3
262,1495.0,0.039,1.1
263,1497.0,0.018,0.2
264,1500.0,-0.021,0.3
265,1505.0,-0.023,0.4
266,1503.0,0.0,0.0
267,1505.0,0.0,0.0
268,1521.0,-0.023,0.4
269,1520.0,-0.073,4.0
270,1523.0,-0.063,3.1
271,1523.0,-0.063,3.0
272,1565.0,0.048,1.8
273,1547.0,0.004,0.0
274,1571.0,-0.031,0.8
275,1558.0,-0.095,7.1
276,1574.0,-0.083,5.4
277,1575.0,-0.034,0.9
278,1589.0,-0.069,3.8
279,1594.0,-0.063,3.1
280,1595.0,-0.028,0.6
281,1602.0,-0.005,0.0
282,1609.0,0.009,0.1
283,1614.0,0.082,5.4
284,1618.0,-0.332,88.9
285,1622.0,-0.373,113.0
286,1650.0,-0.031,0.8
287,1686.0,-0.005,0.0
288,1712.0,0.002,0.0
289,1697.0,0.041,1.4
290,1716.0,-0.026,0.6
291,1725.0,-0.162,22.6
292,1759.0,0.128,14.4
293,1733.0,0.238,48.9
294,1763.0,0.22,42.6
295,2035.0,0.284,82.2
296,3020.0,-0.011,0.2
297,3010.0,-0.014,0.3
298,3042.0,0.0,0.0
299,3034.0,0.0,0.0
300,3045.0,0.012,0.2
301,3038.0,0.014,0.3
302,3065.0,-0.0,0.0
303,3051.0,-0.0,0.0
304,3103.0,-0.0,0.0
305,3092.0,-0.0,0.0
306,3106.0,0.012,0.2
307,3094.0,0.003,0.0
308,3107.0,0.003,0.0
309,3095.0,0.013,0.2
310,3118.0,-0.004,0.0
311,3112.0,-0.006,0.1
312,3135.0,-0.0,0.0
313,3132.0,-0.0,0.0
314,3146.0,0.008,0.1
315,3143.0,0.008,0.1
316,3205.0,0.0,0.0
317,3198.0,0.0,0.0
318,3205.0,0.0,0.0
319,3198.0,0.0,0.0
320,3211.0,0.004,0.0
321,3205.0,0.001,0.0
322,3211.0,0.002,0.0
323,3206.0,0.004,0.0
324,3217.0,-0.0,0.0
325,3213.0,-0.001,0.0
326,3217.0,-0.0,0.0
327,3213.0,-0.002,0.0
328,3227.0,0.011,0.2
329,3216.0,0.012,0.2
330,3228.0,0.0,0.0
331,3223.0,0.002,0.0
332,3228.0,0.001,0.0
333,3224.0,0.001,0.0
