,Frequencies,Displacement,Reorg Energy
0,-0.0,0.0,-0.0
1,-0.0,0.0,-0.0
2,-0.0,0.0,-0.0
3,-0.0,0.0,-0.0
4,-0.0,0.0,-0.0
5,0.0,0.0,0.0
6,0.0,0.0,0.0
7,0.0,0.0,0.0
8,0.0,-0.0,0.0
9,0.0,-0.0,0.0
10,0.0,0.0,0.0
11,0.0,0.0,0.0
12,21.0,0.004,0.0
13,24.0,0.004,0.0
14,27.0,-0.004,0.0
15,27.0,-0.004,0.0
16,52.0,-0.004,0.0
17,56.0,-0.004,0.0
18,58.0,0.0,0.0
19,60.0,0.002,0.0
20,78.0,-0.002,0.0
21,85.0,-0.003,0.0
22,88.0,-0.001,0.0
23,94.0,-0.0,0.0
24,99.0,0.005,0.0
25,100.0,0.006,0.0
26,113.0,0.037,0.1
27,115.0,0.036,0.1
28,142.0,-0.002,0.0
29,151.0,-0.002,0.0
30,163.0,-0.002,0.0
31,170.0,-0.002,0.0
32,187.0,0.003,0.0
33,193.0,0.453,19.8
34,188.0,-0.009,0.0
35,197.0,-0.012,0.0
36,191.0,0.449,19.2
37,201.0,0.004,0.0
38,209.0,0.326,11.1
39,210.0,0.311,10.2
40,219.0,0.0,0.0
41,216.0,0.0,0.0
42,235.0,-0.018,0.0
43,234.0,-0.023,0.1
44,236.0,0.034,0.1
45,235.0,0.019,0.0
46,272.0,0.0,0.0
47,266.0,0.0,0.0
48,279.0,-0.015,0.0
49,281.0,-0.014,0.0
50,291.0,0.103,1.5
51,292.0,0.107,1.7
52,315.0,-0.0,0.0
53,302.0,-0.0,0.0
54,347.0,-0.0,0.0
55,344.0,-0.0,0.0
56,356.0,0.035,0.2
57,355.0,0.038,0.3
58,379.0,0.294,16.4
59,376.0,0.298,16.7
60,391.0,-0.025,0.1
61,392.0,-0.024,0.1
62,426.0,-0.481,49.2
63,419.0,-0.0,0.0
64,430.0,-0.021,0.1
65,425.0,-0.455,43.9
66,436.0,0.172,6.5
67,437.0,0.14,4.3
68,439.0,-0.178,7.0
69,441.0,-0.229,11.6
70,447.0,-0.001,0.0
71,444.0,-0.067,1.0
72,448.0,0.0,0.0
73,454.0,0.001,0.0
74,473.0,0.0,0.0
75,475.0,0.005,0.0
76,478.0,0.031,0.2
77,490.0,0.094,2.2
78,480.0,0.0,0.0
79,504.0,0.0,0.0
80,491.0,-0.07,1.2
81,511.0,-0.0,0.0
82,517.0,-0.038,0.4
83,512.0,-0.055,0.8
84,536.0,-0.0,0.0
85,519.0,-0.0,0.0
86,547.0,0.512,71.5
87,544.0,0.525,74.9
88,577.0,-0.004,0.0
89,579.0,-0.001,0.0
90,581.0,-0.068,1.3
91,581.0,-0.032,0.3
92,582.0,0.0,0.0
93,581.0,0.0,0.0
94,620.0,0.0,0.0
95,621.0,0.0,0.0
96,632.0,-0.0,0.0
97,625.0,-0.0,0.0
98,645.0,-0.001,0.0
99,645.0,-0.001,0.0
100,661.0,-0.062,1.3
101,664.0,-0.079,2.1
102,667.0,0.0,0.0
103,665.0,0.001,0.0
104,694.0,0.002,0.0
105,692.0,0.001,0.0
106,709.0,0.001,0.0
107,699.0,0.001,0.0
108,717.0,0.026,0.2
109,717.0,0.005,0.0
110,739.0,0.08,2.3
111,740.0,0.084,2.6
112,744.0,0.0,0.0
113,748.0,0.001,0.0
114,759.0,0.002,0.0
115,758.0,0.002,0.0
116,765.0,0.0,0.0
117,759.0,0.0,0.0
118,775.0,0.003,0.0
119,771.0,0.0,0.0
120,777.0,0.0,0.0
121,774.0,0.002,0.0
122,786.0,0.0,0.0
123,784.0,0.001,0.0
124,806.0,-0.041,0.7
125,805.0,-0.032,0.4
126,808.0,0.002,0.0
127,809.0,0.0,0.0
128,824.0,-0.004,0.0
129,813.0,-0.001,0.0
130,845.0,-0.144,8.7
131,818.0,-0.0,0.0
132,865.0,-0.0,0.0
133,824.0,-0.007,0.0
134,866.0,-0.0,0.0
135,829.0,-0.0,0.0
136,871.0,-0.0,0.0
137,836.0,-0.001,0.0
138,873.0,-0.001,0.0
139,847.0,-0.143,8.7
140,873.0,-0.05,1.1
141,872.0,-0.051,1.1
142,923.0,-0.035,0.6
143,927.0,-0.035,0.6
144,946.0,-0.0,0.0
145,942.0,-0.0,0.0
146,957.0,0.0,0.0
147,953.0,0.001,0.0
148,961.0,0.027,0.4
149,954.0,0.025,0.3
150,979.0,0.009,0.0
151,963.0,0.0,0.0
152,993.0,-0.0,0.0
153,967.0,-0.0,0.0
154,997.0,-0.0,0.0
155,976.0,-0.0,0.0
156,1001.0,-0.0,0.0
157,980.0,-0.0,0.0
158,1006.0,-0.0,0.0
159,985.0,-0.014,0.1
160,1057.0,-0.036,0.7
161,1058.0,-0.044,1.0
162,1082.0,0.292,46.0
163,1079.0,0.2,21.6
164,1101.0,-0.011,0.1
165,1090.0,-0.139,10.5
166,1127.0,-0.001,0.0
167,1124.0,-0.006,0.0
168,1152.0,0.004,0.0
169,1154.0,0.0,0.0
170,1156.0,-0.0,0.0
171,1156.0,-0.009,0.0
172,1171.0,0.048,1.4
173,1157.0,0.002,0.0
174,1194.0,-0.036,0.8
175,1176.0,-0.038,0.9
176,1203.0,0.004,0.0
177,1184.0,0.058,2.0
178,1204.0,0.003,0.0
179,1194.0,0.033,0.7
180,1210.0,0.001,0.0
181,1202.0,0.001,0.0
182,1218.0,-0.002,0.0
183,1203.0,-0.053,1.7
184,1225.0,0.005,0.0
185,1224.0,0.028,0.5
186,1241.0,0.017,0.2
187,1234.0,0.0,0.0
188,1259.0,0.001,0.0
189,1247.0,0.011,0.1
190,1277.0,-0.005,0.0
191,1257.0,-0.005,0.0
192,1301.0,-0.3,58.4
193,1293.0,-0.314,63.9
194,1316.0,0.004,0.0
195,1300.0,0.474,145.8
196,1325.0,0.381,96.0
197,1314.0,0.008,0.0
198,1337.0,-0.002,0.0
199,1345.0,-0.038,0.9
200,1353.0,0.052,1.8
201,1352.0,0.004,0.0
202,1369.0,0.009,0.1
203,1364.0,0.141,13.6
204,1375.0,-0.167,19.2
205,1377.0,-0.471,152.8
206,1382.0,-0.001,0.0
207,1383.0,-0.002,0.0
208,1389.0,-0.533,197.1
209,1385.0,-0.014,0.1
210,1401.0,0.001,0.0
211,1391.0,0.023,0.4
212,1406.0,0.216,32.7
213,1395.0,0.0,0.0
214,1417.0,0.063,2.8
215,1397.0,0.002,0.0
216,1419.0,0.001,0.0
217,1406.0,0.087,5.3
218,1428.0,-0.044,1.4
219,1422.0,-0.099,6.9
220,1437.0,0.087,5.4
221,1439.0,0.025,0.5
222,1454.0,-0.02,0.3
223,1464.0,-0.015,0.2
224,1475.0,-0.126,11.7
225,1466.0,-0.006,0.0
226,1485.0,-0.0,0.0
227,1472.0,-0.005,0.0
228,1490.0,0.001,0.0
229,1480.0,0.126,11.8
230,1498.0,0.028,0.6
231,1482.0,0.001,0.0
232,1505.0,0.001,0.0
233,1493.0,0.022,0.4
234,1505.0,-0.0,0.0
235,1508.0,-0.0,0.0
236,1523.0,0.025,0.5
237,1524.0,0.026,0.5
238,1543.0,-0.003,0.0
239,1532.0,-0.008,0.1
240,1560.0,-0.002,0.0
241,1563.0,-0.031,0.7
242,1603.0,-0.411,135.3
243,1574.0,-0.004,0.0
244,1615.0,-0.164,21.6
245,1574.0,-0.011,0.1
246,1623.0,-0.452,165.9
247,1589.0,-0.005,0.0
248,1631.0,-0.001,0.0
249,1608.0,-0.003,0.0
250,1632.0,0.059,2.8
251,1618.0,0.647,338.3
252,1648.0,-0.002,0.0
253,1626.0,-0.018,0.3
254,1714.0,-0.005,0.0
255,1664.0,-0.006,0.0
256,1752.0,0.213,39.6
257,1701.0,0.19,30.8
258,1767.0,-0.0,0.0
259,1719.0,-0.341,99.8
260,1770.0,-0.281,69.8
261,1723.0,-0.002,0.0
262,3035.0,0.0,0.0
263,3022.0,0.0,0.0
264,3039.0,-0.018,0.5
265,3027.0,-0.02,0.6
266,3093.0,0.0,0.0
267,3080.0,0.0,0.0
268,3096.0,-0.015,0.4
269,3083.0,-0.012,0.2
270,3113.0,-0.009,0.1
271,3104.0,-0.01,0.2
272,3133.0,0.0,0.0
273,3130.0,0.0,0.0
274,3144.0,0.008,0.1
275,3138.0,0.007,0.1
276,3194.0,-0.001,0.0
277,3181.0,-0.001,0.0
278,3194.0,0.0,0.0
279,3181.0,0.0,0.0
280,3200.0,-0.004,0.0
281,3187.0,-0.003,0.0
282,3200.0,0.002,0.0
283,3188.0,0.005,0.0
284,3208.0,0.0,0.0
285,3198.0,0.0,0.0
286,3208.0,-0.0,0.0
287,3198.0,-0.0,0.0
288,3219.0,-0.003,0.0
289,3212.0,-0.001,0.0
290,3219.0,0.005,0.0
291,3212.0,0.011,0.2
