,Frequencies,Displacement,Reorg Energy
0,-0.0,-0.0,-0.0
1,-0.0,-0.0,-0.0
2,-0.0,-0.0,-0.0
3,-0.0,-0.0,-0.0
4,0.0,0.0,0.0
5,-0.0,0.0,-0.0
6,0.0,0.0,0.0
7,-0.0,0.0,-0.0
8,0.0,0.0,0.0
9,-0.0,0.0,-0.0
10,0.0,-0.0,0.0
11,0.0,-0.0,0.0
12,8.0,-0.003,0.0
13,8.0,-0.003,0.0
14,19.0,-0.003,0.0
15,20.0,-0.003,0.0
16,29.0,-0.019,0.0
17,22.0,-0.017,0.0
18,38.0,0.001,0.0
19,38.0,0.001,0.0
20,51.0,-0.007,0.0
21,53.0,-0.006,0.0
22,52.0,-0.001,0.0
23,53.0,-0.004,0.0
24,62.0,-0.002,0.0
25,64.0,-0.003,0.0
26,72.0,0.003,0.0
27,74.0,0.002,0.0
28,87.0,0.003,0.0
29,86.0,0.001,0.0
30,101.0,-0.0,0.0
31,102.0,-0.0,0.0
32,111.0,-0.025,0.0
33,114.0,-0.026,0.0
34,132.0,-0.004,0.0
35,134.0,-0.005,0.0
36,164.0,0.002,0.0
37,163.0,0.001,0.0
38,175.0,0.0,0.0
39,181.0,0.02,0.0
40,180.0,0.184,3.0
41,181.0,0.194,3.4
42,188.0,-0.003,0.0
43,188.0,-0.001,0.0
44,199.0,0.131,1.7
45,202.0,0.118,1.4
46,212.0,0.002,0.0
47,215.0,0.002,0.0
48,234.0,-0.01,0.0
49,234.0,-0.016,0.0
50,238.0,-0.046,0.2
51,235.0,-0.043,0.2
52,259.0,0.001,0.0
53,270.0,0.139,2.6
54,269.0,-0.155,3.2
55,271.0,-0.004,0.0
56,279.0,0.195,5.3
57,279.0,0.003,0.0
58,287.0,0.008,0.0
59,281.0,0.199,5.6
60,303.0,-0.005,0.0
61,299.0,-0.001,0.0
62,310.0,-0.001,0.0
63,314.0,-0.0,0.0
64,328.0,-0.005,0.0
65,337.0,-0.567,54.2
66,336.0,0.573,55.3
67,347.0,0.001,0.0
68,352.0,0.052,0.5
69,359.0,0.054,0.5
70,380.0,-0.027,0.1
71,390.0,-0.019,0.1
72,392.0,0.048,0.5
73,395.0,0.042,0.3
74,424.0,-0.092,1.8
75,429.0,-0.154,5.1
76,427.0,-0.001,0.0
77,434.0,-0.342,25.3
78,429.0,-0.359,27.6
79,437.0,-0.247,13.4
80,433.0,-0.248,13.3
81,444.0,-0.001,0.0
82,438.0,0.002,0.0
83,447.0,0.001,0.0
84,444.0,-0.001,0.0
85,449.0,-0.001,0.0
86,466.0,-0.0,0.0
87,471.0,-0.123,3.6
88,468.0,-0.089,1.9
89,473.0,-0.041,0.4
90,469.0,0.034,0.3
91,479.0,0.01,0.0
92,481.0,-0.184,8.2
93,479.0,-0.189,8.6
94,483.0,-0.004,0.0
95,483.0,-0.002,0.0
96,510.0,0.005,0.0
97,508.0,0.01,0.0
98,521.0,0.0,0.0
99,527.0,0.139,5.1
100,527.0,0.174,8.0
101,534.0,0.001,0.0
102,554.0,-0.137,5.2
103,554.0,-0.142,5.6
104,572.0,0.001,0.0
105,578.0,0.001,0.0
106,578.0,0.0,0.0
107,589.0,0.167,8.3
108,584.0,0.155,7.0
109,596.0,0.0,0.0
110,613.0,0.021,0.1
111,624.0,0.019,0.1
112,615.0,-0.0,0.0
113,631.0,-0.0,0.0
114,634.0,0.0,0.0
115,656.0,0.0,0.0
116,662.0,0.0,0.0
117,666.0,0.0,0.0
118,704.0,-0.0,0.0
119,712.0,-0.025,0.2
120,705.0,0.026,0.2
121,719.0,0.015,0.1
122,707.0,0.0,0.0
123,721.0,0.035,0.4
124,715.0,0.008,0.0
125,741.0,0.0,0.0
126,717.0,-0.028,0.3
127,747.0,-0.0,0.0
128,751.0,-0.0,0.0
129,756.0,-0.0,0.0
130,762.0,-0.001,0.0
131,769.0,-0.001,0.0
132,765.0,0.001,0.0
133,780.0,0.0,0.0
134,771.0,-0.001,0.0
135,787.0,-0.001,0.0
136,793.0,-0.129,6.6
137,797.0,-0.121,5.9
138,806.0,0.207,17.3
139,811.0,0.185,13.9
140,815.0,0.081,2.7
141,818.0,0.075,2.3
142,826.0,-0.003,0.0
143,830.0,-0.032,0.4
144,848.0,0.271,31.1
145,849.0,0.277,32.6
146,867.0,0.0,0.0
147,864.0,0.0,0.0
148,869.0,0.0,0.0
149,865.0,0.0,0.0
150,874.0,-0.0,0.0
151,869.0,-0.0,0.0
152,877.0,0.0,0.0
153,871.0,0.0,0.0
154,900.0,0.092,3.8
155,910.0,0.085,3.3
156,917.0,0.088,3.5
157,926.0,0.106,5.2
158,948.0,-0.0,0.0
159,946.0,-0.0,0.0
160,953.0,0.017,0.1
161,957.0,0.0,0.0
162,958.0,0.0,0.0
163,976.0,0.087,3.7
164,966.0,-0.063,1.9
165,985.0,-0.025,0.3
166,1011.0,-0.0,0.0
167,993.0,-0.0,0.0
168,1013.0,-0.0,0.0
169,997.0,-0.0,0.0
170,1020.0,0.0,0.0
171,1001.0,0.0,0.0
172,1021.0,0.0,0.0
173,1006.0,0.0,0.0
174,1051.0,0.019,0.2
175,1053.0,0.02,0.2
176,1051.0,-0.008,0.0
177,1054.0,-0.013,0.1
178,1063.0,0.012,0.1
179,1064.0,0.001,0.0
180,1078.0,0.053,1.5
181,1075.0,0.07,2.7
182,1103.0,-0.088,4.3
183,1101.0,-0.085,4.0
184,1143.0,0.173,17.1
185,1139.0,0.002,0.0
186,1146.0,-0.009,0.0
187,1140.0,-0.134,10.3
188,1156.0,-0.0,0.0
189,1156.0,-0.0,0.0
190,1163.0,-0.035,0.7
191,1157.0,-0.064,2.4
192,1164.0,0.042,1.0
193,1170.0,0.044,1.1
194,1184.0,-0.014,0.1
195,1182.0,-0.02,0.2
196,1192.0,-0.028,0.5
197,1195.0,-0.016,0.1
198,1207.0,0.003,0.0
199,1209.0,0.003,0.0
200,1209.0,0.009,0.0
201,1215.0,0.011,0.1
202,1223.0,0.104,6.6
203,1221.0,0.074,3.3
204,1235.0,-0.012,0.1
205,1241.0,-0.028,0.5
206,1253.0,0.008,0.0
207,1251.0,0.012,0.1
208,1270.0,0.135,11.6
209,1268.0,0.048,1.5
210,1280.0,-0.021,0.3
211,1270.0,-0.095,5.7
212,1313.0,0.508,169.3
213,1315.0,0.24,37.8
214,1324.0,0.041,1.1
215,1316.0,0.009,0.1
216,1324.0,0.034,0.8
217,1329.0,0.455,137.6
218,1364.0,0.081,4.5
219,1336.0,0.001,0.0
220,1365.0,-0.032,0.7
221,1360.0,-0.014,0.1
222,1374.0,-0.048,1.6
223,1368.0,-0.004,0.0
224,1376.0,0.0,0.0
225,1375.0,0.027,0.5
226,1385.0,-0.167,19.3
227,1382.0,-0.007,0.0
228,1400.0,0.003,0.0
229,1383.0,0.119,9.7
230,1401.0,0.024,0.4
231,1401.0,0.001,0.0
232,1407.0,0.0,0.0
233,1406.0,0.303,64.5
234,1419.0,0.124,10.9
235,1417.0,0.047,1.6
236,1424.0,0.241,41.2
237,1421.0,0.051,1.8
238,1425.0,0.048,1.6
239,1429.0,0.019,0.3
240,1442.0,-0.07,3.5
241,1437.0,-0.054,2.1
242,1456.0,-0.021,0.3
243,1454.0,-0.005,0.0
244,1471.0,0.001,0.0
245,1476.0,0.002,0.0
246,1475.0,-0.001,0.0
247,1477.0,-0.229,38.7
248,1478.0,0.002,0.0
249,1481.0,0.003,0.0
250,1483.0,-0.003,0.0
251,1485.0,-0.0,0.0
252,1486.0,-0.0,0.0
253,1491.0,-0.001,0.0
254,1495.0,-0.192,27.6
255,1498.0,-0.035,0.9
256,1500.0,-0.041,1.2
257,1505.0,-0.0,0.0
258,1503.0,0.0,0.0
259,1506.0,0.002,0.0
260,1520.0,-0.007,0.0
261,1523.0,-0.026,0.5
262,1521.0,-0.025,0.5
263,1543.0,-0.005,0.0
264,1563.0,-0.001,0.0
265,1561.0,-0.003,0.0
266,1571.0,-0.032,0.8
267,1604.0,-0.308,76.1
268,1575.0,-0.125,12.2
269,1615.0,-0.001,0.0
270,1584.0,-0.004,0.0
271,1619.0,-0.051,2.1
272,1591.0,0.003,0.0
273,1631.0,0.002,0.0
274,1607.0,0.031,0.8
275,1632.0,0.01,0.1
276,1625.0,0.284,65.5
277,1649.0,0.001,0.0
278,1711.0,0.001,0.0
279,1714.0,0.004,0.0
280,1742.0,0.001,0.0
281,1751.0,0.001,0.0
282,1760.0,-0.135,16.0
283,1752.0,-0.161,22.6
284,1783.0,0.123,13.5
285,1781.0,0.161,23.0
286,2385.0,0.01,0.1
287,2388.0,0.009,0.1
288,3033.0,0.009,0.1
289,3024.0,0.008,0.1
290,3042.0,0.0,0.0
291,3035.0,0.0,0.0
292,3045.0,-0.011,0.2
293,3039.0,-0.011,0.2
294,3095.0,-0.0,0.0
295,3081.0,-0.0,0.0
296,3099.0,0.0,0.0
297,3086.0,0.0,0.0
298,3103.0,0.0,0.0
299,3093.0,0.0,0.0
300,3106.0,-0.012,0.2
301,3096.0,-0.011,0.2
302,3119.0,-0.003,0.0
303,3113.0,-0.005,0.0
304,3135.0,0.0,0.0
305,3133.0,0.0,0.0
306,3146.0,0.008,0.1
307,3143.0,0.007,0.1
308,3205.0,-0.001,0.0
309,3194.0,-0.001,0.0
310,3205.0,-0.0,0.0
311,3195.0,-0.0,0.0
312,3210.0,0.001,0.0
313,3201.0,0.001,0.0
314,3210.0,-0.001,0.0
315,3202.0,-0.001,0.0
316,3217.0,-0.0,0.0
317,3209.0,-0.0,0.0
318,3217.0,-0.0,0.0
319,3209.0,-0.0,0.0
320,3229.0,0.003,0.0
321,3219.0,0.006,0.1
