,Frequencies,Displacement,Reorg Energy
0,-0.0,0.0,-0.0
1,-0.0,0.0,-0.0
2,-0.0,-0.0,-0.0
3,-0.0,-0.0,-0.0
4,-0.0,0.0,-0.0
5,0.0,0.0,0.0
6,0.0,-0.0,0.0
7,0.0,-0.0,0.0
8,0.0,-0.0,0.0
9,0.0,-0.0,0.0
10,0.0,0.0,0.0
11,0.0,0.0,0.0
12,11.0,-0.904,4.5
13,9.0,-0.867,3.5
14,21.0,-0.569,3.3
15,21.0,-1.117,12.9
16,22.0,1.571,26.6
17,21.0,0.141,0.2
18,31.0,-0.676,7.2
19,30.0,-0.534,4.3
20,34.0,-1.419,33.9
21,42.0,-1.655,58.0
22,52.0,-0.032,0.0
23,55.0,-0.14,0.5
24,58.0,-0.212,1.3
25,58.0,-0.063,0.1
26,71.0,-1.546,84.8
27,73.0,-0.077,0.2
28,75.0,0.2,1.5
29,76.0,1.318,66.3
30,76.0,-0.806,24.5
31,88.0,-0.579,14.8
32,88.0,-0.258,2.9
33,100.0,-0.289,4.1
34,95.0,-0.002,0.0
35,105.0,-0.094,0.5
36,105.0,0.337,6.0
37,107.0,1.543,127.4
38,122.0,0.246,3.7
39,131.0,0.013,0.0
40,127.0,-1.5,143.3
41,145.0,-3.139,714.1
42,153.0,0.054,0.2
43,168.0,0.045,0.2
44,164.0,-0.011,0.0
45,170.0,-0.1,0.8
46,179.0,-0.168,2.5
47,180.0,-0.019,0.0
48,185.0,-0.047,0.2
49,195.0,-0.107,1.1
50,199.0,-0.001,0.0
51,210.0,-0.427,19.2
52,213.0,0.093,0.9
53,213.0,0.233,5.8
54,222.0,-0.09,0.9
55,231.0,-0.63,45.8
56,235.0,0.03,0.1
57,235.0,0.165,3.2
58,238.0,0.046,0.3
59,236.0,0.411,20.0
60,241.0,0.004,0.0
61,244.0,0.197,4.7
62,264.0,-0.039,0.2
63,261.0,-0.017,0.0
64,280.0,-0.071,0.7
65,280.0,-0.146,3.0
66,292.0,0.26,9.9
67,297.0,0.218,7.1
68,312.0,-0.053,0.4
69,297.0,-0.549,44.9
70,325.0,-0.04,0.3
71,331.0,-0.084,1.2
72,335.0,0.075,1.0
73,341.0,0.115,2.3
74,359.0,0.017,0.1
75,368.0,0.066,0.8
76,373.0,-0.509,48.3
77,377.0,-0.477,43.0
78,389.0,0.148,4.3
79,386.0,0.006,0.0
80,394.0,-0.129,3.3
81,390.0,-0.367,26.3
82,401.0,0.127,3.2
83,395.0,0.155,4.8
84,413.0,-0.015,0.0
85,401.0,-0.357,25.5
86,415.0,0.086,1.5
87,417.0,0.093,1.8
88,429.0,-0.492,51.9
89,422.0,-0.955,192.4
90,433.0,-0.178,6.9
91,434.0,-0.226,11.1
92,435.0,0.231,11.6
93,435.0,0.75,122.5
94,437.0,0.096,2.0
95,443.0,0.134,4.0
96,441.0,-0.031,0.2
97,448.0,-0.008,0.0
98,447.0,0.064,0.9
99,453.0,0.011,0.0
100,466.0,-0.298,20.6
101,458.0,-0.706,114.2
102,472.0,0.019,0.1
103,473.0,0.053,0.7
104,479.0,-0.042,0.4
105,486.0,-0.03,0.2
106,480.0,-0.267,17.2
107,496.0,-0.362,32.5
108,505.0,0.104,2.7
109,502.0,0.039,0.4
110,508.0,0.371,34.9
111,512.0,0.023,0.1
112,518.0,-0.292,22.1
113,514.0,-0.083,1.8
114,527.0,0.065,1.1
115,516.0,0.075,1.5
116,549.0,-0.629,108.6
117,543.0,-0.56,84.9
118,562.0,0.005,0.0
119,563.0,0.038,0.4
120,575.0,0.013,0.0
121,579.0,0.009,0.0
122,581.0,-0.036,0.4
123,582.0,-0.086,2.1
124,587.0,-0.017,0.1
125,592.0,-0.022,0.1
126,617.0,0.004,0.0
127,608.0,0.007,0.0
128,618.0,-0.014,0.1
129,623.0,-0.062,1.2
130,622.0,0.058,1.0
131,624.0,0.013,0.1
132,636.0,-0.099,3.1
133,628.0,-0.032,0.3
134,640.0,-0.034,0.4
135,632.0,-0.145,6.7
136,649.0,0.021,0.1
137,660.0,0.03,0.3
138,665.0,-0.047,0.7
139,667.0,-0.089,2.6
140,691.0,0.002,0.0
141,679.0,0.002,0.0
142,709.0,-0.03,0.3
143,709.0,-0.05,0.9
144,712.0,-0.018,0.1
145,713.0,-0.03,0.3
146,718.0,0.053,1.0
147,728.0,0.139,7.0
148,720.0,-0.01,0.0
149,740.0,-0.009,0.0
150,730.0,-0.004,0.0
151,744.0,-0.04,0.6
152,743.0,0.02,0.1
153,747.0,0.0,0.0
154,748.0,-0.165,10.2
155,756.0,-0.146,8.0
156,758.0,-0.088,3.0
157,761.0,-0.026,0.2
158,769.0,-0.085,2.8
159,769.0,-0.1,3.8
160,777.0,0.007,0.0
161,786.0,0.022,0.2
162,783.0,-0.013,0.1
163,797.0,-0.01,0.0
164,792.0,-0.013,0.1
165,798.0,-0.026,0.3
166,802.0,-0.031,0.4
167,803.0,-0.051,1.1
168,812.0,0.156,9.9
169,809.0,0.092,3.5
170,819.0,0.203,16.8
171,816.0,0.043,0.8
172,825.0,0.138,7.9
173,820.0,0.032,0.4
174,833.0,0.153,9.7
175,822.0,0.192,15.2
176,845.0,0.128,6.9
177,827.0,0.006,0.0
178,850.0,-0.313,41.7
179,833.0,-0.021,0.2
180,857.0,-0.078,2.6
181,837.0,-0.229,21.9
182,869.0,-0.012,0.1
183,841.0,-0.015,0.1
184,870.0,-0.008,0.0
185,842.0,-0.001,0.0
186,873.0,-0.041,0.7
187,860.0,-0.501,107.9
188,875.0,0.001,0.0
189,862.0,0.194,16.3
190,905.0,0.085,3.3
191,902.0,0.099,4.4
192,921.0,0.075,2.6
193,929.0,0.151,10.6
194,948.0,-0.0,0.0
195,944.0,-0.001,0.0
196,949.0,-0.003,0.0
197,956.0,-0.0,0.0
198,958.0,0.0,0.0
199,956.0,0.003,0.0
200,967.0,-0.035,0.6
201,971.0,-0.032,0.5
202,975.0,0.025,0.3
203,971.0,0.008,0.0
204,978.0,-0.021,0.2
205,974.0,-0.004,0.0
206,983.0,-0.011,0.1
207,980.0,-0.001,0.0
208,996.0,0.009,0.0
209,981.0,0.027,0.4
210,1005.0,-0.008,0.0
211,984.0,-0.062,1.9
212,1006.0,0.003,0.0
213,985.0,0.01,0.1
214,1008.0,0.003,0.0
215,988.0,0.001,0.0
216,1014.0,-0.008,0.0
217,996.0,-0.001,0.0
218,1016.0,-0.004,0.0
219,1003.0,-0.001,0.0
220,1018.0,0.0,0.0
221,1009.0,0.034,0.6
222,1021.0,-0.055,1.5
223,1010.0,-0.038,0.7
224,1030.0,0.012,0.1
225,1020.0,0.104,5.6
226,1051.0,0.021,0.2
227,1025.0,0.002,0.0
228,1064.0,-0.044,1.0
229,1047.0,-0.034,0.6
230,1084.0,-0.207,23.2
231,1068.0,-0.032,0.6
232,1103.0,0.052,1.5
233,1077.0,0.04,0.9
234,1114.0,0.001,0.0
235,1094.0,0.09,4.4
236,1145.0,0.019,0.2
237,1119.0,0.001,0.0
238,1156.0,0.001,0.0
239,1145.0,0.397,90.0
240,1157.0,-0.148,12.7
241,1147.0,-0.045,1.1
242,1158.0,-0.061,2.2
243,1155.0,-0.0,0.0
244,1167.0,0.083,4.0
245,1164.0,0.008,0.0
246,1168.0,-0.05,1.4
247,1171.0,-0.001,0.0
248,1187.0,0.001,0.0
249,1175.0,0.014,0.1
250,1191.0,0.018,0.2
251,1189.0,0.016,0.2
252,1195.0,0.026,0.4
253,1190.0,0.003,0.0
254,1205.0,0.27,43.8
255,1200.0,0.012,0.1
256,1209.0,0.025,0.4
257,1205.0,0.03,0.5
258,1210.0,0.076,3.5
259,1210.0,0.043,1.1
260,1213.0,0.016,0.2
261,1227.0,0.029,0.5
262,1223.0,0.015,0.1
263,1235.0,0.227,31.9
264,1238.0,-0.018,0.2
265,1236.0,-0.041,1.0
266,1258.0,0.015,0.2
267,1247.0,0.025,0.4
268,1262.0,-0.06,2.2
269,1264.0,-0.033,0.7
270,1278.0,0.013,0.1
271,1283.0,0.505,163.6
272,1288.0,-0.244,38.3
273,1291.0,-0.327,68.9
274,1298.0,-0.01,0.1
275,1295.0,-0.011,0.1
276,1313.0,0.44,127.0
277,1301.0,0.098,6.2
278,1320.0,-0.255,42.9
279,1317.0,-0.029,0.6
280,1323.0,0.015,0.1
281,1330.0,0.131,11.4
282,1339.0,-0.344,79.3
283,1340.0,-0.001,0.0
284,1340.0,-0.333,74.1
285,1350.0,-0.332,74.4
286,1344.0,0.024,0.4
287,1353.0,0.0,0.0
288,1352.0,0.026,0.4
289,1360.0,0.016,0.2
290,1366.0,-0.003,0.0
291,1363.0,-0.036,0.9
292,1371.0,-0.576,227.8
293,1368.0,-0.002,0.0
294,1376.0,-0.047,1.5
295,1371.0,-0.526,189.5
296,1378.0,-0.001,0.0
297,1384.0,-0.001,0.0
298,1388.0,0.042,1.2
299,1393.0,0.009,0.1
300,1405.0,-0.0,0.0
301,1395.0,-0.003,0.0
302,1410.0,-0.231,37.8
303,1398.0,-0.0,0.0
304,1413.0,0.234,38.6
305,1412.0,0.083,4.8
306,1423.0,0.066,3.1
307,1425.0,0.013,0.1
308,1441.0,-0.091,6.0
309,1438.0,-0.136,13.4
310,1445.0,0.004,0.0
311,1458.0,0.005,0.0
312,1454.0,-0.024,0.4
313,1461.0,-0.004,0.0
314,1483.0,-0.001,0.0
315,1471.0,-0.008,0.1
316,1485.0,0.06,2.6
317,1479.0,0.011,0.1
318,1486.0,0.022,0.4
319,1483.0,0.054,2.2
320,1486.0,-0.0,0.0
321,1484.0,-0.0,0.0
322,1494.0,-0.026,0.5
323,1490.0,-0.009,0.1
324,1500.0,0.027,0.5
325,1496.0,0.029,0.6
326,1504.0,0.001,0.0
327,1499.0,0.0,0.0
328,1509.0,-0.101,7.7
329,1501.0,-0.121,11.0
330,1521.0,0.026,0.5
331,1507.0,0.0,0.0
332,1532.0,0.029,0.6
333,1524.0,0.038,1.1
334,1539.0,0.098,7.4
335,1525.0,0.041,1.3
336,1561.0,0.018,0.2
337,1536.0,0.028,0.6
338,1564.0,-0.02,0.3
339,1558.0,-0.126,12.3
340,1575.0,0.002,0.0
341,1575.0,0.114,10.3
342,1584.0,0.127,12.8
343,1576.0,0.001,0.0
344,1588.0,-0.019,0.3
345,1581.0,-0.017,0.2
346,1603.0,-0.006,0.0
347,1591.0,-0.021,0.3
348,1612.0,-0.307,75.7
349,1612.0,-0.062,3.1
350,1612.0,0.331,88.1
351,1614.0,0.001,0.0
352,1615.0,-0.0,0.0
353,1619.0,-0.366,108.5
354,1627.0,-0.132,14.2
355,1632.0,-0.346,97.5
356,1631.0,0.324,85.6
357,1659.0,0.305,77.4
358,1715.0,-0.001,0.0
359,1684.0,-0.006,0.0
360,1728.0,-0.022,0.4
361,1706.0,-0.005,0.0
362,1759.0,-0.203,36.4
363,1719.0,-0.188,30.4
364,1763.0,0.22,42.5
365,1750.0,0.652,372.0
366,3041.0,-0.0,0.0
367,3029.0,-0.0,0.0
368,3044.0,-0.015,0.3
369,3034.0,-0.019,0.5
370,3100.0,-0.0,0.0
371,3087.0,-0.0,0.0
372,3104.0,0.015,0.3
373,3090.0,0.015,0.4
374,3117.0,-0.006,0.0
375,3109.0,-0.009,0.1
376,3135.0,-0.0,0.0
377,3132.0,-0.0,0.0
378,3146.0,0.009,0.1
379,3141.0,0.009,0.1
380,3178.0,-0.003,0.0
381,3186.0,-0.002,0.0
382,3184.0,0.001,0.0
383,3192.0,0.001,0.0
384,3191.0,0.009,0.1
385,3192.0,0.0,0.0
386,3195.0,0.005,0.0
387,3194.0,0.0,0.0
388,3198.0,-0.015,0.3
389,3198.0,-0.001,0.0
390,3201.0,0.002,0.0
391,3199.0,0.0,0.0
392,3202.0,-0.001,0.0
393,3202.0,-0.003,0.0
394,3203.0,0.0,0.0
395,3206.0,0.0,0.0
396,3204.0,0.001,0.0
397,3208.0,0.006,0.1
398,3208.0,-0.0,0.0
399,3208.0,-0.003,0.0
400,3208.0,-0.001,0.0
401,3208.0,-0.003,0.0
402,3212.0,-0.026,1.1
403,3217.0,-0.0,0.0
404,3215.0,-0.001,0.0
405,3218.0,-0.021,0.7
406,3215.0,0.003,0.0
407,3223.0,0.001,0.0
408,3218.0,0.026,1.1
409,3223.0,0.004,0.0
410,3226.0,0.001,0.0
411,3265.0,0.011,0.2
