,Frequencies,Displacement,Reorg Energy
0,-0.0,-0.0,-0.0
1,-0.0,-0.0,-0.0
2,-0.0,-0.0,-0.0
3,-0.0,-0.0,-0.0
4,-0.0,-0.0,-0.0
5,-0.0,-0.0,-0.0
6,0.0,-0.0,0.0
7,0.0,-0.0,0.0
8,0.0,-0.0,0.0
9,0.0,-0.0,0.0
10,0.0,-0.0,0.0
11,0.0,-0.0,0.0
12,21.0,-0.013,0.0
13,25.0,-0.014,0.0
14,27.0,0.01,0.0
15,29.0,0.012,0.0
16,52.0,-0.012,0.0
17,54.0,-0.006,0.0
18,58.0,-0.013,0.0
19,57.0,-0.015,0.0
20,78.0,-0.004,0.0
21,79.0,-0.003,0.0
22,88.0,-0.002,0.0
23,91.0,-0.002,0.0
24,99.0,-0.003,0.0
25,98.0,-0.002,0.0
26,113.0,0.057,0.2
27,110.0,0.055,0.2
28,142.0,-0.002,0.0
29,147.0,-0.002,0.0
30,163.0,0.005,0.0
31,168.0,0.004,0.0
32,187.0,0.005,0.0
33,186.0,0.004,0.0
34,188.0,-0.014,0.0
35,190.0,-0.54,27.7
36,191.0,0.566,30.6
37,201.0,0.002,0.0
38,209.0,0.488,24.8
39,208.0,0.522,28.4
40,219.0,-0.0,0.0
41,213.0,-0.0,0.0
42,235.0,0.022,0.1
43,235.0,0.001,0.0
44,236.0,-0.039,0.2
45,236.0,-0.05,0.3
46,272.0,0.0,0.0
47,257.0,0.0,0.0
48,279.0,0.147,3.0
49,278.0,0.142,2.8
50,291.0,-0.303,13.4
51,291.0,-0.308,13.8
52,315.0,-0.0,0.0
53,303.0,-0.0,0.0
54,347.0,-0.0,0.0
55,325.0,-0.001,0.0
56,356.0,-0.008,0.0
57,349.0,-0.009,0.0
58,379.0,0.069,0.9
59,377.0,0.071,0.9
60,391.0,-0.008,0.0
61,389.0,-0.008,0.0
62,426.0,-0.103,2.2
63,418.0,-0.0,0.0
64,430.0,-0.033,0.2
65,423.0,-0.109,2.5
66,436.0,-0.008,0.0
67,433.0,-0.021,0.1
68,439.0,0.027,0.2
69,436.0,0.008,0.0
70,447.0,-0.0,0.0
71,439.0,-0.014,0.0
72,448.0,0.0,0.0
73,447.0,0.0,0.0
74,473.0,-0.001,0.0
75,475.0,-0.147,5.1
76,478.0,0.139,4.6
77,483.0,0.0,0.0
78,480.0,-0.0,0.0
79,488.0,-0.054,0.7
80,491.0,0.041,0.4
81,494.0,0.0,0.0
82,517.0,-0.01,0.0
83,507.0,-0.0,0.0
84,536.0,-0.0,0.0
85,514.0,-0.01,0.0
86,547.0,0.36,35.4
87,545.0,0.375,38.3
88,577.0,-0.015,0.1
89,560.0,-0.0,0.0
90,581.0,-0.291,24.6
91,573.0,-0.017,0.1
92,582.0,-0.004,0.0
93,576.0,-0.271,21.2
94,620.0,0.017,0.1
95,606.0,0.0,0.0
96,632.0,0.0,0.0
97,612.0,0.017,0.1
98,645.0,-0.0,0.0
99,626.0,-0.0,0.0
100,661.0,0.13,5.6
101,653.0,0.0,0.0
102,667.0,0.0,0.0
103,656.0,0.139,6.3
104,694.0,0.01,0.0
105,676.0,0.0,0.0
106,709.0,0.0,0.0
107,690.0,0.011,0.0
108,717.0,-0.02,0.1
109,690.0,-0.0,0.0
110,739.0,-0.126,5.8
111,712.0,-0.011,0.0
112,744.0,-0.0,0.0
113,729.0,-0.0,0.0
114,759.0,-0.0,0.0
115,737.0,-0.124,5.6
116,765.0,-0.0,0.0
117,754.0,-0.0,0.0
118,775.0,-0.02,0.1
119,761.0,-0.0,0.0
120,777.0,0.001,0.0
121,764.0,0.001,0.0
122,786.0,-0.0,0.0
123,770.0,-0.019,0.1
124,806.0,0.058,1.4
125,778.0,0.0,0.0
126,808.0,0.0,0.0
127,802.0,0.056,1.3
128,824.0,-0.071,2.1
129,814.0,-0.001,0.0
130,845.0,0.036,0.5
131,815.0,0.0,0.0
132,865.0,0.001,0.0
133,821.0,0.08,2.6
134,866.0,-0.0,0.0
135,831.0,-0.0,0.0
136,871.0,0.0,0.0
137,834.0,0.0,0.0
138,873.0,0.0,0.0
139,845.0,0.024,0.2
140,873.0,0.018,0.1
141,863.0,0.017,0.1
142,923.0,0.062,1.8
143,913.0,0.044,0.9
144,946.0,0.0,0.0
145,927.0,0.037,0.6
146,957.0,-0.0,0.0
147,945.0,-0.0,0.0
148,961.0,-0.004,0.0
149,957.0,-0.0,0.0
150,979.0,-0.039,0.8
151,974.0,-0.004,0.0
152,993.0,0.0,0.0
153,975.0,0.038,0.7
154,997.0,0.0,0.0
155,976.0,0.0,0.0
156,1001.0,0.0,0.0
157,988.0,0.0,0.0
158,1006.0,0.0,0.0
159,988.0,0.0,0.0
160,1057.0,-0.012,0.1
161,1053.0,-0.006,0.0
162,1082.0,0.125,8.4
163,1083.0,0.046,1.1
164,1101.0,0.018,0.2
165,1094.0,0.012,0.1
166,1127.0,0.001,0.0
167,1121.0,0.002,0.0
168,1152.0,-0.004,0.0
169,1152.0,-0.003,0.0
170,1156.0,-0.0,0.0
171,1155.0,-0.0,0.0
172,1171.0,0.011,0.1
173,1160.0,0.004,0.0
174,1194.0,-0.037,0.8
175,1176.0,-0.006,0.0
176,1203.0,0.044,1.2
177,1186.0,0.034,0.7
178,1204.0,-0.072,3.2
179,1196.0,-0.01,0.1
180,1210.0,-0.002,0.0
181,1200.0,-0.008,0.0
182,1218.0,0.004,0.0
183,1206.0,0.117,8.2
184,1225.0,0.044,1.2
185,1224.0,0.1,6.2
186,1241.0,-0.006,0.0
187,1233.0,-0.017,0.2
188,1259.0,-0.008,0.0
189,1243.0,-0.007,0.0
190,1277.0,-0.009,0.0
191,1264.0,-0.001,0.0
192,1301.0,-0.165,17.7
193,1296.0,-0.6,233.3
194,1316.0,0.003,0.0
195,1311.0,0.328,70.5
196,1325.0,0.638,269.7
197,1318.0,0.006,0.0
198,1337.0,0.001,0.0
199,1349.0,0.0,0.0
200,1353.0,0.01,0.1
201,1356.0,0.018,0.2
202,1369.0,0.005,0.0
203,1364.0,0.003,0.0
204,1375.0,-0.086,5.1
205,1382.0,-0.022,0.3
206,1382.0,-0.0,0.0
207,1382.0,-0.274,51.8
208,1389.0,-0.345,82.5
209,1392.0,-0.093,6.0
210,1401.0,0.0,0.0
211,1400.0,0.0,0.0
212,1406.0,0.327,75.1
213,1401.0,0.01,0.1
214,1417.0,0.004,0.0
215,1413.0,0.009,0.1
216,1419.0,-0.001,0.0
217,1416.0,-0.024,0.4
218,1428.0,-0.055,2.2
219,1430.0,-0.246,43.2
220,1437.0,0.014,0.1
221,1440.0,0.145,15.0
222,1454.0,-0.022,0.3
223,1441.0,-0.041,1.2
224,1475.0,-0.219,35.5
225,1460.0,-0.005,0.0
226,1485.0,-0.0,0.0
227,1467.0,-0.0,0.0
228,1490.0,0.001,0.0
229,1485.0,0.0,0.0
230,1498.0,-0.008,0.1
231,1490.0,-0.194,27.9
232,1505.0,-0.002,0.0
233,1498.0,-0.022,0.4
234,1505.0,-0.0,0.0
235,1505.0,-0.0,0.0
236,1523.0,-0.0,0.0
237,1512.0,-0.0,0.0
238,1543.0,0.0,0.0
239,1522.0,0.0,0.0
240,1560.0,0.001,0.0
241,1547.0,0.003,0.0
242,1603.0,-0.513,211.1
243,1557.0,-0.119,11.0
244,1615.0,-0.103,8.6
245,1568.0,-0.001,0.0
246,1623.0,-0.298,71.9
247,1579.0,-0.002,0.0
248,1631.0,0.002,0.0
249,1598.0,0.0,0.0
250,1632.0,0.023,0.4
251,1598.0,0.026,0.5
252,1648.0,-0.001,0.0
253,1622.0,-0.618,310.1
254,1714.0,-0.0,0.0
255,1686.0,-0.0,0.0
256,1752.0,0.028,0.7
257,1725.0,0.046,1.8
258,1767.0,-0.0,0.0
259,1743.0,-0.001,0.0
260,1770.0,-0.034,1.0
261,1745.0,-0.063,3.4
262,3035.0,-0.0,0.0
263,3034.0,-0.0,0.0
264,3039.0,-0.001,0.0
265,3038.0,-0.001,0.0
266,3093.0,0.0,0.0
267,3092.0,0.0,0.0
268,3096.0,-0.001,0.0
269,3095.0,-0.001,0.0
270,3113.0,-0.001,0.0
271,3112.0,-0.001,0.0
272,3133.0,0.0,0.0
273,3132.0,0.0,0.0
274,3144.0,-0.0,0.0
275,3143.0,-0.0,0.0
276,3194.0,0.002,0.0
277,3197.0,0.002,0.0
278,3194.0,-0.001,0.0
279,3198.0,-0.0,0.0
280,3200.0,0.004,0.0
281,3204.0,0.002,0.0
282,3200.0,-0.002,0.0
283,3204.0,-0.004,0.0
284,3208.0,-0.001,0.0
285,3212.0,-0.001,0.0
286,3208.0,0.001,0.0
287,3212.0,0.0,0.0
288,3219.0,0.008,0.1
289,3225.0,0.002,0.0
290,3219.0,-0.011,0.2
291,3225.0,-0.009,0.1
