,Frequencies,Displacement,Reorg Energy
0,-0.0,-0.0,-0.0
1,-0.0,-0.0,-0.0
2,-0.0,0.0,-0.0
3,-0.0,0.0,-0.0
4,-0.0,-0.0,-0.0
5,-0.0,-0.0,-0.0
6,0.0,0.0,0.0
7,-0.0,0.0,-0.0
8,0.0,-0.0,0.0
9,0.0,-0.0,0.0
10,0.0,-0.0,0.0
11,0.0,-0.0,0.0
12,11.0,-0.019,0.0
13,14.0,-0.022,0.0
14,23.0,0.004,0.0
15,25.0,0.007,0.0
16,29.0,0.02,0.0
17,31.0,0.016,0.0
18,50.0,0.027,0.0
19,49.0,0.04,0.0
20,54.0,-0.005,0.0
21,56.0,-0.005,0.0
22,58.0,0.008,0.0
23,60.0,0.008,0.0
24,73.0,0.001,0.0
25,70.0,0.003,0.0
26,77.0,-0.004,0.0
27,86.0,-0.003,0.0
28,88.0,-0.002,0.0
29,90.0,-0.004,0.0
30,96.0,-0.003,0.0
31,95.0,-0.001,0.0
32,103.0,-0.001,0.0
33,108.0,-0.003,0.0
34,111.0,0.043,0.1
35,111.0,0.044,0.1
36,161.0,0.014,0.0
37,164.0,0.714,41.8
38,164.0,0.724,43.1
39,166.0,0.016,0.0
40,169.0,-0.0,0.0
41,171.0,-0.008,0.0
42,178.0,-0.0,0.0
43,189.0,-0.006,0.0
44,189.0,-0.327,10.1
45,190.0,-0.323,9.9
46,195.0,0.001,0.0
47,197.0,0.002,0.0
48,212.0,0.002,0.0
49,212.0,0.0,0.0
50,228.0,0.281,9.0
51,227.0,0.269,8.2
52,235.0,-0.01,0.0
53,235.0,-0.013,0.0
54,239.0,-0.085,0.9
55,238.0,-0.092,1.0
56,241.0,0.002,0.0
57,243.0,0.001,0.0
58,257.0,-0.001,0.0
59,263.0,-0.617,50.2
60,263.0,-0.595,46.5
61,264.0,-0.005,0.0
62,283.0,0.001,0.0
63,273.0,0.001,0.0
64,295.0,0.0,0.0
65,298.0,0.15,3.4
66,298.0,0.164,4.0
67,301.0,0.0,0.0
68,311.0,-0.208,6.7
69,311.0,-0.25,9.7
70,340.0,-0.0,0.0
71,342.0,-0.0,0.0
72,363.0,0.176,5.6
73,362.0,0.177,5.7
74,390.0,0.003,0.0
75,393.0,0.124,3.0
76,394.0,-0.124,3.0
77,401.0,-0.282,16.0
78,402.0,-0.081,1.3
79,410.0,-0.115,2.7
80,415.0,-0.172,6.1
81,418.0,-0.001,0.0
82,418.0,-0.0,0.0
83,425.0,-0.004,0.0
84,435.0,0.319,22.1
85,436.0,0.184,7.4
86,442.0,0.131,3.8
87,445.0,0.006,0.0
88,451.0,0.113,2.9
89,446.0,0.139,4.3
90,453.0,0.011,0.0
91,454.0,0.002,0.0
92,454.0,-0.799,144.9
93,466.0,-0.502,58.8
94,472.0,0.023,0.1
95,477.0,0.265,16.7
96,493.0,-0.411,41.7
97,495.0,-0.408,41.2
98,499.0,0.155,6.0
99,504.0,0.0,0.0
100,501.0,-0.003,0.0
101,508.0,-0.53,71.2
102,514.0,-0.0,0.0
103,513.0,-0.0,0.0
104,516.0,-0.0,0.0
105,517.0,-0.001,0.0
106,538.0,0.092,2.3
107,538.0,0.214,12.3
108,553.0,-0.148,6.0
109,556.0,-0.214,12.8
110,579.0,0.007,0.0
111,580.0,0.001,0.0
112,582.0,0.079,1.8
113,583.0,0.113,3.7
114,590.0,0.001,0.0
115,589.0,0.001,0.0
116,623.0,0.001,0.0
117,623.0,0.001,0.0
118,625.0,0.002,0.0
119,625.0,0.008,0.0
120,642.0,0.035,0.4
121,646.0,0.048,0.8
122,663.0,-0.0,0.0
123,652.0,-0.0,0.0
124,669.0,0.001,0.0
125,664.0,0.001,0.0
126,712.0,-0.081,2.3
127,712.0,-0.109,4.2
128,716.0,0.041,0.6
129,721.0,0.048,0.8
130,729.0,-0.067,1.6
131,730.0,-0.118,5.1
132,748.0,-0.001,0.0
133,744.0,-0.002,0.0
134,758.0,0.001,0.0
135,747.0,0.001,0.0
136,767.0,-0.002,0.0
137,750.0,-0.002,0.0
138,773.0,-0.0,0.0
139,764.0,-0.002,0.0
140,787.0,-0.002,0.0
141,773.0,-0.002,0.0
142,801.0,0.074,2.2
143,792.0,0.001,0.0
144,808.0,0.035,0.5
145,804.0,0.055,1.2
146,817.0,0.0,0.0
147,808.0,0.001,0.0
148,818.0,-0.0,0.0
149,809.0,-0.0,0.0
150,823.0,-0.005,0.0
151,813.0,-0.059,1.4
152,827.0,0.0,0.0
153,817.0,0.0,0.0
154,831.0,-0.001,0.0
155,825.0,-0.016,0.1
156,834.0,0.001,0.0
157,827.0,0.0,0.0
158,846.0,-0.107,4.9
159,830.0,-0.001,0.0
160,853.0,-0.001,0.0
161,848.0,-0.108,4.9
162,897.0,0.127,7.3
163,902.0,0.105,4.9
164,915.0,-0.002,0.0
165,908.0,-0.0,0.0
166,917.0,-0.105,5.0
167,923.0,-0.143,9.4
168,929.0,-0.16,11.9
169,940.0,-0.177,14.7
170,940.0,0.127,7.6
171,942.0,0.003,0.0
172,944.0,-0.0,0.0
173,954.0,-0.0,0.0
174,956.0,0.0,0.0
175,960.0,0.028,0.4
176,963.0,-0.101,4.9
177,964.0,-0.0,0.0
178,974.0,0.0,0.0
179,968.0,0.0,0.0
180,978.0,0.0,0.0
181,975.0,0.001,0.0
182,980.0,0.042,0.8
183,977.0,0.0,0.0
184,987.0,0.0,0.0
185,981.0,0.0,0.0
186,989.0,-0.0,0.0
187,981.0,-0.002,0.0
188,990.0,0.0,0.0
189,1027.0,0.037,0.7
190,1035.0,0.0,0.0
191,1041.0,0.002,0.0
192,1042.0,-0.0,0.0
193,1060.0,-0.0,0.0
194,1050.0,-0.388,79.0
195,1067.0,-0.081,3.5
196,1070.0,-0.091,4.4
197,1077.0,-0.245,32.3
198,1095.0,-0.015,0.1
199,1089.0,-0.158,13.6
200,1120.0,-0.119,7.9
201,1097.0,-0.013,0.1
202,1134.0,0.325,59.9
203,1124.0,0.264,39.1
204,1150.0,0.002,0.0
205,1145.0,0.022,0.3
206,1155.0,-0.0,0.0
207,1154.0,-0.0,0.0
208,1166.0,0.046,1.3
209,1159.0,0.061,2.1
210,1175.0,-0.037,0.8
211,1174.0,-0.016,0.2
212,1191.0,0.058,2.0
213,1184.0,0.135,10.8
214,1202.0,-0.005,0.0
215,1190.0,-0.251,37.4
216,1217.0,0.044,1.2
217,1195.0,0.107,6.9
218,1228.0,0.067,2.8
219,1199.0,0.023,0.3
220,1232.0,-0.411,104.0
221,1224.0,-0.074,3.3
222,1236.0,-0.017,0.2
223,1232.0,-0.195,23.4
224,1250.0,0.056,1.9
225,1236.0,0.316,61.6
226,1259.0,-0.137,11.8
227,1245.0,-0.005,0.0
228,1279.0,0.205,26.8
229,1254.0,0.018,0.2
230,1290.0,-0.021,0.3
231,1283.0,-0.063,2.5
232,1298.0,-0.095,5.9
233,1295.0,-0.021,0.3
234,1303.0,-0.021,0.3
235,1303.0,-0.263,45.1
236,1312.0,0.081,4.3
237,1315.0,0.013,0.1
238,1328.0,0.372,92.0
239,1327.0,0.175,20.4
240,1337.0,0.144,13.8
241,1333.0,0.214,30.4
242,1360.0,-0.316,68.0
243,1343.0,-0.746,374.3
244,1363.0,-0.01,0.1
245,1355.0,-0.041,1.2
246,1371.0,0.281,54.3
247,1364.0,0.247,41.6
248,1372.0,0.504,174.0
249,1370.0,0.209,29.9
250,1384.0,-0.0,0.0
251,1383.0,-0.0,0.0
252,1392.0,0.018,0.2
253,1388.0,0.175,21.2
254,1394.0,-0.026,0.5
255,1391.0,-0.262,47.7
256,1398.0,-0.0,0.0
257,1393.0,-0.004,0.0
258,1398.0,0.016,0.2
259,1397.0,0.0,0.0
260,1401.0,-0.114,9.2
261,1406.0,-0.019,0.2
262,1413.0,-0.03,0.6
263,1411.0,-0.138,13.5
264,1427.0,-0.113,9.0
265,1422.0,-0.113,9.1
266,1440.0,0.129,11.9
267,1436.0,0.183,24.2
268,1462.0,0.195,27.7
269,1464.0,0.245,44.0
270,1463.0,0.003,0.0
271,1469.0,0.012,0.1
272,1475.0,-0.007,0.0
273,1474.0,-0.016,0.2
274,1482.0,0.143,15.2
275,1479.0,0.0,0.0
276,1484.0,0.038,1.1
277,1482.0,0.001,0.0
278,1484.0,0.001,0.0
279,1483.0,0.102,7.7
280,1486.0,0.041,1.2
281,1494.0,0.019,0.3
282,1497.0,-0.011,0.1
283,1494.0,-0.105,8.2
284,1507.0,0.0,0.0
285,1507.0,0.001,0.0
286,1524.0,0.013,0.1
287,1524.0,0.01,0.1
288,1547.0,-0.103,8.2
289,1529.0,-0.035,0.9
290,1556.0,0.119,10.9
291,1561.0,0.121,11.3
292,1568.0,0.059,2.7
293,1571.0,0.058,2.7
294,1576.0,-0.021,0.4
295,1577.0,-0.017,0.2
296,1589.0,-0.018,0.3
297,1592.0,-0.009,0.1
298,1610.0,0.069,3.9
299,1610.0,0.008,0.0
300,1616.0,-0.047,1.8
301,1616.0,-0.011,0.1
302,1621.0,0.191,29.5
303,1627.0,0.145,17.0
304,1635.0,0.159,20.5
305,1666.0,0.179,26.8
306,1671.0,-0.97,785.2
307,1666.0,-0.437,158.9
308,1686.0,0.019,0.3
309,1681.0,0.276,64.1
310,1723.0,-0.097,8.1
311,1702.0,-0.314,83.9
312,1801.0,0.232,48.5
313,1703.0,0.681,394.6
314,1824.0,0.091,7.5
315,1722.0,0.124,13.2
316,3008.0,-0.026,1.0
317,2992.0,-0.026,1.0
318,3030.0,0.0,0.0
319,3022.0,0.0,0.0
320,3035.0,0.01,0.2
321,3026.0,0.0,0.0
322,3045.0,0.0,0.0
323,3028.0,0.011,0.2
324,3088.0,0.0,0.0
325,3077.0,0.017,0.4
326,3091.0,0.008,0.1
327,3080.0,0.0,0.0
328,3110.0,0.005,0.0
329,3083.0,0.007,0.1
330,3118.0,0.022,0.7
331,3098.0,0.045,3.2
332,3132.0,-0.0,0.0
333,3104.0,-0.006,0.0
334,3142.0,-0.003,0.0
335,3120.0,-0.023,0.8
336,3142.0,0.045,3.1
337,3129.0,0.0,0.0
338,3159.0,-0.018,0.5
339,3139.0,-0.004,0.0
340,3167.0,0.02,0.6
341,3182.0,0.004,0.0
342,3194.0,0.002,0.0
343,3183.0,0.002,0.0
344,3195.0,-0.001,0.0
345,3191.0,-0.002,0.0
346,3199.0,0.003,0.0
347,3191.0,0.002,0.0
348,3200.0,-0.004,0.0
349,3200.0,-0.005,0.0
350,3210.0,0.001,0.0
351,3201.0,0.005,0.0
352,3210.0,-0.001,0.0
353,3201.0,-0.01,0.2
354,3226.0,0.008,0.1
355,3212.0,0.002,0.0
356,3226.0,0.013,0.3
357,3212.0,0.016,0.4
