,Frequencies,Displacement,Reorg Energy
0,-0.0,0.0,-0.0
1,-0.0,0.0,-0.0
2,-0.0,-0.0,-0.0
3,-0.0,-0.0,-0.0
4,-0.0,-0.0,-0.0
5,0.0,-0.0,0.0
6,-0.0,-0.0,-0.0
7,0.0,-0.0,0.0
8,0.0,-0.0,0.0
9,0.0,-0.0,0.0
10,0.0,0.0,0.0
11,0.0,0.0,0.0
12,11.0,15.666,1299.4
13,7.0,13.174,640.2
14,17.0,-0.748,4.7
15,16.0,-0.688,3.9
16,22.0,2.813,87.7
17,29.0,0.814,9.6
18,36.0,0.05,0.0
19,36.0,0.228,0.9
20,53.0,-0.115,0.3
21,53.0,-0.029,0.0
22,54.0,0.001,0.0
23,56.0,0.109,0.3
24,63.0,-0.001,0.0
25,63.0,-0.041,0.1
26,75.0,0.039,0.1
27,77.0,0.008,0.0
28,87.0,-0.029,0.0
29,90.0,-0.028,0.0
30,103.0,0.001,0.0
31,102.0,0.02,0.0
32,115.0,0.077,0.3
33,113.0,0.064,0.2
34,128.0,-0.022,0.0
35,130.0,-0.039,0.1
36,163.0,-0.756,46.6
37,163.0,-0.631,32.5
38,164.0,-0.04,0.1
39,168.0,-0.014,0.0
40,183.0,-0.006,0.0
41,184.0,-0.001,0.0
42,189.0,-0.001,0.0
43,196.0,-0.062,0.4
44,197.0,-0.103,1.0
45,198.0,-0.006,0.0
46,220.0,-0.007,0.0
47,213.0,-0.005,0.0
48,234.0,0.02,0.0
49,234.0,0.04,0.2
50,235.0,0.003,0.0
51,235.0,0.045,0.2
52,249.0,-0.132,2.2
53,249.0,-0.306,11.7
54,263.0,0.1,1.3
55,257.0,0.05,0.3
56,272.0,-0.02,0.1
57,262.0,-0.154,3.1
58,293.0,-0.044,0.3
59,293.0,-0.073,0.8
60,305.0,-0.359,19.7
61,303.0,-0.066,0.6
62,315.0,-0.034,0.2
63,306.0,-0.538,44.2
64,345.0,0.001,0.0
65,324.0,0.003,0.0
66,360.0,-0.015,0.0
67,352.0,-0.02,0.1
68,391.0,0.004,0.0
69,390.0,0.059,0.7
70,395.0,-0.022,0.1
71,392.0,-0.112,2.4
72,419.0,0.444,41.4
73,417.0,0.178,6.6
74,431.0,0.028,0.2
75,419.0,0.386,31.3
76,436.0,0.039,0.3
77,432.0,0.019,0.1
78,438.0,0.021,0.1
79,437.0,0.011,0.0
80,441.0,-0.005,0.0
81,439.0,-0.008,0.0
82,448.0,0.033,0.2
83,440.0,0.007,0.0
84,448.0,0.002,0.0
85,448.0,0.004,0.0
86,465.0,0.063,0.9
87,463.0,0.003,0.0
88,480.0,-0.167,6.7
89,478.0,-0.123,3.6
90,480.0,-0.0,0.0
91,487.0,-0.001,0.0
92,483.0,0.001,0.0
93,500.0,0.068,1.2
94,506.0,0.085,1.8
95,502.0,0.001,0.0
96,517.0,-0.017,0.1
97,506.0,-0.05,0.6
98,521.0,-0.018,0.1
99,515.0,-0.026,0.2
100,535.0,0.025,0.2
101,520.0,0.006,0.0
102,548.0,0.42,48.4
103,545.0,0.419,48.0
104,578.0,0.005,0.0
105,573.0,0.0,0.0
106,584.0,-0.216,13.6
107,574.0,-0.007,0.0
108,597.0,-0.003,0.0
109,578.0,-0.22,14.0
110,623.0,0.014,0.1
111,605.0,0.024,0.2
112,632.0,-0.006,0.0
113,615.0,-0.017,0.1
114,634.0,-0.014,0.1
115,631.0,-0.0,0.0
116,648.0,0.101,3.3
117,639.0,0.0,0.0
118,659.0,-0.002,0.0
119,645.0,-0.117,4.4
120,667.0,0.016,0.1
121,653.0,0.001,0.0
122,707.0,-0.002,0.0
123,677.0,-0.002,0.0
124,715.0,0.005,0.0
125,705.0,0.004,0.0
126,717.0,-0.004,0.0
127,707.0,-0.002,0.0
128,723.0,-0.084,2.5
129,707.0,-0.011,0.0
130,742.0,-0.001,0.0
131,712.0,-0.011,0.0
132,750.0,0.001,0.0
133,725.0,0.084,2.6
134,763.0,-0.09,3.1
135,753.0,-0.062,1.5
136,763.0,0.009,0.0
137,760.0,0.07,1.9
138,772.0,0.093,3.3
139,761.0,0.028,0.3
140,786.0,0.001,0.0
141,762.0,0.007,0.0
142,800.0,0.0,0.0
143,772.0,0.001,0.0
144,803.0,-0.015,0.1
145,800.0,-0.006,0.0
146,817.0,0.087,3.1
147,812.0,0.004,0.0
148,825.0,0.072,2.2
149,813.0,0.088,3.2
150,839.0,-0.003,0.0
151,815.0,-0.041,0.7
152,847.0,0.252,26.9
153,822.0,0.105,4.5
154,858.0,0.08,2.7
155,829.0,0.0,0.0
156,865.0,0.001,0.0
157,832.0,0.045,0.9
158,865.0,-0.015,0.1
159,836.0,-0.039,0.6
160,870.0,0.021,0.2
161,846.0,0.243,24.9
162,872.0,0.0,0.0
163,858.0,0.1,4.3
164,906.0,0.02,0.2
165,900.0,0.022,0.2
166,925.0,0.067,2.1
167,919.0,0.055,1.4
168,935.0,0.02,0.2
169,928.0,0.047,1.0
170,945.0,0.0,0.0
171,942.0,0.006,0.0
172,957.0,-0.001,0.0
173,945.0,-0.001,0.0
174,976.0,-0.106,5.5
175,957.0,-0.0,0.0
176,979.0,0.032,0.5
177,974.0,0.011,0.1
178,987.0,-0.018,0.2
179,976.0,-0.106,5.4
180,992.0,-0.012,0.1
181,976.0,-0.003,0.0
182,997.0,-0.003,0.0
183,978.0,-0.026,0.3
184,1001.0,0.012,0.1
185,988.0,0.009,0.0
186,1003.0,-0.005,0.0
187,988.0,-0.006,0.0
188,1006.0,-0.0,0.0
189,1002.0,-0.002,0.0
190,1021.0,0.005,0.0
191,1021.0,0.01,0.1
192,1048.0,-0.016,0.1
193,1048.0,-0.009,0.0
194,1063.0,0.015,0.1
195,1061.0,0.011,0.1
196,1081.0,0.129,9.0
197,1084.0,0.055,1.7
198,1100.0,0.002,0.0
199,1095.0,0.01,0.1
200,1101.0,-0.018,0.2
201,1100.0,-0.004,0.0
202,1150.0,0.011,0.1
203,1135.0,0.002,0.0
204,1155.0,0.001,0.0
205,1155.0,0.0,0.0
206,1161.0,-0.003,0.0
207,1157.0,-0.061,2.1
208,1166.0,-0.043,1.1
209,1164.0,-0.078,3.5
210,1172.0,0.009,0.1
211,1165.0,0.038,0.8
212,1183.0,0.001,0.0
213,1178.0,0.011,0.1
214,1194.0,0.025,0.4
215,1183.0,0.0,0.0
216,1196.0,0.013,0.1
217,1186.0,0.043,1.1
218,1201.0,-0.008,0.0
219,1195.0,-0.034,0.7
220,1211.0,0.006,0.0
221,1196.0,0.015,0.1
222,1220.0,0.073,3.3
223,1206.0,0.011,0.1
224,1222.0,-0.014,0.1
225,1224.0,-0.097,5.8
226,1241.0,0.007,0.0
227,1233.0,0.014,0.1
228,1251.0,-0.01,0.1
229,1242.0,-0.004,0.0
230,1258.0,0.035,0.8
231,1252.0,0.002,0.0
232,1269.0,0.007,0.0
233,1261.0,0.042,1.1
234,1309.0,0.26,44.1
235,1299.0,0.656,280.0
236,1316.0,-0.005,0.0
237,1316.0,-0.185,22.5
238,1326.0,-0.003,0.0
239,1319.0,-0.017,0.2
240,1326.0,0.605,242.5
241,1326.0,0.004,0.0
242,1337.0,-0.001,0.0
243,1348.0,-0.005,0.0
244,1348.0,0.001,0.0
245,1350.0,0.015,0.1
246,1356.0,-0.043,1.2
247,1359.0,-0.011,0.1
248,1369.0,-0.004,0.0
249,1366.0,-0.004,0.0
250,1375.0,0.058,2.3
251,1381.0,0.3,62.0
252,1382.0,0.0,0.0
253,1382.0,0.005,0.0
254,1386.0,0.313,68.0
255,1392.0,0.024,0.4
256,1400.0,0.0,0.0
257,1400.0,0.001,0.0
258,1407.0,0.372,97.6
259,1404.0,0.009,0.1
260,1417.0,-0.002,0.0
261,1416.0,-0.025,0.5
262,1429.0,-0.015,0.2
263,1431.0,-0.247,43.6
264,1437.0,0.012,0.1
265,1440.0,0.156,17.5
266,1455.0,0.016,0.2
267,1444.0,0.015,0.2
268,1477.0,0.234,40.6
269,1461.0,0.017,0.2
270,1485.0,0.0,0.0
271,1466.0,0.002,0.0
272,1485.0,0.001,0.0
273,1485.0,0.0,0.0
274,1491.0,0.002,0.0
275,1485.0,0.002,0.0
276,1498.0,-0.009,0.1
277,1492.0,-0.202,30.6
278,1505.0,-0.0,0.0
279,1497.0,-0.031,0.7
280,1506.0,-0.002,0.0
281,1505.0,-0.0,0.0
282,1523.0,0.001,0.0
283,1511.0,0.0,0.0
284,1528.0,0.006,0.0
285,1523.0,0.001,0.0
286,1543.0,0.0,0.0
287,1527.0,0.005,0.0
288,1561.0,0.001,0.0
289,1546.0,0.003,0.0
290,1604.0,0.501,201.5
291,1555.0,0.094,6.8
292,1615.0,-0.06,3.0
293,1570.0,-0.002,0.0
294,1620.0,-0.322,84.0
295,1581.0,-0.002,0.0
296,1632.0,0.003,0.0
297,1599.0,0.002,0.0
298,1632.0,0.002,0.0
299,1599.0,0.017,0.2
300,1636.0,-0.001,0.0
301,1622.0,-0.625,316.8
302,1644.0,0.012,0.1
303,1636.0,0.003,0.0
304,1649.0,-0.001,0.0
305,1643.0,-0.002,0.0
306,1713.0,-0.0,0.0
307,1685.0,-0.0,0.0
308,1735.0,-0.0,0.0
309,1707.0,-0.001,0.0
310,1751.0,-0.026,0.6
311,1724.0,-0.043,1.6
312,1768.0,-0.04,1.4
313,1742.0,-0.082,5.9
314,3035.0,-0.0,0.0
315,3034.0,-0.0,0.0
316,3039.0,0.001,0.0
317,3038.0,0.001,0.0
318,3092.0,-0.0,0.0
319,3092.0,-0.0,0.0
320,3096.0,-0.001,0.0
321,3095.0,-0.001,0.0
322,3113.0,0.001,0.0
323,3112.0,0.001,0.0
324,3133.0,0.0,0.0
325,3133.0,0.001,0.0
326,3144.0,-0.0,0.0
327,3143.0,-0.0,0.0
328,3166.0,0.0,0.0
329,3165.0,0.003,0.0
330,3175.0,0.0,0.0
331,3175.0,0.0,0.0
332,3184.0,0.001,0.0
333,3184.0,0.008,0.1
334,3192.0,-0.0,0.0
335,3192.0,-0.0,0.0
336,3194.0,0.0,0.0
337,3197.0,0.007,0.1
338,3194.0,-0.0,0.0
339,3198.0,-0.0,0.0
340,3197.0,0.0,0.0
341,3198.0,0.0,0.0
342,3201.0,-0.003,0.0
343,3204.0,-0.001,0.0
344,3201.0,0.002,0.0
345,3205.0,0.004,0.0
346,3208.0,-0.0,0.0
347,3212.0,-0.0,0.0
348,3208.0,-0.0,0.0
349,3213.0,-0.0,0.0
350,3218.0,0.007,0.1
351,3224.0,0.002,0.0
