,Frequencies,Displacement,Reorg Energy
0,-0.0,-0.0,-0.0
1,-0.0,-0.0,-0.0
2,-0.0,-0.0,-0.0
3,-0.0,-0.0,-0.0
4,0.0,-0.0,0.0
5,-0.0,-0.0,-0.0
6,0.0,-0.0,0.0
7,0.0,-0.0,0.0
8,0.0,-0.0,0.0
9,0.0,-0.0,0.0
10,0.0,0.0,0.0
11,0.0,0.0,0.0
12,24.0,0.018,0.0
13,25.0,0.019,0.0
14,27.0,0.012,0.0
15,29.0,0.014,0.0
16,56.0,-0.0,0.0
17,54.0,-0.001,0.0
18,60.0,-0.016,0.0
19,57.0,-0.014,0.0
20,85.0,0.001,0.0
21,79.0,0.001,0.0
22,94.0,0.002,0.0
23,91.0,0.003,0.0
24,100.0,-0.008,0.0
25,98.0,-0.007,0.0
26,115.0,0.021,0.0
27,110.0,0.02,0.0
28,151.0,0.0,0.0
29,147.0,0.0,0.0
30,170.0,0.007,0.0
31,168.0,0.008,0.0
32,193.0,0.127,1.6
33,186.0,0.003,0.0
34,197.0,0.002,0.0
35,190.0,0.112,1.2
36,201.0,-0.002,0.0
37,201.0,-0.001,0.0
38,210.0,-0.164,2.8
39,208.0,-0.172,3.1
40,216.0,0.001,0.0
41,213.0,0.002,0.0
42,234.0,-0.074,0.6
43,235.0,-0.003,0.0
44,235.0,-0.054,0.3
45,236.0,-0.087,0.9
46,266.0,0.0,0.0
47,257.0,0.0,0.0
48,281.0,-0.151,3.2
49,278.0,-0.154,3.3
50,292.0,-0.407,24.2
51,291.0,-0.412,24.7
52,302.0,-0.001,0.0
53,303.0,-0.0,0.0
54,344.0,0.001,0.0
55,325.0,0.001,0.0
56,355.0,0.046,0.4
57,349.0,0.04,0.3
58,376.0,-0.222,9.3
59,377.0,-0.218,8.9
60,392.0,0.017,0.1
61,389.0,0.015,0.0
62,419.0,0.0,0.0
63,418.0,0.002,0.0
64,425.0,-0.345,25.3
65,423.0,-0.363,27.9
66,437.0,-0.16,5.6
67,433.0,-0.147,4.7
68,441.0,-0.241,12.8
69,436.0,-0.207,9.4
70,444.0,0.077,1.3
71,439.0,0.136,4.1
72,454.0,-0.001,0.0
73,447.0,-0.003,0.0
74,475.0,0.132,4.2
75,475.0,0.102,2.5
76,490.0,-0.129,4.1
77,483.0,-0.0,0.0
78,504.0,-0.0,0.0
79,488.0,-0.123,3.7
80,511.0,-0.001,0.0
81,494.0,-0.001,0.0
82,512.0,0.028,0.2
83,507.0,0.0,0.0
84,519.0,-0.0,0.0
85,514.0,-0.028,0.2
86,544.0,0.138,5.2
87,545.0,0.143,5.6
88,579.0,0.012,0.0
89,560.0,0.001,0.0
90,581.0,-0.229,15.2
91,573.0,-0.014,0.1
92,581.0,-0.006,0.0
93,576.0,-0.227,14.9
94,621.0,-0.016,0.1
95,606.0,-0.0,0.0
96,625.0,-0.0,0.0
97,612.0,-0.017,0.1
98,645.0,0.001,0.0
99,626.0,0.001,0.0
100,664.0,-0.215,15.4
101,653.0,-0.0,0.0
102,665.0,0.001,0.0
103,656.0,0.216,15.4
104,692.0,0.011,0.0
105,676.0,0.001,0.0
106,699.0,0.001,0.0
107,690.0,0.01,0.0
108,717.0,-0.006,0.0
109,690.0,-0.001,0.0
110,740.0,0.207,15.9
111,712.0,0.007,0.0
112,748.0,-0.001,0.0
113,729.0,-0.0,0.0
114,758.0,-0.002,0.0
115,737.0,-0.202,15.0
116,759.0,0.0,0.0
117,754.0,0.001,0.0
118,771.0,-0.001,0.0
119,761.0,-0.002,0.0
120,774.0,-0.02,0.2
121,764.0,-0.001,0.0
122,784.0,0.0,0.0
123,770.0,0.022,0.2
124,805.0,0.083,2.8
125,778.0,0.002,0.0
126,809.0,0.0,0.0
127,802.0,0.095,3.6
128,813.0,0.001,0.0
129,814.0,0.0,0.0
130,818.0,0.0,0.0
131,815.0,0.0,0.0
132,824.0,-0.072,2.2
133,821.0,-0.079,2.6
134,829.0,-0.0,0.0
135,831.0,-0.001,0.0
136,836.0,0.001,0.0
137,834.0,0.0,0.0
138,847.0,0.171,12.4
139,845.0,0.17,12.2
140,872.0,-0.068,2.0
141,863.0,-0.075,2.4
142,927.0,0.098,4.5
143,913.0,0.089,3.6
144,942.0,-0.0,0.0
145,927.0,-0.041,0.8
146,953.0,0.001,0.0
147,945.0,0.0,0.0
148,954.0,0.025,0.3
149,957.0,0.0,0.0
150,963.0,0.0,0.0
151,974.0,0.006,0.0
152,967.0,0.001,0.0
153,975.0,0.057,1.6
154,976.0,-0.0,0.0
155,976.0,-0.0,0.0
156,980.0,0.0,0.0
157,988.0,0.0,0.0
158,985.0,-0.063,2.0
159,988.0,-0.0,0.0
160,1058.0,-0.031,0.5
161,1053.0,-0.02,0.2
162,1079.0,0.142,11.0
163,1083.0,0.179,17.3
164,1090.0,-0.093,4.8
165,1094.0,-0.042,1.0
166,1124.0,0.006,0.0
167,1121.0,0.015,0.1
168,1154.0,-0.0,0.0
169,1152.0,-0.01,0.1
170,1156.0,-0.004,0.0
171,1155.0,-0.0,0.0
172,1157.0,-0.008,0.0
173,1160.0,-0.005,0.0
174,1176.0,0.018,0.2
175,1176.0,0.011,0.1
176,1184.0,0.018,0.2
177,1186.0,0.033,0.6
178,1194.0,-0.003,0.0
179,1196.0,-0.006,0.0
180,1202.0,-0.0,0.0
181,1200.0,-0.002,0.0
182,1203.0,0.085,4.3
183,1206.0,0.073,3.2
184,1224.0,-0.046,1.3
185,1224.0,-0.076,3.6
186,1234.0,0.064,2.5
187,1233.0,0.037,0.8
188,1247.0,0.003,0.0
189,1243.0,0.004,0.0
190,1257.0,0.0,0.0
191,1264.0,0.003,0.0
192,1293.0,-0.251,40.7
193,1296.0,-0.253,41.5
194,1300.0,0.03,0.6
195,1311.0,0.051,1.7
196,1314.0,-0.005,0.0
197,1318.0,-0.003,0.0
198,1345.0,0.031,0.6
199,1349.0,0.002,0.0
200,1352.0,0.002,0.0
201,1356.0,0.059,2.3
202,1364.0,0.074,3.7
203,1364.0,0.001,0.0
204,1377.0,0.184,23.3
205,1382.0,0.019,0.3
206,1383.0,0.001,0.0
207,1382.0,0.231,37.0
208,1385.0,-0.005,0.0
209,1392.0,-0.045,1.4
210,1391.0,-0.013,0.1
211,1400.0,-0.001,0.0
212,1395.0,-0.0,0.0
213,1401.0,-0.007,0.0
214,1397.0,0.001,0.0
215,1413.0,0.008,0.0
216,1406.0,-0.057,2.2
217,1416.0,-0.058,2.4
218,1422.0,-0.047,1.6
219,1430.0,-0.051,1.9
220,1439.0,-0.156,17.6
221,1440.0,-0.122,10.7
222,1464.0,0.001,0.0
223,1441.0,0.035,0.9
224,1466.0,0.002,0.0
225,1460.0,0.012,0.1
226,1472.0,0.002,0.0
227,1467.0,0.003,0.0
228,1480.0,-0.037,1.0
229,1485.0,-0.0,0.0
230,1482.0,0.001,0.0
231,1490.0,0.047,1.7
232,1493.0,-0.041,1.3
233,1498.0,-0.039,1.2
234,1508.0,0.0,0.0
235,1505.0,0.0,0.0
236,1524.0,0.027,0.5
237,1512.0,0.002,0.0
238,1532.0,0.008,0.1
239,1522.0,0.026,0.5
240,1563.0,0.042,1.3
241,1547.0,0.051,2.0
242,1574.0,0.012,0.1
243,1557.0,0.187,27.2
244,1574.0,0.195,29.9
245,1568.0,0.003,0.0
246,1589.0,-0.008,0.1
247,1579.0,-0.006,0.0
248,1608.0,-0.002,0.0
249,1598.0,-0.002,0.0
250,1618.0,-0.078,4.9
251,1598.0,-0.016,0.2
252,1626.0,0.011,0.1
253,1622.0,0.037,1.1
254,1664.0,0.008,0.1
255,1686.0,0.005,0.0
256,1701.0,0.165,23.3
257,1725.0,0.177,27.1
258,1719.0,0.295,74.8
259,1743.0,0.003,0.0
260,1723.0,-0.002,0.0
261,1745.0,-0.249,54.0
262,3022.0,-0.0,0.0
263,3034.0,-0.0,0.0
264,3027.0,-0.019,0.5
265,3038.0,-0.017,0.5
266,3080.0,-0.0,0.0
267,3092.0,-0.0,0.0
268,3083.0,0.012,0.2
269,3095.0,0.014,0.3
270,3104.0,-0.009,0.1
271,3112.0,-0.008,0.1
272,3130.0,-0.0,0.0
273,3132.0,-0.0,0.0
274,3138.0,-0.007,0.1
275,3143.0,-0.009,0.1
276,3181.0,-0.003,0.0
277,3197.0,-0.003,0.0
278,3181.0,-0.001,0.0
279,3198.0,-0.0,0.0
280,3187.0,0.005,0.0
281,3204.0,0.004,0.0
282,3188.0,-0.008,0.1
283,3204.0,-0.009,0.1
284,3198.0,0.0,0.0
285,3212.0,0.001,0.0
286,3198.0,-0.001,0.0
287,3212.0,-0.001,0.0
288,3212.0,0.003,0.0
289,3225.0,0.004,0.0
290,3212.0,-0.018,0.5
291,3225.0,-0.018,0.5
