,Frequencies,Displacement,Reorg Energy
0,-0.0,-0.0,-0.0
1,-0.0,-0.0,-0.0
2,-0.0,-0.0,-0.0
3,-0.0,-0.0,-0.0
4,-0.0,-0.0,-0.0
5,-0.0,-0.0,-0.0
6,-0.0,-0.0,-0.0
7,0.0,-0.0,0.0
8,-0.0,0.0,-0.0
9,0.0,0.0,0.0
10,0.0,0.0,0.0
11,0.0,0.0,0.0
12,8.0,0.001,0.0
13,8.0,0.001,0.0
14,20.0,0.005,0.0
15,19.0,0.005,0.0
16,22.0,0.0,0.0
17,29.0,0.0,0.0
18,38.0,0.001,0.0
19,38.0,0.0,0.0
20,53.0,0.02,0.0
21,52.0,0.022,0.0
22,53.0,-0.007,0.0
23,55.0,-0.002,0.0
24,64.0,0.0,0.0
25,63.0,0.0,0.0
26,74.0,0.001,0.0
27,76.0,0.001,0.0
28,86.0,-0.001,0.0
29,89.0,-0.001,0.0
30,102.0,0.002,0.0
31,101.0,0.002,0.0
32,114.0,0.067,0.3
33,110.0,0.063,0.2
34,134.0,0.0,0.0
35,137.0,0.0,0.0
36,163.0,0.001,0.0
37,168.0,0.002,0.0
38,181.0,-0.083,0.6
39,181.0,-0.714,46.1
40,181.0,-0.72,46.9
41,183.0,-0.007,0.0
42,188.0,0.0,0.0
43,192.0,0.003,0.0
44,202.0,0.324,10.6
45,201.0,0.357,12.8
46,215.0,-0.002,0.0
47,210.0,-0.002,0.0
48,234.0,-0.009,0.0
49,234.0,-0.006,0.0
50,235.0,-0.025,0.1
51,235.0,-0.03,0.1
52,270.0,0.139,2.6
53,256.0,0.0,0.0
54,271.0,-0.005,0.0
55,269.0,-0.13,2.3
56,279.0,-0.005,0.0
57,278.0,-0.006,0.0
58,281.0,-0.156,3.4
59,280.0,-0.165,3.8
60,299.0,0.001,0.0
61,298.0,0.003,0.0
62,314.0,-0.0,0.0
63,302.0,-0.0,0.0
64,337.0,-0.187,5.9
65,326.0,-0.001,0.0
66,347.0,-0.0,0.0
67,337.0,-0.187,5.9
68,359.0,-0.012,0.0
69,351.0,-0.015,0.0
70,390.0,-0.003,0.0
71,382.0,-0.007,0.0
72,395.0,0.022,0.1
73,392.0,0.022,0.1
74,429.0,0.011,0.0
75,417.0,0.0,0.0
76,434.0,0.028,0.2
77,429.0,0.017,0.1
78,437.0,-0.031,0.2
79,433.0,-0.038,0.3
80,444.0,-0.001,0.0
81,438.0,-0.021,0.1
82,447.0,-0.0,0.0
83,443.0,-0.0,0.0
84,449.0,0.0,0.0
85,448.0,0.001,0.0
86,471.0,0.029,0.2
87,468.0,0.041,0.4
88,473.0,-0.018,0.1
89,470.0,-0.016,0.1
90,479.0,-0.007,0.0
91,478.0,-0.138,4.6
92,479.0,-0.131,4.1
93,485.0,-0.0,0.0
94,483.0,-0.002,0.0
95,501.0,-0.001,0.0
96,508.0,0.091,2.1
97,505.0,0.1,2.5
98,527.0,-0.048,0.6
99,506.0,-0.002,0.0
100,534.0,-0.0,0.0
101,525.0,-0.03,0.2
102,554.0,0.481,64.1
103,550.0,0.479,63.1
104,578.0,0.001,0.0
105,572.0,0.001,0.0
106,589.0,0.105,3.3
107,574.0,0.001,0.0
108,596.0,-0.0,0.0
109,581.0,-0.123,4.4
110,624.0,0.013,0.1
111,604.0,0.0,0.0
112,631.0,-0.0,0.0
113,616.0,-0.014,0.1
114,656.0,0.0,0.0
115,634.0,0.0,0.0
116,666.0,-0.0,0.0
117,652.0,-0.0,0.0
118,712.0,-0.016,0.1
119,675.0,-0.0,0.0
120,719.0,0.041,0.6
121,703.0,0.0,0.0
122,721.0,0.05,0.9
123,703.0,0.005,0.0
124,741.0,-0.0,0.0
125,715.0,-0.007,0.0
126,747.0,0.0,0.0
127,723.0,0.067,1.6
128,756.0,0.001,0.0
129,748.0,0.001,0.0
130,769.0,0.0,0.0
131,757.0,0.0,0.0
132,780.0,0.0,0.0
133,757.0,0.0,0.0
134,787.0,0.0,0.0
135,764.0,0.0,0.0
136,797.0,-0.056,1.2
137,793.0,-0.055,1.2
138,811.0,0.12,5.8
139,807.0,0.112,5.1
140,818.0,-0.044,0.8
141,809.0,-0.001,0.0
142,830.0,-0.021,0.2
143,813.0,-0.068,1.9
144,849.0,-0.057,1.4
145,814.0,-0.001,0.0
146,864.0,-0.0,0.0
147,826.0,-0.0,0.0
148,865.0,-0.0,0.0
149,827.0,-0.03,0.4
150,869.0,-0.0,0.0
151,832.0,-0.0,0.0
152,871.0,-0.0,0.0
153,850.0,-0.046,0.9
154,910.0,0.031,0.4
155,901.0,0.028,0.4
156,926.0,-0.056,1.4
157,920.0,-0.036,0.6
158,946.0,0.0,0.0
159,926.0,0.038,0.7
160,957.0,0.0,0.0
161,945.0,0.0,0.0
162,976.0,-0.046,1.0
163,957.0,-0.0,0.0
164,985.0,0.018,0.2
165,974.0,0.047,1.1
166,993.0,-0.0,0.0
167,975.0,-0.0,0.0
168,997.0,0.0,0.0
169,976.0,0.0,0.0
170,1001.0,-0.0,0.0
171,988.0,-0.0,0.0
172,1006.0,0.0,0.0
173,988.0,0.0,0.0
174,1053.0,0.011,0.1
175,1053.0,0.007,0.0
176,1054.0,-0.006,0.0
177,1054.0,-0.005,0.0
178,1064.0,0.024,0.3
179,1061.0,0.016,0.1
180,1075.0,-0.138,10.2
181,1076.0,-0.073,2.9
182,1101.0,0.011,0.1
183,1093.0,0.008,0.0
184,1139.0,0.002,0.0
185,1121.0,0.004,0.0
186,1140.0,-0.018,0.2
187,1137.0,-0.003,0.0
188,1156.0,0.0,0.0
189,1141.0,0.079,3.6
190,1157.0,-0.022,0.3
191,1156.0,-0.0,0.0
192,1170.0,0.009,0.1
193,1162.0,0.022,0.3
194,1182.0,0.006,0.0
195,1169.0,0.011,0.1
196,1195.0,0.024,0.3
197,1186.0,0.04,1.0
198,1209.0,0.003,0.0
199,1192.0,0.015,0.1
200,1215.0,-0.009,0.1
201,1198.0,-0.024,0.3
202,1221.0,-0.075,3.4
203,1224.0,-0.097,5.8
204,1241.0,0.006,0.0
205,1230.0,0.006,0.0
206,1251.0,-0.008,0.0
207,1236.0,-0.02,0.2
208,1268.0,-0.037,0.9
209,1244.0,-0.009,0.1
210,1270.0,0.038,0.9
211,1274.0,0.081,4.2
212,1315.0,0.371,90.6
213,1301.0,0.683,303.1
214,1316.0,0.015,0.2
215,1317.0,0.012,0.1
216,1329.0,0.541,194.1
217,1322.0,0.055,2.0
218,1336.0,0.004,0.0
219,1350.0,0.002,0.0
220,1360.0,0.08,4.3
221,1363.0,0.077,4.0
222,1368.0,0.002,0.0
223,1365.0,0.008,0.0
224,1375.0,0.05,1.7
225,1378.0,0.242,40.2
226,1382.0,-0.016,0.2
227,1382.0,-0.003,0.0
228,1383.0,0.281,54.7
229,1392.0,0.012,0.1
230,1401.0,0.002,0.0
231,1400.0,0.001,0.0
232,1406.0,-0.386,104.7
233,1402.0,-0.002,0.0
234,1417.0,0.003,0.0
235,1416.0,0.023,0.4
236,1421.0,0.029,0.6
237,1420.0,0.107,8.1
238,1429.0,-0.029,0.6
239,1430.0,-0.248,44.1
240,1437.0,0.013,0.1
241,1439.0,0.156,17.5
242,1454.0,-0.017,0.2
243,1443.0,-0.017,0.2
244,1476.0,-0.005,0.0
245,1460.0,-0.012,0.1
246,1477.0,0.232,39.6
247,1463.0,0.0,0.0
248,1481.0,0.0,0.0
249,1476.0,0.002,0.0
250,1485.0,-0.0,0.0
251,1481.0,-0.002,0.0
252,1491.0,-0.001,0.0
253,1485.0,-0.0,0.0
254,1498.0,-0.009,0.1
255,1492.0,-0.205,31.3
256,1505.0,0.0,0.0
257,1498.0,0.03,0.7
258,1506.0,-0.002,0.0
259,1505.0,-0.0,0.0
260,1523.0,-0.001,0.0
261,1509.0,-0.003,0.0
262,1543.0,-0.001,0.0
263,1522.0,-0.0,0.0
264,1561.0,0.0,0.0
265,1546.0,0.005,0.0
266,1604.0,0.505,204.6
267,1554.0,0.099,7.6
268,1615.0,0.033,0.9
269,1558.0,0.025,0.5
270,1619.0,-0.323,84.7
271,1577.0,-0.005,0.0
272,1631.0,0.002,0.0
273,1597.0,0.006,0.0
274,1632.0,0.013,0.1
275,1599.0,0.036,1.0
276,1649.0,0.001,0.0
277,1622.0,0.621,313.0
278,1714.0,-0.0,0.0
279,1686.0,-0.0,0.0
280,1751.0,-0.0,0.0
281,1723.0,-0.0,0.0
282,1752.0,-0.03,0.8
283,1725.0,-0.048,2.0
284,1781.0,0.039,1.3
285,1756.0,0.065,3.7
286,2388.0,-0.004,0.0
287,2386.0,-0.003,0.0
288,3024.0,0.001,0.0
289,3023.0,0.001,0.0
290,3035.0,-0.0,0.0
291,3034.0,-0.0,0.0
292,3039.0,-0.001,0.0
293,3038.0,-0.001,0.0
294,3081.0,-0.0,0.0
295,3080.0,-0.0,0.0
296,3086.0,0.0,0.0
297,3085.0,0.0,0.0
298,3093.0,0.0,0.0
299,3092.0,0.0,0.0
300,3096.0,-0.001,0.0
301,3095.0,-0.001,0.0
302,3113.0,-0.001,0.0
303,3112.0,-0.001,0.0
304,3133.0,0.0,0.0
305,3132.0,0.0,0.0
306,3143.0,-0.0,0.0
307,3143.0,-0.0,0.0
308,3194.0,0.001,0.0
309,3198.0,0.001,0.0
310,3195.0,0.0,0.0
311,3199.0,0.0,0.0
312,3201.0,-0.004,0.0
313,3205.0,-0.001,0.0
314,3202.0,-0.002,0.0
315,3205.0,-0.004,0.0
316,3209.0,0.0,0.0
317,3213.0,0.0,0.0
318,3209.0,0.0,0.0
319,3213.0,0.0,0.0
320,3219.0,-0.008,0.1
321,3224.0,-0.003,0.0
