,Frequencies,Displacement,Reorg Energy
0,-0.0,-0.0,-0.0
1,-0.0,-0.0,-0.0
2,-0.0,0.0,-0.0
3,-0.0,0.0,-0.0
4,0.0,0.0,0.0
5,-0.0,0.0,-0.0
6,0.0,0.0,0.0
7,-0.0,0.0,-0.0
8,0.0,-0.0,0.0
9,0.0,-0.0,0.0
10,0.0,-0.0,0.0
11,0.0,-0.0,0.0
12,7.0,11.257,467.4
13,17.0,0.838,5.8
14,16.0,0.59,2.9
15,23.0,11.791,1613.2
16,29.0,0.656,6.2
17,34.0,18.821,5937.5
18,36.0,0.187,0.6
19,35.0,3.928,272.9
20,53.0,0.023,0.0
21,58.0,0.443,5.7
22,56.0,-0.067,0.1
23,59.0,-1.145,38.7
24,63.0,-0.054,0.1
25,64.0,-0.492,7.7
26,77.0,0.072,0.2
27,81.0,1.624,107.2
28,90.0,0.062,0.2
29,93.0,0.484,10.8
30,102.0,-0.015,0.0
31,104.0,-0.061,0.2
32,113.0,0.017,0.0
33,118.0,0.094,0.5
34,130.0,0.031,0.1
35,143.0,0.137,1.3
36,163.0,-0.006,0.0
37,165.0,-1.719,243.8
38,168.0,-0.009,0.0
39,171.0,-0.012,0.0
40,184.0,0.0,0.0
41,193.0,0.158,2.4
42,196.0,-0.014,0.0
43,198.0,-0.23,5.2
44,198.0,-0.009,0.0
45,202.0,-0.484,23.7
46,213.0,-0.005,0.0
47,217.0,-0.098,1.0
48,234.0,0.014,0.0
49,233.0,0.371,16.1
50,235.0,0.037,0.2
51,235.0,0.045,0.2
52,249.0,-0.126,2.0
53,253.0,-1.985,499.4
54,257.0,-0.037,0.2
55,265.0,-0.078,0.8
56,262.0,-0.077,0.8
57,268.0,-0.686,63.2
58,293.0,0.065,0.6
59,299.0,0.154,3.5
60,303.0,-0.055,0.5
61,301.0,-0.127,2.4
62,306.0,0.561,48.1
63,309.0,1.717,455.9
64,324.0,0.003,0.0
65,343.0,0.003,0.0
66,352.0,0.043,0.3
67,360.0,0.079,1.1
68,390.0,-0.054,0.6
69,393.0,-0.476,44.5
70,392.0,0.101,2.0
71,396.0,1.588,499.7
72,417.0,-0.163,5.5
73,418.0,-0.195,7.9
74,419.0,0.355,26.4
75,419.0,0.537,60.5
76,432.0,-0.398,34.1
77,431.0,-0.004,0.0
78,437.0,0.168,6.2
79,435.0,0.019,0.1
80,439.0,-0.041,0.4
81,442.0,-0.017,0.1
82,440.0,-0.007,0.0
83,445.0,-0.092,1.9
84,448.0,-0.003,0.0
85,454.0,-0.003,0.0
86,463.0,0.069,1.1
87,466.0,0.411,39.4
88,478.0,0.17,6.9
89,475.0,0.757,136.3
90,487.0,-0.001,0.0
91,501.0,-0.045,0.5
92,500.0,0.046,0.5
93,505.0,0.005,0.0
94,502.0,0.001,0.0
95,511.0,0.498,63.4
96,506.0,-0.046,0.5
97,511.0,-0.073,1.3
98,515.0,-0.044,0.5
99,517.0,-0.034,0.3
100,520.0,0.003,0.0
101,527.0,0.004,0.0
102,545.0,0.153,6.4
103,543.0,0.11,3.3
104,573.0,0.0,0.0
105,579.0,0.004,0.0
106,574.0,0.007,0.0
107,582.0,0.184,9.8
108,578.0,0.207,12.4
109,592.0,0.001,0.0
110,605.0,-0.024,0.2
111,623.0,-0.032,0.3
112,615.0,0.017,0.1
113,625.0,0.015,0.1
114,631.0,0.0,0.0
115,634.0,0.002,0.0
116,639.0,-0.0,0.0
117,648.0,-0.142,6.5
118,645.0,-0.257,21.3
119,656.0,-0.001,0.0
120,653.0,0.005,0.0
121,664.0,0.043,0.6
122,677.0,0.002,0.0
123,702.0,0.0,0.0
124,705.0,0.007,0.0
125,711.0,0.015,0.1
126,707.0,-0.003,0.0
127,714.0,-0.014,0.1
128,707.0,0.029,0.3
129,729.0,0.034,0.4
130,712.0,0.005,0.0
131,745.0,0.001,0.0
132,725.0,0.145,7.6
133,748.0,0.004,0.0
134,753.0,0.054,1.1
135,756.0,0.054,1.1
136,760.0,0.061,1.4
137,763.0,0.009,0.0
138,761.0,0.024,0.2
139,766.0,0.041,0.6
140,762.0,-0.007,0.0
141,783.0,-0.002,0.0
142,772.0,-0.001,0.0
143,803.0,-0.042,0.7
144,800.0,-0.028,0.3
145,803.0,-0.077,2.4
146,812.0,-0.005,0.0
147,809.0,-0.025,0.3
148,813.0,0.097,3.8
149,815.0,0.013,0.1
150,815.0,-0.037,0.5
151,817.0,-0.003,0.0
152,822.0,0.101,4.2
153,823.0,0.043,0.8
154,829.0,-0.0,0.0
155,828.0,-0.04,0.7
156,832.0,-0.041,0.7
157,831.0,-0.003,0.0
158,836.0,-0.016,0.1
159,836.0,-0.378,59.9
160,846.0,0.27,31.0
161,839.0,0.509,108.6
162,858.0,0.247,26.2
163,860.0,0.093,3.7
164,900.0,0.065,1.9
165,900.0,0.029,0.4
166,919.0,0.095,4.1
167,920.0,0.041,0.8
168,928.0,-0.063,1.9
169,931.0,-0.05,1.1
170,942.0,0.004,0.0
171,942.0,0.001,0.0
172,945.0,0.001,0.0
173,954.0,0.001,0.0
174,957.0,-0.0,0.0
175,962.0,-0.436,91.3
176,974.0,0.01,0.0
177,964.0,0.007,0.0
178,976.0,-0.127,7.8
179,967.0,-0.001,0.0
180,976.0,-0.003,0.0
181,974.0,-0.043,0.9
182,978.0,0.034,0.6
183,976.0,0.004,0.0
184,988.0,-0.007,0.0
185,980.0,-0.007,0.0
186,988.0,0.005,0.0
187,980.0,0.001,0.0
188,1002.0,0.001,0.0
189,987.0,0.093,4.2
190,1021.0,0.032,0.5
191,1021.0,0.095,4.6
192,1048.0,-0.036,0.7
193,1049.0,-0.247,32.1
194,1061.0,0.031,0.5
195,1065.0,0.045,1.1
196,1084.0,0.164,14.5
197,1079.0,0.133,9.6
198,1095.0,-0.008,0.0
199,1089.0,-0.079,3.4
200,1100.0,0.004,0.0
201,1097.0,0.002,0.0
202,1135.0,-0.012,0.1
203,1140.0,-0.002,0.0
204,1155.0,-0.0,0.0
205,1145.0,-0.007,0.0
206,1157.0,0.095,5.2
207,1154.0,0.0,0.0
208,1164.0,-0.106,6.6
209,1155.0,-0.066,2.5
210,1165.0,-0.036,0.8
211,1164.0,-0.022,0.3
212,1178.0,0.01,0.1
213,1174.0,0.008,0.0
214,1183.0,-0.001,0.0
215,1177.0,-0.0,0.0
216,1186.0,0.016,0.1
217,1185.0,0.008,0.0
218,1195.0,0.028,0.5
219,1196.0,0.113,7.7
220,1196.0,0.01,0.1
221,1196.0,0.425,107.9
222,1206.0,0.008,0.0
223,1203.0,0.007,0.0
224,1224.0,-0.077,3.6
225,1223.0,-0.064,2.5
226,1233.0,0.032,0.6
227,1233.0,0.081,4.0
228,1242.0,-0.001,0.0
229,1243.0,-0.001,0.0
230,1252.0,-0.006,0.0
231,1254.0,-0.003,0.0
232,1261.0,-0.078,3.9
233,1264.0,-0.185,21.6
234,1299.0,0.218,30.9
235,1295.0,0.273,48.4
236,1316.0,0.087,5.0
237,1307.0,0.371,90.1
238,1319.0,-0.011,0.1
239,1314.0,-0.031,0.6
240,1326.0,-0.003,0.0
241,1328.0,-0.003,0.0
242,1348.0,-0.004,0.0
243,1344.0,-0.322,69.9
244,1350.0,0.008,0.0
245,1350.0,0.008,0.0
246,1359.0,0.025,0.4
247,1354.0,0.009,0.1
248,1366.0,0.004,0.0
249,1365.0,0.125,10.7
250,1381.0,-0.274,51.8
251,1372.0,-0.411,116.0
252,1382.0,0.004,0.0
253,1383.0,0.001,0.0
254,1392.0,0.013,0.1
255,1388.0,0.004,0.0
256,1400.0,-0.0,0.0
257,1392.0,-0.031,0.7
258,1404.0,-0.007,0.0
259,1397.0,-0.0,0.0
260,1416.0,0.056,2.2
261,1406.0,0.049,1.7
262,1431.0,0.049,1.7
263,1422.0,0.128,11.7
264,1440.0,0.129,11.9
265,1436.0,0.271,52.8
266,1444.0,0.013,0.1
267,1464.0,0.103,7.7
268,1461.0,0.009,0.1
269,1468.0,0.005,0.0
270,1466.0,-0.003,0.0
271,1472.0,-0.001,0.0
272,1485.0,-0.0,0.0
273,1482.0,-0.066,3.2
274,1485.0,0.001,0.0
275,1482.0,0.001,0.0
276,1492.0,0.048,1.7
277,1482.0,0.002,0.0
278,1497.0,0.04,1.2
279,1493.0,0.036,0.9
280,1505.0,0.0,0.0
281,1508.0,0.0,0.0
282,1511.0,-0.002,0.0
283,1524.0,-0.019,0.3
284,1523.0,-0.026,0.5
285,1528.0,-0.148,16.8
286,1527.0,0.044,1.5
287,1529.0,0.011,0.1
288,1546.0,-0.018,0.2
289,1562.0,-0.064,3.2
290,1555.0,-0.189,27.9
291,1572.0,-0.24,45.1
292,1570.0,-0.004,0.0
293,1576.0,-0.007,0.0
294,1581.0,-0.005,0.0
295,1591.0,-0.007,0.0
296,1599.0,-0.003,0.0
297,1609.0,-0.001,0.0
298,1599.0,-0.003,0.0
299,1617.0,-0.118,11.3
300,1622.0,-0.03,0.7
301,1626.0,-0.102,8.5
302,1636.0,-0.002,0.0
303,1631.0,-0.002,0.0
304,1643.0,0.018,0.3
305,1643.0,0.122,12.3
306,1685.0,0.005,0.0
307,1664.0,0.007,0.0
308,1707.0,-0.0,0.0
309,1685.0,-0.0,0.0
310,1724.0,-0.174,26.2
311,1701.0,-0.099,8.4
312,1742.0,-0.228,45.5
313,1722.0,-0.515,227.9
314,3034.0,-0.0,0.0
315,3022.0,-0.0,0.0
316,3038.0,0.017,0.4
317,3027.0,0.017,0.4
318,3092.0,-0.0,0.0
319,3080.0,-0.0,0.0
320,3095.0,0.014,0.3
321,3083.0,0.011,0.2
322,3112.0,-0.007,0.1
323,3104.0,-0.008,0.1
324,3133.0,-0.0,0.0
325,3129.0,-0.0,0.0
326,3143.0,-0.008,0.1
327,3138.0,-0.006,0.1
328,3165.0,0.005,0.0
329,3151.0,0.031,1.5
330,3175.0,0.0,0.0
331,3164.0,0.0,0.0
332,3184.0,-0.013,0.3
333,3177.0,-0.08,10.1
334,3192.0,0.0,0.0
335,3182.0,0.001,0.0
336,3197.0,-0.004,0.0
337,3182.0,-0.0,0.0
338,3198.0,-0.001,0.0
339,3189.0,-0.004,0.0
340,3198.0,0.0,0.0
341,3190.0,0.008,0.1
342,3204.0,0.002,0.0
343,3199.0,0.001,0.0
344,3205.0,0.008,0.1
345,3199.0,0.002,0.0
346,3212.0,-0.0,0.0
347,3200.0,-0.0,0.0
348,3213.0,0.0,0.0
349,3202.0,0.204,66.6
350,3224.0,0.004,0.0
351,3211.0,0.002,0.0
