,Frequencies,Displacement,Reorg Energy
0,-0.0,0.0,-0.0
1,-0.0,0.0,-0.0
2,-0.0,0.0,-0.0
3,-0.0,0.0,-0.0
4,-0.0,-0.0,-0.0
5,0.0,-0.0,0.0
6,0.0,-0.0,0.0
7,0.0,-0.0,0.0
8,0.0,-0.0,0.0
9,0.0,-0.0,0.0
10,0.0,-0.0,0.0
11,0.0,-0.0,0.0
12,10.0,3.762,74.2
13,9.0,0.157,0.1
14,11.0,-0.351,0.7
15,21.0,-2.467,63.0
16,19.0,0.141,0.2
17,21.0,1.038,11.4
18,23.0,0.242,0.7
19,30.0,0.186,0.5
20,32.0,-0.004,0.0
21,42.0,-4.491,427.3
22,53.0,-0.084,0.2
23,55.0,-0.173,0.8
24,59.0,-0.029,0.0
25,58.0,-0.067,0.1
26,66.0,3.16,327.6
27,73.0,0.658,15.9
28,75.0,0.229,2.0
29,76.0,2.85,310.2
30,77.0,0.017,0.0
31,88.0,1.664,122.3
32,85.0,0.11,0.5
33,100.0,0.363,6.6
34,88.0,-0.057,0.1
35,105.0,-0.833,36.5
36,105.0,0.018,0.0
37,107.0,4.859,1263.7
38,120.0,-0.44,11.7
39,131.0,-0.699,31.9
40,126.0,-1.603,162.2
41,145.0,-6.828,3378.4
42,141.0,-0.074,0.4
43,168.0,-0.237,4.7
44,164.0,-0.004,0.0
45,170.0,-0.518,22.8
46,183.0,0.012,0.0
47,180.0,0.249,5.6
48,189.0,-0.011,0.0
49,195.0,-0.13,1.7
50,195.0,0.059,0.3
51,210.0,1.05,116.0
52,217.0,0.001,0.0
53,213.0,0.198,4.2
54,222.0,0.017,0.0
55,231.0,1.806,376.3
56,234.0,-0.009,0.0
57,235.0,-0.325,12.4
58,236.0,0.005,0.0
59,236.0,1.038,127.3
60,239.0,-0.022,0.1
61,244.0,-0.119,1.7
62,272.0,0.073,0.7
63,261.0,0.152,3.0
64,283.0,0.01,0.0
65,280.0,0.301,12.7
66,294.0,0.004,0.0
67,297.0,0.417,25.9
68,315.0,-0.088,1.2
69,297.0,-0.879,114.9
70,326.0,0.007,0.0
71,331.0,0.033,0.2
72,348.0,0.0,0.0
73,341.0,0.007,0.0
74,360.0,-0.01,0.0
75,368.0,-0.013,0.0
76,365.0,0.017,0.1
77,377.0,0.623,73.2
78,391.0,-0.007,0.0
79,386.0,-0.002,0.0
80,395.0,0.028,0.2
81,390.0,0.422,34.7
82,416.0,0.25,13.0
83,395.0,0.183,6.7
84,418.0,-0.006,0.0
85,401.0,-1.052,221.6
86,424.0,-0.144,4.4
87,417.0,-0.179,6.6
88,431.0,-0.17,6.2
89,422.0,-2.054,889.6
90,436.0,-0.222,10.7
91,434.0,-0.209,9.5
92,438.0,0.05,0.5
93,435.0,0.783,133.3
94,446.0,0.002,0.0
95,443.0,0.175,6.8
96,448.0,-0.081,1.5
97,448.0,-0.042,0.4
98,452.0,0.003,0.0
99,453.0,0.002,0.0
100,469.0,-0.329,25.4
101,458.0,-0.493,55.8
102,480.0,-0.012,0.0
103,473.0,-0.32,24.2
104,481.0,-0.238,13.6
105,486.0,-0.0,0.0
106,482.0,-0.003,0.0
107,496.0,-0.428,45.6
108,510.0,0.521,69.1
109,502.0,0.001,0.0
110,520.0,0.285,21.2
111,512.0,0.089,2.0
112,525.0,0.002,0.0
113,514.0,0.003,0.0
114,535.0,0.081,1.8
115,516.0,0.107,3.0
116,549.0,-0.764,160.3
117,543.0,-0.607,99.9
118,570.0,0.005,0.0
119,563.0,0.007,0.0
120,578.0,-0.002,0.0
121,579.0,-0.003,0.0
122,585.0,-0.07,1.4
123,582.0,-0.099,2.8
124,597.0,0.001,0.0
125,592.0,0.001,0.0
126,623.0,-0.003,0.0
127,608.0,-0.002,0.0
128,632.0,-0.071,1.6
129,623.0,-0.097,3.0
130,633.0,-0.001,0.0
131,624.0,-0.002,0.0
132,642.0,0.133,5.7
133,628.0,0.0,0.0
134,652.0,0.0,0.0
135,632.0,0.137,5.9
136,662.0,-0.0,0.0
137,660.0,-0.001,0.0
138,667.0,-0.065,1.4
139,667.0,-0.133,5.9
140,712.0,0.075,2.0
141,679.0,0.0,0.0
142,715.0,-0.017,0.1
143,709.0,-0.143,7.3
144,715.0,0.02,0.1
145,713.0,0.031,0.3
146,720.0,-0.063,1.4
147,728.0,-0.239,20.8
148,742.0,0.002,0.0
149,740.0,0.0,0.0
150,746.0,-0.002,0.0
151,744.0,-0.297,32.8
152,750.0,0.004,0.0
153,747.0,0.016,0.1
154,751.0,-0.05,0.9
155,756.0,-0.217,17.8
156,763.0,0.148,8.4
157,761.0,0.007,0.0
158,772.0,0.148,8.5
159,769.0,0.144,8.0
160,779.0,-0.001,0.0
161,786.0,-0.0,0.0
162,786.0,-0.002,0.0
163,797.0,-0.048,0.9
164,800.0,-0.001,0.0
165,798.0,-0.163,10.6
166,804.0,0.091,3.3
167,803.0,0.117,5.5
168,814.0,-0.056,1.3
169,809.0,-0.09,3.3
170,824.0,-0.119,5.9
171,816.0,-0.051,1.1
172,840.0,0.219,20.1
173,820.0,0.017,0.1
174,842.0,-0.232,22.6
175,822.0,-0.278,31.7
176,854.0,0.117,5.8
177,827.0,0.02,0.2
178,857.0,-0.129,7.2
179,833.0,-0.018,0.1
180,862.0,0.403,69.8
181,837.0,0.495,102.7
182,865.0,0.002,0.0
183,841.0,0.026,0.3
184,865.0,-0.044,0.9
185,842.0,-0.003,0.0
186,870.0,0.053,1.2
187,860.0,0.545,127.5
188,872.0,0.0,0.0
189,862.0,0.184,14.5
190,913.0,0.048,1.1
191,902.0,0.054,1.3
192,928.0,0.065,2.0
193,929.0,0.104,5.0
194,934.0,0.008,0.0
195,944.0,0.001,0.0
196,946.0,-0.0,0.0
197,956.0,-0.0,0.0
198,957.0,-0.0,0.0
199,956.0,-0.0,0.0
200,969.0,-0.008,0.0
201,971.0,-0.017,0.1
202,975.0,-0.022,0.2
203,971.0,-0.019,0.2
204,980.0,0.067,2.2
205,974.0,0.0,0.0
206,983.0,-0.006,0.0
207,980.0,-0.053,1.4
208,987.0,0.042,0.9
209,981.0,0.188,17.3
210,992.0,0.015,0.1
211,984.0,0.165,13.4
212,997.0,-0.002,0.0
213,985.0,-0.016,0.1
214,1001.0,-0.015,0.1
215,988.0,-0.001,0.0
216,1003.0,0.0,0.0
217,996.0,0.086,3.7
218,1006.0,0.001,0.0
219,1003.0,0.008,0.0
220,1015.0,0.116,6.9
221,1009.0,0.15,11.3
222,1026.0,0.078,3.1
223,1010.0,0.001,0.0
224,1040.0,0.011,0.1
225,1020.0,0.252,32.5
226,1062.0,-0.02,0.2
227,1025.0,-0.0,0.0
228,1063.0,0.027,0.4
229,1047.0,0.093,4.5
230,1082.0,-0.251,34.1
231,1068.0,-0.028,0.4
232,1101.0,0.018,0.2
233,1077.0,0.047,1.2
234,1104.0,0.0,0.0
235,1094.0,0.045,1.1
236,1133.0,0.001,0.0
237,1119.0,0.0,0.0
238,1151.0,0.103,6.1
239,1145.0,0.306,53.4
240,1156.0,-0.0,0.0
241,1147.0,-0.049,1.4
242,1160.0,0.003,0.0
243,1155.0,0.0,0.0
244,1166.0,-0.015,0.1
245,1164.0,-0.02,0.2
246,1172.0,0.013,0.1
247,1171.0,0.001,0.0
248,1183.0,-0.0,0.0
249,1175.0,-0.005,0.0
250,1194.0,0.012,0.1
251,1189.0,0.019,0.2
252,1201.0,-0.047,1.3
253,1190.0,-0.004,0.0
254,1201.0,0.264,42.0
255,1200.0,0.008,0.0
256,1207.0,-0.44,117.1
257,1205.0,-0.0,0.0
258,1211.0,0.014,0.1
259,1210.0,0.115,8.1
260,1221.0,0.025,0.4
261,1227.0,0.035,0.7
262,1222.0,-0.015,0.1
263,1235.0,-0.251,38.9
264,1241.0,0.008,0.0
265,1236.0,0.015,0.1
266,1251.0,0.005,0.0
267,1247.0,0.012,0.1
268,1259.0,0.085,4.6
269,1264.0,0.006,0.0
270,1269.0,0.013,0.1
271,1283.0,0.421,113.8
272,1296.0,-0.001,0.0
273,1291.0,-0.463,138.6
274,1302.0,-0.089,5.1
275,1295.0,-0.013,0.1
276,1310.0,0.578,219.0
277,1301.0,0.385,96.4
278,1316.0,-0.007,0.0
279,1317.0,-0.007,0.0
280,1323.0,0.001,0.0
281,1330.0,0.203,27.4
282,1327.0,0.229,34.7
283,1340.0,0.003,0.0
284,1335.0,-0.001,0.0
285,1350.0,-0.457,140.7
286,1337.0,0.002,0.0
287,1353.0,0.006,0.0
288,1356.0,0.537,195.3
289,1360.0,0.012,0.1
290,1357.0,-0.005,0.0
291,1363.0,-0.1,6.9
292,1369.0,0.017,0.2
293,1368.0,0.002,0.0
294,1375.0,0.099,6.7
295,1371.0,0.478,156.7
296,1382.0,-0.01,0.1
297,1384.0,-0.001,0.0
298,1385.0,1.083,812.2
299,1393.0,0.062,2.7
300,1401.0,-0.0,0.0
301,1395.0,-0.006,0.0
302,1407.0,0.088,5.4
303,1398.0,0.0,0.0
304,1417.0,-0.041,1.2
305,1412.0,-0.061,2.6
306,1429.0,-0.14,14.1
307,1425.0,-0.091,5.8
308,1434.0,-0.0,0.0
309,1438.0,-0.029,0.6
310,1437.0,-0.144,14.9
311,1458.0,-0.001,0.0
312,1455.0,-0.211,32.4
313,1461.0,-0.022,0.4
314,1477.0,-0.053,2.1
315,1471.0,-0.003,0.0
316,1480.0,0.0,0.0
317,1479.0,0.002,0.0
318,1485.0,-0.0,0.0
319,1483.0,-0.158,18.5
320,1491.0,0.001,0.0
321,1484.0,0.001,0.0
322,1498.0,0.013,0.1
323,1490.0,0.001,0.0
324,1505.0,0.0,0.0
325,1496.0,0.005,0.0
326,1506.0,0.0,0.0
327,1499.0,0.002,0.0
328,1522.0,0.174,23.1
329,1501.0,0.081,4.9
330,1523.0,-0.019,0.3
331,1507.0,-0.0,0.0
332,1543.0,0.002,0.0
333,1524.0,0.039,1.2
334,1548.0,0.1,7.7
335,1525.0,0.166,21.1
336,1561.0,0.001,0.0
337,1536.0,0.002,0.0
338,1604.0,-0.377,113.8
339,1558.0,-0.096,7.2
340,1607.0,0.0,0.0
341,1575.0,0.005,0.0
342,1615.0,-0.024,0.5
343,1576.0,-0.0,0.0
344,1620.0,0.546,241.3
345,1581.0,0.002,0.0
346,1625.0,-0.0,0.0
347,1591.0,-0.001,0.0
348,1631.0,0.151,18.6
349,1612.0,0.158,20.2
350,1632.0,0.111,10.1
351,1614.0,0.005,0.0
352,1644.0,-0.387,123.2
353,1619.0,-0.472,180.1
354,1649.0,-0.001,0.0
355,1632.0,-0.436,154.8
356,1651.0,-0.566,264.7
357,1659.0,-0.518,222.4
358,1713.0,0.002,0.0
359,1684.0,0.003,0.0
360,1734.0,0.0,0.0
361,1706.0,0.002,0.0
362,1751.0,-0.115,11.6
363,1719.0,-0.091,7.1
364,1768.0,-0.22,42.9
365,1750.0,-0.546,261.3
366,3035.0,0.0,0.0
367,3029.0,0.0,0.0
368,3039.0,0.008,0.1
369,3034.0,0.011,0.2
370,3093.0,0.0,0.0
371,3087.0,0.0,0.0
372,3096.0,-0.006,0.1
373,3090.0,-0.008,0.1
374,3113.0,-0.004,0.0
375,3109.0,-0.005,0.0
376,3133.0,-0.0,0.0
377,3132.0,-0.0,0.0
378,3144.0,-0.004,0.0
379,3141.0,-0.005,0.0
380,3160.0,-0.002,0.0
381,3186.0,-0.008,0.1
382,3166.0,-0.0,0.0
383,3192.0,-0.001,0.0
384,3174.0,0.031,1.6
385,3192.0,0.0,0.0
386,3176.0,-0.0,0.0
387,3194.0,-0.0,0.0
388,3178.0,-0.018,0.5
389,3198.0,-0.0,0.0
390,3182.0,-0.0,0.0
391,3199.0,-0.0,0.0
392,3190.0,-0.017,0.5
393,3202.0,-0.019,0.6
394,3192.0,-0.001,0.0
395,3206.0,-0.0,0.0
396,3194.0,-0.003,0.0
397,3208.0,-0.009,0.1
398,3194.0,0.001,0.0
399,3208.0,0.002,0.0
400,3195.0,-0.103,17.1
401,3208.0,-0.003,0.0
402,3201.0,0.001,0.0
403,3217.0,0.0,0.0
404,3201.0,-0.001,0.0
405,3218.0,-0.044,3.1
406,3208.0,-0.004,0.0
407,3223.0,-0.001,0.0
408,3208.0,0.004,0.0
409,3223.0,0.003,0.0
410,3218.0,0.005,0.0
411,3265.0,0.046,3.5
