,Frequencies,Displacement,Reorg Energy
0,-0.0,0.0,-0.0
1,-0.0,0.0,-0.0
2,-0.0,0.0,-0.0
3,-0.0,0.0,-0.0
4,-0.0,0.0,-0.0
5,0.0,0.0,0.0
6,0.0,-0.0,0.0
7,0.0,-0.0,0.0
8,0.0,-0.0,0.0
9,0.0,-0.0,0.0
10,0.0,-0.0,0.0
11,0.0,-0.0,0.0
12,25.0,0.019,0.0
13,24.0,0.018,0.0
14,29.0,0.014,0.0
15,27.0,0.012,0.0
16,54.0,-0.001,0.0
17,56.0,-0.0,0.0
18,57.0,-0.014,0.0
19,60.0,-0.016,0.0
20,79.0,0.001,0.0
21,85.0,0.001,0.0
22,91.0,0.003,0.0
23,94.0,0.002,0.0
24,98.0,0.007,0.0
25,100.0,0.008,0.0
26,110.0,-0.02,0.0
27,115.0,-0.021,0.0
28,147.0,0.0,0.0
29,151.0,0.0,0.0
30,168.0,-0.008,0.0
31,170.0,-0.007,0.0
32,186.0,0.003,0.0
33,193.0,0.127,1.6
34,190.0,0.112,1.2
35,197.0,0.002,0.0
36,201.0,-0.001,0.0
37,201.0,-0.002,0.0
38,208.0,-0.172,3.1
39,210.0,-0.164,2.8
40,213.0,-0.002,0.0
41,216.0,-0.001,0.0
42,235.0,0.003,0.0
43,234.0,0.074,0.6
44,236.0,0.087,0.9
45,235.0,0.054,0.3
46,257.0,-0.0,0.0
47,266.0,-0.0,0.0
48,278.0,0.154,3.3
49,281.0,0.151,3.2
50,291.0,0.412,24.7
51,292.0,0.407,24.2
52,303.0,0.0,0.0
53,302.0,0.001,0.0
54,325.0,0.001,0.0
55,344.0,0.001,0.0
56,349.0,-0.04,0.3
57,355.0,-0.046,0.4
58,377.0,0.218,8.9
59,376.0,0.222,9.3
60,389.0,0.015,0.0
61,392.0,0.017,0.1
62,418.0,-0.002,0.0
63,419.0,-0.0,0.0
64,423.0,-0.363,27.9
65,425.0,-0.345,25.3
66,433.0,0.147,4.7
67,437.0,0.16,5.6
68,436.0,-0.207,9.4
69,441.0,-0.241,12.8
70,439.0,0.136,4.1
71,444.0,0.077,1.3
72,447.0,-0.003,0.0
73,454.0,-0.001,0.0
74,475.0,0.102,2.5
75,475.0,0.132,4.2
76,483.0,0.0,0.0
77,490.0,0.129,4.1
78,488.0,-0.123,3.7
79,504.0,-0.0,0.0
80,494.0,-0.001,0.0
81,511.0,-0.001,0.0
82,507.0,-0.0,0.0
83,512.0,-0.028,0.2
84,514.0,0.028,0.2
85,519.0,0.0,0.0
86,545.0,-0.143,5.6
87,544.0,-0.138,5.2
88,560.0,0.001,0.0
89,579.0,0.012,0.0
90,573.0,0.014,0.1
91,581.0,0.229,15.2
92,576.0,-0.227,14.9
93,581.0,-0.006,0.0
94,606.0,0.0,0.0
95,621.0,0.016,0.1
96,612.0,-0.017,0.1
97,625.0,-0.0,0.0
98,626.0,0.001,0.0
99,645.0,0.001,0.0
100,653.0,0.0,0.0
101,664.0,0.215,15.4
102,656.0,-0.216,15.4
103,665.0,-0.001,0.0
104,676.0,-0.001,0.0
105,692.0,-0.011,0.0
106,690.0,-0.01,0.0
107,699.0,-0.001,0.0
108,690.0,0.001,0.0
109,717.0,0.006,0.0
110,712.0,-0.007,0.0
111,740.0,-0.207,15.9
112,729.0,0.0,0.0
113,748.0,0.001,0.0
114,737.0,0.202,15.0
115,758.0,0.002,0.0
116,754.0,0.001,0.0
117,759.0,0.0,0.0
118,761.0,0.002,0.0
119,771.0,0.001,0.0
120,764.0,-0.001,0.0
121,774.0,-0.02,0.2
122,770.0,-0.022,0.2
123,784.0,-0.0,0.0
124,778.0,0.002,0.0
125,805.0,0.083,2.8
126,802.0,0.095,3.6
127,809.0,0.0,0.0
128,814.0,-0.0,0.0
129,813.0,-0.001,0.0
130,815.0,-0.0,0.0
131,818.0,-0.0,0.0
132,821.0,-0.079,2.6
133,824.0,-0.072,2.2
134,831.0,-0.001,0.0
135,829.0,-0.0,0.0
136,834.0,-0.0,0.0
137,836.0,-0.001,0.0
138,845.0,0.17,12.2
139,847.0,0.171,12.4
140,863.0,-0.075,2.4
141,872.0,-0.068,2.0
142,913.0,0.089,3.6
143,927.0,0.098,4.5
144,927.0,-0.041,0.8
145,942.0,-0.0,0.0
146,945.0,0.0,0.0
147,953.0,0.001,0.0
148,957.0,0.0,0.0
149,954.0,0.025,0.3
150,974.0,-0.006,0.0
151,963.0,-0.0,0.0
152,975.0,-0.057,1.6
153,967.0,-0.001,0.0
154,976.0,-0.0,0.0
155,976.0,-0.0,0.0
156,988.0,0.0,0.0
157,980.0,0.0,0.0
158,988.0,-0.0,0.0
159,985.0,-0.063,2.0
160,1053.0,-0.02,0.2
161,1058.0,-0.031,0.5
162,1083.0,-0.179,17.3
163,1079.0,-0.142,11.0
164,1094.0,0.042,1.0
165,1090.0,0.093,4.8
166,1121.0,0.015,0.1
167,1124.0,0.006,0.0
168,1152.0,-0.01,0.1
169,1154.0,-0.0,0.0
170,1155.0,0.0,0.0
171,1156.0,0.004,0.0
172,1160.0,-0.005,0.0
173,1157.0,-0.008,0.0
174,1176.0,-0.011,0.1
175,1176.0,-0.018,0.2
176,1186.0,-0.033,0.6
177,1184.0,-0.018,0.2
178,1196.0,-0.006,0.0
179,1194.0,-0.003,0.0
180,1200.0,-0.002,0.0
181,1202.0,-0.0,0.0
182,1206.0,0.073,3.2
183,1203.0,0.085,4.3
184,1224.0,-0.076,3.6
185,1224.0,-0.046,1.3
186,1233.0,0.037,0.8
187,1234.0,0.064,2.5
188,1243.0,-0.004,0.0
189,1247.0,-0.003,0.0
190,1264.0,0.003,0.0
191,1257.0,0.0,0.0
192,1296.0,-0.253,41.5
193,1293.0,-0.251,40.7
194,1311.0,-0.051,1.7
195,1300.0,-0.03,0.6
196,1318.0,0.003,0.0
197,1314.0,0.005,0.0
198,1349.0,0.002,0.0
199,1345.0,0.031,0.6
200,1356.0,-0.059,2.3
201,1352.0,-0.002,0.0
202,1364.0,-0.001,0.0
203,1364.0,-0.074,3.7
204,1382.0,0.019,0.3
205,1377.0,0.184,23.3
206,1382.0,0.231,37.0
207,1383.0,0.001,0.0
208,1392.0,0.045,1.4
209,1385.0,0.005,0.0
210,1400.0,-0.001,0.0
211,1391.0,-0.013,0.1
212,1401.0,0.007,0.0
213,1395.0,0.0,0.0
214,1413.0,0.008,0.0
215,1397.0,0.001,0.0
216,1416.0,0.058,2.4
217,1406.0,0.057,2.2
218,1430.0,-0.051,1.9
219,1422.0,-0.047,1.6
220,1440.0,0.122,10.7
221,1439.0,0.156,17.6
222,1441.0,0.035,0.9
223,1464.0,0.001,0.0
224,1460.0,-0.012,0.1
225,1466.0,-0.002,0.0
226,1467.0,-0.003,0.0
227,1472.0,-0.002,0.0
228,1485.0,0.0,0.0
229,1480.0,0.037,1.0
230,1490.0,-0.047,1.7
231,1482.0,-0.001,0.0
232,1498.0,0.039,1.2
233,1493.0,0.041,1.3
234,1505.0,0.0,0.0
235,1508.0,0.0,0.0
236,1512.0,0.002,0.0
237,1524.0,0.027,0.5
238,1522.0,-0.026,0.5
239,1532.0,-0.008,0.1
240,1547.0,-0.051,2.0
241,1563.0,-0.042,1.3
242,1557.0,0.187,27.2
243,1574.0,0.012,0.1
244,1568.0,-0.003,0.0
245,1574.0,-0.195,29.9
246,1579.0,-0.006,0.0
247,1589.0,-0.008,0.1
248,1598.0,-0.002,0.0
249,1608.0,-0.002,0.0
250,1598.0,0.016,0.2
251,1618.0,0.078,4.9
252,1622.0,0.037,1.1
253,1626.0,0.011,0.1
254,1686.0,0.005,0.0
255,1664.0,0.008,0.1
256,1725.0,-0.177,27.1
257,1701.0,-0.165,23.3
258,1743.0,-0.003,0.0
259,1719.0,-0.295,74.8
260,1745.0,0.249,54.0
261,1723.0,0.002,0.0
262,3034.0,-0.0,0.0
263,3022.0,-0.0,0.0
264,3038.0,0.017,0.5
265,3027.0,0.019,0.5
266,3092.0,-0.0,0.0
267,3080.0,-0.0,0.0
268,3095.0,0.014,0.3
269,3083.0,0.012,0.2
270,3112.0,-0.008,0.1
271,3104.0,-0.009,0.1
272,3132.0,0.0,0.0
273,3130.0,0.0,0.0
274,3143.0,0.009,0.1
275,3138.0,0.007,0.1
276,3197.0,-0.003,0.0
277,3181.0,-0.003,0.0
278,3198.0,0.0,0.0
279,3181.0,0.001,0.0
280,3204.0,0.004,0.0
281,3187.0,0.005,0.0
282,3204.0,-0.009,0.1
283,3188.0,-0.008,0.1
284,3212.0,0.001,0.0
285,3198.0,0.0,0.0
286,3212.0,0.001,0.0
287,3198.0,0.001,0.0
288,3225.0,0.004,0.0
289,3212.0,0.003,0.0
290,3225.0,0.018,0.5
291,3212.0,0.018,0.5
