,Frequencies,Displacement,Reorg Energy
0,-0.0,-0.0,-0.0
1,-0.0,-0.0,-0.0
2,-0.0,0.0,-0.0
3,-0.0,0.0,-0.0
4,0.0,0.0,0.0
5,-0.0,0.0,-0.0
6,0.0,-0.0,0.0
7,0.0,-0.0,0.0
8,0.0,-0.0,0.0
9,0.0,-0.0,0.0
10,0.0,0.0,0.0
11,0.0,0.0,0.0
12,24.0,-0.001,0.0
13,23.0,-0.005,0.0
14,29.0,-0.005,0.0
15,25.0,-0.001,0.0
16,50.0,0.004,0.0
17,51.0,0.003,0.0
18,53.0,0.005,0.0
19,55.0,0.005,0.0
20,58.0,0.002,0.0
21,64.0,0.001,0.0
22,73.0,0.001,0.0
23,77.0,0.001,0.0
24,86.0,-0.003,0.0
25,85.0,-0.002,0.0
26,91.0,-0.003,0.0
27,92.0,-0.001,0.0
28,106.0,0.012,0.0
29,108.0,0.013,0.0
30,116.0,-0.001,0.0
31,118.0,-0.001,0.0
32,164.0,-0.001,0.0
33,160.0,-0.001,0.0
34,169.0,-0.0,0.0
35,169.0,-0.001,0.0
36,178.0,-0.001,0.0
37,187.0,-0.174,2.8
38,184.0,-0.154,2.2
39,188.0,-0.007,0.0
40,201.0,0.201,4.0
41,203.0,0.189,3.6
42,207.0,-0.0,0.0
43,208.0,-0.0,0.0
44,235.0,-0.006,0.0
45,235.0,-0.003,0.0
46,238.0,0.057,0.4
47,235.0,0.058,0.4
48,260.0,0.0,0.0
49,272.0,0.125,2.1
50,268.0,0.128,2.2
51,272.0,0.042,0.2
52,271.0,0.001,0.0
53,274.0,0.0,0.0
54,287.0,0.41,24.1
55,289.0,0.401,23.2
56,311.0,0.001,0.0
57,316.0,0.001,0.0
58,335.0,0.07,0.8
59,341.0,0.076,1.0
60,339.0,0.001,0.0
61,356.0,0.001,0.0
62,367.0,-0.102,1.9
63,374.0,-0.113,2.4
64,388.0,0.009,0.0
65,393.0,0.03,0.2
66,395.0,-0.05,0.5
67,399.0,-0.041,0.3
68,409.0,-0.491,49.3
69,415.0,-0.488,49.4
70,429.0,0.316,21.4
71,433.0,0.268,15.6
72,434.0,-0.259,14.6
73,437.0,-0.307,20.6
74,436.0,0.054,0.6
75,441.0,0.051,0.6
76,438.0,0.007,0.0
77,447.0,0.003,0.0
78,445.0,-0.0,0.0
79,448.0,-0.0,0.0
80,464.0,0.0,0.0
81,474.0,0.001,0.0
82,474.0,-0.017,0.1
83,477.0,-0.043,0.4
84,479.0,-0.001,0.0
85,481.0,-0.001,0.0
86,485.0,0.158,6.0
87,486.0,0.175,7.5
88,519.0,-0.028,0.2
89,517.0,-0.023,0.1
90,522.0,0.0,0.0
91,535.0,0.0,0.0
92,544.0,0.176,8.5
93,542.0,0.143,5.5
94,566.0,0.339,32.4
95,571.0,0.352,35.3
96,572.0,0.012,0.0
97,578.0,0.011,0.0
98,572.0,-0.001,0.0
99,592.0,-0.0,0.0
100,597.0,-0.075,1.7
101,603.0,-0.07,1.5
102,612.0,-0.015,0.1
103,622.0,-0.016,0.1
104,616.0,-0.0,0.0
105,632.0,-0.0,0.0
106,631.0,0.0,0.0
107,653.0,0.0,0.0
108,663.0,-0.0,0.0
109,667.0,-0.0,0.0
110,704.0,-0.0,0.0
111,715.0,-0.006,0.0
112,708.0,0.0,0.0
113,717.0,0.006,0.0
114,709.0,-0.013,0.1
115,725.0,-0.093,3.1
116,711.0,-0.002,0.0
117,740.0,-0.0,0.0
118,722.0,0.087,2.7
119,747.0,0.0,0.0
120,758.0,0.0,0.0
121,763.0,0.0,0.0
122,768.0,-0.0,0.0
123,772.0,-0.0,0.0
124,768.0,0.0,0.0
125,782.0,0.0,0.0
126,771.0,0.0,0.0
127,787.0,0.0,0.0
128,799.0,-0.097,3.8
129,803.0,-0.08,2.6
130,806.0,0.022,0.2
131,809.0,0.002,0.0
132,821.0,0.081,2.7
133,824.0,0.053,1.2
134,843.0,0.181,13.8
135,844.0,0.19,15.2
136,868.0,-0.0,0.0
137,864.0,-0.0,0.0
138,869.0,-0.0,0.0
139,865.0,-0.0,0.0
140,875.0,-0.0,0.0
141,870.0,-0.0,0.0
142,878.0,0.0,0.0
143,871.0,0.0,0.0
144,886.0,0.061,1.6
145,895.0,0.06,1.6
146,909.0,0.004,0.0
147,918.0,0.001,0.0
148,937.0,-0.187,16.4
149,945.0,-0.002,0.0
150,947.0,0.109,5.6
151,952.0,0.22,23.0
152,948.0,-0.002,0.0
153,957.0,-0.002,0.0
154,958.0,-0.001,0.0
155,969.0,-0.058,1.6
156,1003.0,0.107,5.7
157,992.0,0.0,0.0
158,1011.0,-0.0,0.0
159,996.0,-0.0,0.0
160,1013.0,0.0,0.0
161,1001.0,0.0,0.0
162,1020.0,-0.0,0.0
163,1005.0,-0.0,0.0
164,1021.0,-0.0,0.0
165,1017.0,-0.098,4.9
166,1050.0,-0.036,0.7
167,1053.0,-0.038,0.8
168,1079.0,-0.0,0.0
169,1076.0,-0.019,0.2
170,1096.0,-0.078,3.4
171,1093.0,-0.063,2.2
172,1105.0,0.063,2.2
173,1102.0,0.046,1.2
174,1152.0,-0.0,0.0
175,1153.0,-0.008,0.0
176,1156.0,-0.0,0.0
177,1153.0,-0.001,0.0
178,1158.0,0.035,0.7
179,1156.0,0.0,0.0
180,1162.0,-0.006,0.0
181,1170.0,-0.038,0.8
182,1175.0,0.036,0.8
183,1180.0,0.033,0.6
184,1192.0,-0.029,0.5
185,1195.0,-0.01,0.1
186,1207.0,-0.009,0.1
187,1206.0,-0.0,0.0
188,1209.0,-0.003,0.0
189,1213.0,-0.022,0.3
190,1222.0,-0.11,7.3
191,1218.0,-0.086,4.5
192,1236.0,-0.015,0.1
193,1240.0,-0.01,0.1
194,1239.0,-0.002,0.0
195,1241.0,-0.045,1.3
196,1254.0,-0.013,0.1
197,1251.0,-0.003,0.0
198,1280.0,-0.024,0.4
199,1267.0,-0.025,0.4
200,1312.0,0.517,175.2
201,1304.0,0.0,0.0
202,1317.0,-0.138,12.5
203,1309.0,-0.093,5.6
204,1320.0,0.005,0.0
205,1317.0,0.027,0.5
206,1333.0,0.015,0.1
207,1326.0,0.515,176.2
208,1360.0,0.064,2.8
209,1338.0,0.012,0.1
210,1367.0,0.001,0.0
211,1358.0,0.014,0.1
212,1374.0,0.032,0.7
213,1370.0,0.003,0.0
214,1376.0,0.0,0.0
215,1375.0,0.043,1.3
216,1384.0,-0.178,21.9
217,1382.0,-0.0,0.0
218,1401.0,0.005,0.0
219,1388.0,0.088,5.3
220,1404.0,-0.009,0.1
221,1401.0,-0.0,0.0
222,1407.0,-0.0,0.0
223,1407.0,-0.307,66.3
224,1423.0,0.273,52.9
225,1417.0,0.05,1.8
226,1425.0,0.001,0.0
227,1429.0,0.018,0.2
228,1442.0,-0.04,1.2
229,1436.0,-0.019,0.3
230,1451.0,0.093,6.3
231,1444.0,0.087,5.5
232,1464.0,-0.068,3.4
233,1462.0,-0.021,0.3
234,1480.0,-0.0,0.0
235,1479.0,-0.253,47.3
236,1484.0,0.0,0.0
237,1485.0,0.001,0.0
238,1486.0,0.0,0.0
239,1491.0,0.002,0.0
240,1495.0,0.007,0.0
241,1497.0,0.001,0.0
242,1496.0,0.202,30.4
243,1498.0,0.037,1.0
244,1500.0,-0.044,1.5
245,1505.0,-0.0,0.0
246,1503.0,-0.001,0.0
247,1506.0,-0.002,0.0
248,1505.0,-0.023,0.4
249,1508.0,-0.006,0.0
250,1521.0,-0.025,0.5
251,1523.0,-0.027,0.6
252,1525.0,0.001,0.0
253,1543.0,0.003,0.0
254,1566.0,-0.005,0.0
255,1561.0,-0.005,0.0
256,1571.0,0.036,1.0
257,1604.0,0.305,74.7
258,1576.0,0.133,13.9
259,1615.0,0.008,0.1
260,1587.0,0.001,0.0
261,1620.0,0.04,1.3
262,1592.0,0.004,0.0
263,1632.0,0.003,0.0
264,1608.0,0.006,0.0
265,1632.0,0.007,0.0
266,1625.0,-0.275,61.5
267,1649.0,-0.002,0.0
268,1711.0,0.001,0.0
269,1713.0,0.004,0.0
270,1722.0,-0.001,0.0
271,1722.0,-0.001,0.0
272,1760.0,-0.126,13.9
273,1751.0,-0.126,14.0
274,1768.0,0.158,22.0
275,1759.0,0.211,39.2
276,3042.0,-0.0,0.0
277,3035.0,-0.0,0.0
278,3045.0,0.011,0.2
279,3039.0,0.012,0.2
280,3072.0,-0.01,0.2
281,3062.0,-0.01,0.2
282,3103.0,-0.0,0.0
283,3092.0,-0.0,0.0
284,3106.0,-0.012,0.2
285,3096.0,-0.011,0.2
286,3119.0,0.003,0.0
287,3113.0,0.005,0.0
288,3135.0,0.0,0.0
289,3121.0,0.0,0.0
290,3139.0,-0.0,0.0
291,3133.0,-0.0,0.0
292,3147.0,-0.008,0.1
293,3144.0,-0.007,0.1
294,3192.0,-0.002,0.0
295,3183.0,-0.003,0.0
296,3205.0,-0.0,0.0
297,3194.0,-0.0,0.0
298,3205.0,-0.0,0.0
299,3194.0,-0.0,0.0
300,3210.0,0.001,0.0
301,3201.0,0.001,0.0
302,3210.0,0.001,0.0
303,3201.0,0.001,0.0
304,3217.0,-0.0,0.0
305,3208.0,-0.0,0.0
306,3217.0,-0.0,0.0
307,3208.0,-0.0,0.0
308,3229.0,-0.004,0.0
309,3218.0,-0.005,0.0
