,Frequencies,Displacement,Reorg Energy
0,-0.0,0.0,-0.0
1,-0.0,0.0,-0.0
2,-0.0,0.0,-0.0
3,-0.0,0.0,-0.0
4,-0.0,-0.0,-0.0
5,0.0,-0.0,0.0
6,-0.0,-0.0,-0.0
7,0.0,-0.0,0.0
8,0.0,0.0,0.0
9,0.0,0.0,0.0
10,0.0,-0.0,0.0
11,0.0,-0.0,0.0
12,24.0,-0.019,0.0
13,25.0,-0.013,0.0
14,29.0,-0.0,0.0
15,26.0,-0.015,0.0
16,51.0,-0.003,0.0
17,53.0,-0.003,0.0
18,56.0,-0.006,0.0
19,60.0,-0.007,0.0
20,64.0,0.002,0.0
21,71.0,0.002,0.0
22,78.0,-0.001,0.0
23,83.0,-0.001,0.0
24,87.0,-0.002,0.0
25,89.0,-0.001,0.0
26,93.0,-0.001,0.0
27,95.0,-0.001,0.0
28,105.0,0.004,0.0
29,110.0,0.005,0.0
30,120.0,-0.002,0.0
31,124.0,-0.002,0.0
32,168.0,-0.002,0.0
33,167.0,-0.001,0.0
34,170.0,0.0,0.0
35,172.0,0.001,0.0
36,186.0,0.005,0.0
37,188.0,0.094,0.8
38,186.0,0.084,0.7
39,198.0,0.0,0.0
40,203.0,-0.131,1.7
41,205.0,-0.125,1.6
42,209.0,0.002,0.0
43,211.0,0.004,0.0
44,235.0,-0.001,0.0
45,234.0,-0.078,0.7
46,235.0,0.081,0.8
47,235.0,0.034,0.1
48,257.0,-0.001,0.0
49,266.0,-0.001,0.0
50,271.0,-0.056,0.4
51,274.0,-0.01,0.0
52,271.0,-0.092,1.1
53,275.0,-0.106,1.6
54,288.0,-0.338,16.4
55,290.0,-0.333,16.1
56,303.0,-0.0,0.0
57,302.0,-0.001,0.0
58,336.0,0.001,0.0
59,344.0,0.068,0.8
60,338.0,0.064,0.7
61,351.0,0.001,0.0
62,370.0,0.098,1.8
63,376.0,0.109,2.2
64,391.0,0.03,0.2
65,394.0,0.045,0.4
66,396.0,-0.035,0.2
67,399.0,-0.034,0.2
68,413.0,0.44,40.1
69,418.0,0.437,40.0
70,418.0,-0.0,0.0
71,419.0,-0.022,0.1
72,433.0,0.348,26.2
73,437.0,0.339,25.0
74,439.0,0.152,5.0
75,443.0,0.14,4.3
76,442.0,0.06,0.8
77,448.0,0.057,0.7
78,447.0,-0.003,0.0
79,454.0,-0.0,0.0
80,474.0,0.027,0.2
81,475.0,0.079,1.5
82,483.0,-0.002,0.0
83,484.0,-0.199,9.6
84,484.0,0.182,8.0
85,504.0,0.0,0.0
86,497.0,-0.0,0.0
87,511.0,-0.031,0.3
88,507.0,-0.0,0.0
89,512.0,-0.0,0.0
90,514.0,-0.039,0.4
91,518.0,-0.0,0.0
92,543.0,-0.229,14.3
93,541.0,-0.21,12.0
94,567.0,-0.258,18.9
95,571.0,-0.279,22.3
96,567.0,0.025,0.2
97,580.0,0.006,0.0
98,574.0,-0.01,0.0
99,588.0,-0.0,0.0
100,593.0,-0.066,1.3
101,597.0,-0.069,1.4
102,605.0,0.0,0.0
103,624.0,0.001,0.0
104,615.0,-0.015,0.1
105,624.0,-0.015,0.1
106,632.0,0.001,0.0
107,653.0,0.0,0.0
108,652.0,-0.0,0.0
109,664.0,-0.0,0.0
110,672.0,-0.001,0.0
111,712.0,-0.007,0.0
112,700.0,0.0,0.0
113,714.0,0.0,0.0
114,707.0,0.008,0.0
115,730.0,0.15,8.2
116,710.0,0.0,0.0
117,745.0,0.0,0.0
118,727.0,-0.146,7.7
119,748.0,-0.001,0.0
120,753.0,-0.001,0.0
121,757.0,-0.001,0.0
122,758.0,-0.0,0.0
123,766.0,-0.001,0.0
124,759.0,-0.001,0.0
125,779.0,-0.001,0.0
126,764.0,-0.001,0.0
127,796.0,-0.0,0.0
128,799.0,0.078,2.4
129,802.0,0.071,2.0
130,804.0,0.011,0.0
131,807.0,0.011,0.0
132,809.0,0.0,0.0
133,808.0,0.001,0.0
134,814.0,0.0,0.0
135,815.0,0.0,0.0
136,822.0,-0.089,3.3
137,825.0,-0.08,2.7
138,826.0,0.0,0.0
139,827.0,0.0,0.0
140,832.0,0.0,0.0
141,830.0,0.0,0.0
142,844.0,-0.145,8.8
143,846.0,-0.145,8.9
144,888.0,0.058,1.5
145,894.0,0.059,1.5
146,913.0,-0.002,0.0
147,919.0,-0.008,0.0
148,926.0,0.048,1.0
149,941.0,0.001,0.0
150,945.0,-0.001,0.0
151,953.0,-0.001,0.0
152,952.0,-0.157,11.7
153,956.0,-0.125,7.5
154,957.0,0.002,0.0
155,963.0,0.001,0.0
156,974.0,-0.0,0.0
157,965.0,-0.108,5.6
158,976.0,-0.0,0.0
159,966.0,-0.001,0.0
160,987.0,-0.0,0.0
161,976.0,-0.0,0.0
162,988.0,0.0,0.0
163,979.0,0.0,0.0
164,1014.0,0.039,0.8
165,1025.0,0.02,0.2
166,1041.0,0.034,0.6
167,1041.0,0.043,1.0
168,1067.0,0.025,0.3
169,1069.0,0.027,0.4
170,1093.0,-0.167,15.3
171,1083.0,-0.104,5.9
172,1102.0,0.146,11.8
173,1103.0,0.187,19.2
174,1137.0,0.005,0.0
175,1145.0,0.002,0.0
176,1153.0,-0.001,0.0
177,1153.0,-0.001,0.0
178,1155.0,-0.0,0.0
179,1154.0,-0.0,0.0
180,1160.0,-0.009,0.0
181,1157.0,-0.012,0.1
182,1169.0,0.018,0.2
183,1173.0,0.014,0.1
184,1186.0,-0.025,0.4
185,1183.0,-0.009,0.0
186,1194.0,-0.004,0.0
187,1192.0,-0.005,0.0
188,1196.0,0.0,0.0
189,1197.0,0.009,0.1
190,1224.0,-0.077,3.6
191,1223.0,-0.052,1.6
192,1233.0,-0.035,0.8
193,1233.0,-0.058,2.1
194,1240.0,0.024,0.3
195,1243.0,0.045,1.3
196,1243.0,0.003,0.0
197,1246.0,0.007,0.0
198,1251.0,-0.01,0.1
199,1255.0,-0.003,0.0
200,1296.0,-0.135,11.8
201,1283.0,-0.06,2.3
202,1299.0,-0.187,22.7
203,1295.0,-0.206,27.5
204,1316.0,-0.077,3.9
205,1306.0,-0.104,7.1
206,1319.0,0.008,0.0
207,1315.0,0.014,0.1
208,1351.0,-0.004,0.0
209,1349.0,-0.029,0.6
210,1360.0,0.073,3.6
211,1354.0,0.003,0.0
212,1366.0,-0.005,0.0
213,1366.0,-0.066,3.0
214,1382.0,0.003,0.0
215,1376.0,0.194,25.8
216,1383.0,0.237,38.8
217,1383.0,0.0,0.0
218,1392.0,0.014,0.1
219,1387.0,0.004,0.0
220,1400.0,0.0,0.0
221,1392.0,0.008,0.0
222,1404.0,-0.008,0.0
223,1397.0,-0.0,0.0
224,1416.0,0.058,2.4
225,1406.0,0.059,2.4
226,1429.0,0.029,0.6
227,1419.0,0.032,0.7
228,1435.0,-0.029,0.6
229,1427.0,-0.005,0.0
230,1444.0,0.002,0.0
231,1446.0,0.168,20.5
232,1449.0,-0.146,15.5
233,1468.0,-0.007,0.0
234,1466.0,-0.016,0.2
235,1470.0,-0.041,1.2
236,1467.0,0.052,2.0
237,1472.0,0.005,0.0
238,1485.0,0.0,0.0
239,1482.0,0.056,2.3
240,1493.0,0.06,2.7
241,1482.0,0.001,0.0
242,1496.0,-0.0,0.0
243,1494.0,-0.042,1.3
244,1498.0,-0.044,1.5
245,1496.0,-0.0,0.0
246,1505.0,-0.0,0.0
247,1507.0,-0.024,0.4
248,1506.0,-0.017,0.2
249,1508.0,-0.0,0.0
250,1511.0,0.005,0.0
251,1524.0,0.028,0.6
252,1523.0,-0.026,0.5
253,1530.0,-0.003,0.0
254,1547.0,0.029,0.6
255,1562.0,0.025,0.5
256,1555.0,0.191,28.4
257,1573.0,0.198,31.0
258,1570.0,-0.008,0.1
259,1575.0,-0.011,0.1
260,1580.0,0.0,0.0
261,1591.0,0.001,0.0
262,1598.0,-0.003,0.0
263,1609.0,-0.003,0.0
264,1599.0,0.003,0.0
265,1617.0,0.069,3.8
266,1622.0,0.031,0.8
267,1627.0,0.001,0.0
268,1685.0,0.005,0.0
269,1663.0,0.008,0.1
270,1696.0,0.004,0.0
271,1674.0,0.005,0.0
272,1724.0,-0.147,18.6
273,1700.0,-0.128,14.0
274,1734.0,0.256,57.0
275,1712.0,0.305,79.5
276,3034.0,-0.0,0.0
277,3022.0,-0.0,0.0
278,3038.0,0.017,0.5
279,3027.0,0.019,0.5
280,3061.0,0.017,0.4
281,3046.0,0.016,0.4
282,3092.0,0.0,0.0
283,3080.0,0.0,0.0
284,3095.0,0.014,0.3
285,3083.0,0.012,0.2
286,3112.0,-0.008,0.1
287,3096.0,-0.0,0.0
288,3120.0,-0.0,0.0
289,3104.0,-0.009,0.1
290,3132.0,-0.0,0.0
291,3129.0,-0.0,0.0
292,3143.0,-0.009,0.1
293,3138.0,-0.007,0.1
294,3182.0,-0.003,0.0
295,3170.0,-0.004,0.0
296,3198.0,0.001,0.0
297,3181.0,0.001,0.0
298,3198.0,0.0,0.0
299,3181.0,0.0,0.0
300,3204.0,-0.005,0.0
301,3188.0,-0.005,0.0
302,3205.0,-0.008,0.1
303,3189.0,-0.007,0.1
304,3213.0,0.0,0.0
305,3198.0,0.0,0.0
306,3213.0,-0.0,0.0
307,3199.0,-0.0,0.0
308,3224.0,-0.001,0.0
309,3211.0,-0.002,0.0
