,Frequencies,Displacement,Reorg Energy
0,-0.0,0.0,-0.0
1,-0.0,0.0,-0.0
2,-0.0,-0.0,-0.0
3,-0.0,-0.0,-0.0
4,0.0,-0.0,0.0
5,-0.0,-0.0,-0.0
6,0.0,-0.0,0.0
7,-0.0,-0.0,-0.0
8,0.0,-0.0,0.0
9,0.0,-0.0,0.0
10,0.0,-0.0,0.0
11,0.0,-0.0,0.0
12,15.0,0.119,0.1
13,17.0,0.57,2.7
14,23.0,4.251,204.1
15,23.0,7.807,707.1
16,32.0,-0.213,0.7
17,34.0,-12.919,2797.6
18,50.0,0.238,1.4
19,35.0,2.701,129.0
20,55.0,-4.164,473.3
21,58.0,-0.338,3.3
22,60.0,-3.508,369.8
23,59.0,-0.866,22.1
24,68.0,-12.513,5357.2
25,64.0,-0.405,5.2
26,87.0,4.16,756.4
27,81.0,1.459,86.5
28,100.0,0.689,23.8
29,93.0,0.488,11.0
30,111.0,-1.299,93.5
31,104.0,-0.053,0.1
32,115.0,-20.679,24511.0
33,118.0,-0.065,0.2
34,167.0,2.392,477.6
35,143.0,0.105,0.8
36,169.0,-4.687,1852.1
37,165.0,-1.587,208.0
38,171.0,2.574,566.3
39,171.0,0.008,0.0
40,189.0,1.617,246.5
41,193.0,0.145,2.0
42,195.0,0.582,33.0
43,198.0,0.204,4.1
44,213.0,0.183,3.6
45,202.0,0.422,18.0
46,219.0,0.908,90.1
47,217.0,0.082,0.7
48,234.0,-0.524,32.1
49,233.0,-0.311,11.3
50,235.0,0.351,14.5
51,235.0,0.048,0.3
52,258.0,3.602,1672.8
53,253.0,1.647,343.6
54,259.0,-2.407,749.9
55,265.0,-0.104,1.4
56,268.0,2.805,1056.1
57,268.0,0.556,41.4
58,296.0,0.541,43.2
59,299.0,0.12,2.2
60,306.0,0.203,6.3
61,301.0,0.09,1.2
62,314.0,-5.306,4421.8
63,309.0,-1.348,281.0
64,341.0,0.05,0.4
65,343.0,0.003,0.0
66,363.0,0.109,2.2
67,360.0,0.054,0.5
68,369.0,-0.046,0.4
69,393.0,-0.293,16.8
70,380.0,-1.215,281.0
71,396.0,-0.975,188.6
72,397.0,0.218,9.4
73,418.0,0.229,10.9
74,416.0,-1.658,572.2
75,419.0,-0.234,11.5
76,421.0,-8.127,13910.2
77,431.0,-0.001,0.0
78,435.0,2.619,1490.8
79,435.0,0.03,0.2
80,442.0,0.641,90.8
81,442.0,0.023,0.1
82,447.0,0.165,6.1
83,445.0,0.056,0.7
84,448.0,0.536,64.3
85,454.0,0.004,0.0
86,453.0,-0.025,0.1
87,466.0,-0.574,76.7
88,467.0,1.637,625.3
89,475.0,0.011,0.0
90,480.0,0.01,0.0
91,501.0,0.516,66.8
92,494.0,0.066,1.1
93,505.0,0.002,0.0
94,500.0,0.001,0.0
95,511.0,0.171,7.4
96,503.0,0.08,1.6
97,511.0,0.023,0.1
98,515.0,-0.049,0.6
99,517.0,-0.079,1.6
100,515.0,-0.22,12.4
101,527.0,-0.004,0.0
102,540.0,0.04,0.4
103,543.0,0.253,17.3
104,548.0,-0.002,0.0
105,579.0,-0.003,0.0
106,580.0,-0.007,0.0
107,582.0,-0.144,6.0
108,581.0,0.279,22.6
109,592.0,0.0,0.0
110,591.0,-0.002,0.0
111,623.0,-0.081,2.0
112,623.0,0.194,11.7
113,625.0,0.009,0.0
114,625.0,0.013,0.1
115,634.0,0.0,0.0
116,636.0,-0.095,2.9
117,648.0,-0.241,18.8
118,650.0,-0.008,0.0
119,656.0,-0.0,0.0
120,662.0,-0.004,0.0
121,664.0,-0.061,1.2
122,667.0,0.275,25.3
123,702.0,0.002,0.0
124,709.0,0.274,26.6
125,711.0,0.023,0.2
126,712.0,-0.075,2.0
127,714.0,-0.01,0.0
128,727.0,0.515,96.5
129,729.0,0.05,0.9
130,747.0,0.046,0.8
131,745.0,0.003,0.0
132,753.0,0.525,103.7
133,748.0,0.009,0.0
134,758.0,0.007,0.0
135,756.0,0.14,7.4
136,768.0,0.275,29.1
137,763.0,0.004,0.0
138,785.0,0.002,0.0
139,766.0,0.115,5.1
140,795.0,-0.156,9.6
141,783.0,-0.002,0.0
142,797.0,0.902,324.4
143,803.0,0.088,3.1
144,803.0,0.57,130.7
145,803.0,0.182,13.3
146,806.0,0.777,243.2
147,809.0,0.059,1.4
148,816.0,-0.007,0.0
149,815.0,-0.122,6.1
150,820.0,0.227,21.1
151,817.0,0.03,0.4
152,825.0,-0.018,0.1
153,823.0,-0.299,36.8
154,830.0,0.008,0.0
155,828.0,0.053,1.2
156,834.0,-0.156,10.1
157,831.0,-0.006,0.0
158,835.0,0.188,14.7
159,836.0,0.178,13.2
160,847.0,-0.003,0.0
161,839.0,-0.478,95.7
162,855.0,0.157,10.6
163,860.0,0.464,92.5
164,894.0,-0.006,0.0
165,900.0,-0.007,0.0
166,925.0,0.075,2.6
167,920.0,0.017,0.1
168,928.0,-0.08,3.0
169,931.0,-0.074,2.6
170,944.0,-0.001,0.0
171,942.0,-0.0,0.0
172,956.0,-0.0,0.0
173,954.0,-0.0,0.0
174,959.0,0.046,1.0
175,962.0,0.24,27.7
176,972.0,0.126,7.8
177,964.0,0.012,0.1
178,973.0,0.061,1.8
179,967.0,0.0,0.0
180,976.0,0.004,0.0
181,974.0,0.043,0.9
182,977.0,0.103,5.2
183,976.0,0.008,0.0
184,987.0,0.013,0.1
185,980.0,0.007,0.0
186,990.0,0.001,0.0
187,980.0,0.001,0.0
188,994.0,-0.548,149.3
189,987.0,-0.111,6.0
190,1000.0,-0.522,136.2
191,1021.0,-0.209,22.2
192,1002.0,-0.004,0.0
193,1049.0,-0.037,0.7
194,1021.0,-1.089,606.0
195,1065.0,-0.024,0.3
196,1064.0,0.156,13.0
197,1079.0,0.067,2.4
198,1069.0,0.08,3.5
199,1089.0,0.027,0.4
200,1095.0,-0.012,0.1
201,1097.0,-0.001,0.0
202,1123.0,-0.004,0.0
203,1140.0,-0.001,0.0
204,1134.0,-0.424,102.1
205,1145.0,-0.005,0.0
206,1146.0,-0.032,0.6
207,1154.0,-0.001,0.0
208,1155.0,0.0,0.0
209,1155.0,0.123,8.8
210,1166.0,-0.076,3.4
211,1164.0,-0.041,1.0
212,1168.0,0.024,0.3
213,1174.0,0.024,0.3
214,1175.0,-0.042,1.0
215,1177.0,-0.001,0.0
216,1190.0,-0.068,2.7
217,1185.0,-0.04,0.9
218,1201.0,0.012,0.1
219,1196.0,0.052,1.6
220,1206.0,0.002,0.0
221,1196.0,0.245,36.0
222,1221.0,1.793,1961.3
223,1203.0,0.002,0.0
224,1228.0,-0.056,1.9
225,1223.0,-0.02,0.2
226,1237.0,0.031,0.6
227,1233.0,0.007,0.0
228,1247.0,0.007,0.0
229,1243.0,0.007,0.0
230,1265.0,-0.009,0.1
231,1254.0,-0.008,0.0
232,1280.0,0.537,184.7
233,1264.0,0.27,46.1
234,1296.0,0.394,100.8
235,1295.0,0.038,0.9
236,1315.0,1.039,709.2
237,1307.0,0.293,55.9
238,1318.0,0.047,1.4
239,1314.0,0.026,0.4
240,1323.0,0.002,0.0
241,1328.0,0.002,0.0
242,1335.0,0.377,94.8
243,1344.0,0.621,259.3
244,1360.0,0.003,0.0
245,1350.0,0.001,0.0
246,1364.0,0.052,1.8
247,1354.0,0.013,0.1
248,1371.0,-0.142,13.8
249,1365.0,-0.25,42.5
250,1376.0,-0.0,0.0
251,1372.0,-0.396,107.9
252,1384.0,-0.0,0.0
253,1383.0,-0.0,0.0
254,1393.0,-0.075,3.9
255,1388.0,-0.0,0.0
256,1397.0,-0.003,0.0
257,1392.0,-0.174,21.2
258,1398.0,-0.001,0.0
259,1397.0,-0.0,0.0
260,1412.0,0.045,1.4
261,1406.0,0.025,0.4
262,1415.0,-0.001,0.0
263,1422.0,-0.135,12.9
264,1425.0,-0.046,1.5
265,1436.0,-0.223,35.7
266,1438.0,0.033,0.8
267,1464.0,0.259,49.1
268,1460.0,0.22,35.3
269,1468.0,0.019,0.3
270,1471.0,0.006,0.0
271,1472.0,0.006,0.0
272,1480.0,0.003,0.0
273,1482.0,0.064,3.0
274,1483.0,0.017,0.2
275,1482.0,0.0,0.0
276,1484.0,-0.0,0.0
277,1482.0,-0.001,0.0
278,1491.0,0.37,102.3
279,1493.0,0.017,0.2
280,1496.0,0.014,0.2
281,1508.0,0.0,0.0
282,1506.0,0.0,0.0
283,1524.0,0.019,0.3
284,1523.0,0.021,0.3
285,1528.0,0.267,54.3
286,1533.0,0.001,0.0
287,1529.0,0.0,0.0
288,1537.0,-0.005,0.0
289,1562.0,-0.113,9.9
290,1556.0,-0.123,11.8
291,1572.0,-0.068,3.7
292,1576.0,-0.054,2.3
293,1576.0,-0.001,0.0
294,1582.0,-0.001,0.0
295,1591.0,-0.002,0.0
296,1589.0,0.003,0.0
297,1609.0,0.001,0.0
298,1615.0,-0.002,0.0
299,1617.0,-0.017,0.2
300,1618.0,0.104,8.8
301,1626.0,0.162,21.5
302,1633.0,0.136,15.0
303,1631.0,0.003,0.0
304,1648.0,0.872,627.1
305,1643.0,0.602,297.8
306,1687.0,-0.005,0.0
307,1664.0,-0.002,0.0
308,1710.0,0.003,0.0
309,1685.0,0.0,0.0
310,1723.0,-0.259,57.7
311,1701.0,-0.068,4.0
312,1761.0,-0.666,390.5
313,1722.0,-0.12,12.5
314,3031.0,-0.0,0.0
315,3022.0,-0.0,0.0
316,3035.0,0.013,0.3
317,3027.0,0.011,0.2
318,3088.0,-0.0,0.0
319,3080.0,-0.0,0.0
320,3091.0,0.01,0.2
321,3083.0,0.007,0.1
322,3110.0,-0.006,0.1
323,3104.0,-0.005,0.0
324,3132.0,0.0,0.0
325,3129.0,0.0,0.0
326,3142.0,-0.006,0.0
327,3138.0,-0.003,0.0
328,3194.0,0.003,0.0
329,3151.0,0.014,0.3
330,3194.0,0.001,0.0
331,3164.0,0.0,0.0
332,3196.0,-0.028,1.3
333,3177.0,-0.062,6.2
334,3200.0,0.002,0.0
335,3182.0,0.004,0.0
336,3200.0,-0.004,0.0
337,3182.0,-0.001,0.0
338,3206.0,0.0,0.0
339,3189.0,0.002,0.0
340,3209.0,-0.001,0.0
341,3190.0,-0.004,0.0
342,3210.0,-0.001,0.0
343,3199.0,-0.003,0.0
344,3214.0,-0.009,0.1
345,3199.0,-0.005,0.0
346,3225.0,0.005,0.0
347,3200.0,0.001,0.0
348,3226.0,0.019,0.6
349,3202.0,0.015,0.4
350,3274.0,-0.495,401.3
351,3211.0,-0.002,0.0
