,Frequencies,Displacement,Reorg Energy
0,-0.0,0.0,-0.0
1,-0.0,0.0,-0.0
2,-0.0,-0.0,-0.0
3,-0.0,-0.0,-0.0
4,-0.0,-0.0,-0.0
5,-0.0,-0.0,-0.0
6,-0.0,-0.0,-0.0
7,-0.0,-0.0,-0.0
8,0.0,-0.0,0.0
9,0.0,-0.0,0.0
10,0.0,0.0,0.0
11,0.0,0.0,0.0
12,11.0,2.277,27.5
13,17.0,0.143,0.2
14,17.0,-0.109,0.1
15,23.0,-1.972,45.1
16,22.0,0.443,2.2
17,34.0,3.222,174.0
18,36.0,0.014,0.0
19,35.0,0.679,8.2
20,53.0,-0.036,0.0
21,58.0,-0.087,0.2
22,54.0,-0.004,0.0
23,59.0,-0.209,1.3
24,63.0,-0.016,0.0
25,64.0,-0.101,0.3
26,75.0,0.076,0.2
27,81.0,0.362,5.3
28,87.0,0.03,0.0
29,93.0,0.118,0.6
30,103.0,0.001,0.0
31,104.0,0.01,0.0
32,115.0,0.052,0.2
33,118.0,0.063,0.2
34,128.0,-0.004,0.0
35,143.0,-0.05,0.2
36,163.0,-0.645,33.9
37,165.0,-0.921,70.0
38,164.0,-0.029,0.1
39,171.0,-0.009,0.0
40,183.0,-0.001,0.0
41,193.0,-0.05,0.2
42,189.0,-0.0,0.0
43,198.0,-0.059,0.3
44,197.0,-0.048,0.2
45,202.0,-0.111,1.2
46,220.0,-0.001,0.0
47,217.0,-0.014,0.0
48,234.0,0.089,0.9
49,233.0,0.028,0.1
50,235.0,0.004,0.0
51,235.0,0.0,0.0
52,249.0,-0.158,3.1
53,253.0,-0.184,4.3
54,263.0,0.066,0.6
55,265.0,0.009,0.0
56,272.0,-0.007,0.0
57,268.0,-0.06,0.5
58,293.0,-0.003,0.0
59,299.0,-0.027,0.1
60,305.0,0.047,0.3
61,301.0,0.023,0.1
62,315.0,-0.006,0.0
63,309.0,-0.409,25.9
64,345.0,0.0,0.0
65,343.0,0.002,0.0
66,360.0,0.027,0.1
67,360.0,0.047,0.4
68,391.0,0.004,0.0
69,393.0,0.077,1.2
70,395.0,-0.014,0.0
71,396.0,-0.278,15.3
72,419.0,0.037,0.3
73,418.0,0.011,0.0
74,431.0,0.289,17.9
75,419.0,0.056,0.7
76,436.0,0.354,27.4
77,431.0,0.054,0.6
78,438.0,0.067,1.0
79,435.0,0.509,56.4
80,441.0,-0.001,0.0
81,442.0,-0.153,5.2
82,448.0,0.0,0.0
83,445.0,0.009,0.0
84,448.0,0.0,0.0
85,454.0,0.0,0.0
86,465.0,0.09,1.9
87,466.0,0.145,4.9
88,480.0,0.051,0.6
89,475.0,0.002,0.0
90,480.0,-0.001,0.0
91,501.0,-0.135,4.6
92,483.0,-0.001,0.0
93,505.0,-0.0,0.0
94,506.0,0.101,2.6
95,511.0,0.031,0.3
96,517.0,0.074,1.4
97,511.0,0.004,0.0
98,521.0,-0.006,0.0
99,517.0,-0.014,0.0
100,535.0,-0.001,0.0
101,527.0,-0.001,0.0
102,548.0,0.571,89.2
103,543.0,0.579,91.0
104,578.0,0.0,0.0
105,579.0,0.001,0.0
106,584.0,-0.018,0.1
107,582.0,-0.005,0.0
108,597.0,-0.0,0.0
109,592.0,-0.0,0.0
110,623.0,-0.001,0.0
111,623.0,-0.014,0.1
112,632.0,0.002,0.0
113,625.0,0.0,0.0
114,634.0,-0.002,0.0
115,634.0,-0.0,0.0
116,648.0,-0.128,5.3
117,648.0,-0.156,7.9
118,659.0,-0.0,0.0
119,656.0,-0.0,0.0
120,667.0,0.003,0.0
121,664.0,0.0,0.0
122,707.0,-0.001,0.0
123,702.0,-0.0,0.0
124,715.0,-0.004,0.0
125,711.0,-0.019,0.1
126,717.0,-0.009,0.0
127,714.0,-0.007,0.0
128,723.0,0.068,1.7
129,729.0,0.077,2.2
130,742.0,-0.0,0.0
131,745.0,-0.0,0.0
132,750.0,0.0,0.0
133,748.0,0.0,0.0
134,763.0,-0.012,0.1
135,756.0,-0.002,0.0
136,763.0,-0.0,0.0
137,763.0,-0.0,0.0
138,772.0,0.012,0.1
139,766.0,0.002,0.0
140,786.0,0.0,0.0
141,783.0,0.0,0.0
142,800.0,0.0,0.0
143,803.0,0.004,0.0
144,803.0,0.023,0.2
145,803.0,0.006,0.0
146,817.0,-0.013,0.1
147,809.0,-0.0,0.0
148,825.0,0.006,0.0
149,815.0,0.016,0.1
150,839.0,-0.056,1.3
151,817.0,-0.003,0.0
152,847.0,-0.028,0.3
153,823.0,-0.019,0.2
154,858.0,-0.146,9.2
155,828.0,-0.002,0.0
156,865.0,0.0,0.0
157,831.0,0.0,0.0
158,865.0,-0.004,0.0
159,836.0,-0.017,0.1
160,870.0,0.007,0.0
161,839.0,0.007,0.0
162,872.0,0.0,0.0
163,860.0,0.189,15.3
164,906.0,-0.04,0.7
165,900.0,-0.035,0.5
166,925.0,-0.04,0.7
167,920.0,-0.038,0.7
168,935.0,0.001,0.0
169,931.0,0.041,0.8
170,945.0,0.0,0.0
171,942.0,0.0,0.0
172,957.0,-0.0,0.0
173,954.0,-0.0,0.0
174,976.0,0.021,0.2
175,962.0,0.032,0.5
176,979.0,-0.013,0.1
177,964.0,-0.0,0.0
178,987.0,-0.017,0.1
179,967.0,-0.0,0.0
180,992.0,-0.002,0.0
181,974.0,-0.017,0.1
182,997.0,-0.0,0.0
183,976.0,-0.0,0.0
184,1001.0,0.003,0.0
185,980.0,0.002,0.0
186,1003.0,-0.002,0.0
187,980.0,-0.0,0.0
188,1006.0,-0.0,0.0
189,987.0,-0.005,0.0
190,1021.0,-0.022,0.2
191,1021.0,-0.042,0.9
192,1048.0,-0.034,0.6
193,1049.0,-0.082,3.5
194,1063.0,0.039,0.8
195,1065.0,0.062,2.0
196,1081.0,0.28,42.4
197,1079.0,0.194,20.3
198,1100.0,0.0,0.0
199,1089.0,0.115,7.2
200,1101.0,0.014,0.1
201,1097.0,0.002,0.0
202,1150.0,-0.044,1.1
203,1140.0,-0.0,0.0
204,1155.0,0.0,0.0
205,1145.0,0.01,0.1
206,1161.0,-0.011,0.1
207,1154.0,-0.0,0.0
208,1166.0,0.065,2.5
209,1155.0,0.045,1.1
210,1172.0,0.045,1.2
211,1164.0,0.054,1.7
212,1183.0,0.0,0.0
213,1174.0,0.026,0.4
214,1194.0,0.035,0.8
215,1177.0,0.002,0.0
216,1196.0,-0.004,0.0
217,1185.0,-0.059,2.1
218,1201.0,-0.008,0.0
219,1196.0,-0.005,0.0
220,1211.0,0.001,0.0
221,1196.0,0.088,4.6
222,1220.0,0.02,0.2
223,1203.0,0.002,0.0
224,1222.0,-0.006,0.0
225,1223.0,-0.033,0.7
226,1241.0,-0.015,0.1
227,1233.0,-0.01,0.1
228,1251.0,-0.008,0.0
229,1243.0,-0.012,0.1
230,1258.0,0.09,5.1
231,1254.0,0.01,0.1
232,1269.0,-0.004,0.0
233,1264.0,-0.11,7.7
234,1309.0,0.341,76.3
235,1295.0,0.519,174.7
236,1316.0,-0.007,0.0
237,1307.0,-0.231,34.8
238,1326.0,-0.001,0.0
239,1314.0,-0.014,0.1
240,1326.0,0.329,71.9
241,1328.0,0.0,0.0
242,1337.0,-0.002,0.0
243,1344.0,-0.002,0.0
244,1348.0,0.0,0.0
245,1350.0,0.0,0.0
246,1356.0,-0.015,0.1
247,1354.0,-0.006,0.0
248,1369.0,-0.007,0.0
249,1365.0,-0.022,0.3
250,1375.0,0.088,5.3
251,1372.0,0.492,166.0
252,1382.0,0.0,0.0
253,1383.0,0.0,0.0
254,1386.0,0.582,234.6
255,1388.0,0.01,0.1
256,1400.0,-0.0,0.0
257,1392.0,-0.025,0.4
258,1407.0,0.255,45.6
259,1397.0,0.0,0.0
260,1417.0,0.058,2.4
261,1406.0,0.09,5.7
262,1429.0,-0.004,0.0
263,1422.0,-0.129,11.8
264,1437.0,0.089,5.6
265,1436.0,0.008,0.0
266,1455.0,0.006,0.0
267,1464.0,0.023,0.4
268,1477.0,0.132,13.0
269,1468.0,0.006,0.0
270,1485.0,-0.0,0.0
271,1472.0,-0.001,0.0
272,1485.0,0.0,0.0
273,1482.0,0.143,15.2
274,1491.0,0.002,0.0
275,1482.0,0.001,0.0
276,1498.0,0.026,0.5
277,1482.0,0.002,0.0
278,1505.0,0.0,0.0
279,1493.0,0.019,0.3
280,1506.0,0.001,0.0
281,1508.0,0.0,0.0
282,1523.0,-0.024,0.5
283,1524.0,-0.026,0.5
284,1528.0,-0.04,1.2
285,1528.0,-0.017,0.2
286,1543.0,-0.003,0.0
287,1529.0,-0.01,0.1
288,1561.0,-0.002,0.0
289,1562.0,-0.015,0.2
290,1604.0,0.395,125.3
291,1572.0,0.017,0.2
292,1615.0,-0.089,6.4
293,1576.0,-0.004,0.0
294,1620.0,-0.486,191.7
295,1591.0,-0.005,0.0
296,1632.0,0.008,0.1
297,1609.0,0.003,0.0
298,1632.0,0.016,0.2
299,1617.0,0.634,325.2
300,1636.0,-0.0,0.0
301,1626.0,-0.001,0.0
302,1644.0,-0.015,0.2
303,1631.0,-0.0,0.0
304,1649.0,-0.002,0.0
305,1643.0,-0.03,0.7
306,1713.0,0.005,0.0
307,1664.0,0.007,0.0
308,1735.0,-0.0,0.0
309,1685.0,-0.0,0.0
310,1751.0,-0.207,37.5
311,1701.0,-0.203,35.2
312,1768.0,-0.278,68.1
313,1722.0,-0.311,83.4
314,3035.0,0.0,0.0
315,3022.0,0.0,0.0
316,3039.0,0.018,0.5
317,3027.0,0.02,0.6
318,3092.0,0.0,0.0
319,3080.0,0.0,0.0
320,3096.0,-0.015,0.3
321,3083.0,-0.012,0.2
322,3113.0,0.008,0.1
323,3104.0,0.01,0.1
324,3133.0,-0.0,0.0
325,3129.0,-0.0,0.0
326,3144.0,0.008,0.1
327,3138.0,0.006,0.1
328,3166.0,0.007,0.1
329,3151.0,0.0,0.0
330,3175.0,-0.0,0.0
331,3164.0,-0.0,0.0
332,3184.0,0.02,0.6
333,3177.0,0.005,0.0
334,3192.0,-0.0,0.0
335,3182.0,-0.0,0.0
336,3194.0,-0.0,0.0
337,3182.0,-0.0,0.0
338,3194.0,0.0,0.0
339,3189.0,0.002,0.0
340,3197.0,0.002,0.0
341,3190.0,0.004,0.0
342,3201.0,0.003,0.0
343,3199.0,0.0,0.0
344,3201.0,-0.001,0.0
345,3199.0,-0.001,0.0
346,3208.0,0.0,0.0
347,3200.0,0.0,0.0
348,3208.0,0.0,0.0
349,3202.0,0.021,0.7
350,3218.0,-0.003,0.0
351,3211.0,-0.001,0.0
