,Frequencies,Displacement,Reorg Energy
0,-0.0,-0.0,-0.0
1,-0.0,-0.0,-0.0
2,-0.0,0.0,-0.0
3,-0.0,0.0,-0.0
4,-0.0,0.0,-0.0
5,-0.0,0.0,-0.0
6,0.0,-0.0,0.0
7,0.0,-0.0,0.0
8,0.0,-0.0,0.0
9,0.0,-0.0,0.0
10,0.0,0.0,0.0
11,0.0,0.0,0.0
12,16.0,4.524,165.3
13,15.0,2.46,45.4
14,20.0,-4.747,223.6
15,20.0,-6.844,475.4
16,29.0,16.952,4154.4
17,26.0,18.505,4483.2
18,47.0,-15.008,5250.3
19,37.0,-4.695,411.2
20,61.0,-4.386,588.1
21,60.0,-5.471,893.2
22,65.0,-0.007,0.0
23,74.0,-5.252,1016.4
24,82.0,1.3,69.1
25,79.0,0.358,5.1
26,97.0,-1.182,67.8
27,91.0,-0.68,21.0
28,107.0,2.745,404.0
29,105.0,1.749,160.1
30,122.0,-0.747,34.1
31,121.0,-0.005,0.0
32,146.0,-0.63,29.0
33,146.0,-0.266,5.2
34,167.0,0.589,28.9
35,155.0,2.275,401.6
36,170.0,0.877,65.2
37,169.0,0.054,0.2
38,180.0,1.145,118.2
39,184.0,0.017,0.0
40,210.0,-0.939,92.7
41,204.0,-0.17,3.0
42,219.0,1.118,136.6
43,214.0,0.659,46.6
44,237.0,-1.062,133.9
45,222.0,-4.134,1892.9
46,256.0,-0.023,0.1
47,253.0,-0.281,10.0
48,267.0,-0.276,10.1
49,258.0,-0.345,15.3
50,268.0,-0.432,25.0
51,271.0,-0.582,46.0
52,281.0,0.163,3.7
53,278.0,0.142,2.8
54,304.0,-1.187,213.8
55,305.0,-0.562,48.1
56,319.0,-0.031,0.2
57,317.0,-0.523,43.3
58,321.0,-0.063,0.6
59,320.0,-0.043,0.3
60,324.0,-0.006,0.0
61,338.0,-0.177,5.3
62,335.0,0.476,38.0
63,340.0,0.035,0.2
64,351.0,0.016,0.0
65,350.0,0.03,0.2
66,362.0,-0.837,126.7
67,356.0,-1.533,418.3
68,367.0,0.266,13.0
69,376.0,0.076,1.1
70,395.0,-0.003,0.0
71,394.0,-0.023,0.1
72,412.0,-0.699,100.8
73,414.0,-0.075,1.2
74,416.0,-0.841,147.1
75,420.0,-1.46,447.8
76,429.0,-0.031,0.2
77,436.0,-0.413,37.1
78,436.0,-0.269,15.8
79,444.0,-0.111,2.7
80,452.0,0.147,4.9
81,459.0,0.948,206.4
82,459.0,-0.287,18.9
83,463.0,-1.055,257.9
84,480.0,-0.364,31.7
85,469.0,-0.018,0.1
86,497.0,-0.081,1.6
87,479.0,-0.397,37.7
88,498.0,0.057,0.8
89,491.0,0.745,136.0
90,500.0,-0.04,0.4
91,498.0,-0.838,174.7
92,511.0,0.134,4.6
93,500.0,0.596,88.8
94,521.0,0.106,2.9
95,515.0,0.605,94.2
96,528.0,0.37,36.0
97,521.0,2.505,1635.9
98,541.0,0.423,48.4
99,528.0,0.993,260.3
100,554.0,-0.105,3.0
101,543.0,-0.638,110.7
102,569.0,0.297,25.0
103,555.0,0.148,6.1
104,584.0,0.216,13.7
105,575.0,0.61,106.8
106,598.0,-1.109,368.0
107,607.0,-0.287,25.0
108,608.0,0.673,137.7
109,611.0,0.177,9.6
110,612.0,-0.314,30.2
111,635.0,-1.022,331.6
112,673.0,0.024,0.2
113,656.0,0.021,0.1
114,688.0,-0.308,32.6
115,674.0,-0.033,0.4
116,692.0,-0.13,5.9
117,689.0,-0.133,6.1
118,697.0,0.056,1.1
119,698.0,0.793,219.3
120,708.0,0.043,0.6
121,710.0,0.16,9.1
122,721.0,0.087,2.7
123,715.0,0.094,3.2
124,729.0,0.029,0.3
125,737.0,0.002,0.0
126,731.0,0.01,0.0
127,755.0,0.152,8.7
128,741.0,0.038,0.5
129,758.0,0.214,17.3
130,752.0,-0.037,0.5
131,771.0,-0.307,36.4
132,753.0,-0.04,0.6
133,774.0,-0.203,16.0
134,757.0,-0.059,1.3
135,797.0,-0.375,56.0
136,771.0,-0.071,2.0
137,800.0,-0.03,0.4
138,786.0,-0.442,76.7
139,804.0,-0.037,0.5
140,790.0,-0.031,0.4
141,817.0,-0.085,2.9
142,797.0,-0.075,2.2
143,818.0,-0.0,0.0
144,825.0,0.024,0.2
145,819.0,0.066,1.8
146,825.0,-0.023,0.2
147,829.0,-0.344,49.0
148,833.0,-0.004,0.0
149,836.0,-0.022,0.2
150,842.0,-0.007,0.0
151,850.0,-0.01,0.0
152,850.0,-0.007,0.0
153,859.0,-0.015,0.1
154,856.0,-0.001,0.0
155,868.0,-0.061,1.6
156,861.0,0.003,0.0
157,869.0,0.005,0.0
158,868.0,-0.127,7.0
159,877.0,-0.003,0.0
160,871.0,0.085,3.2
161,896.0,0.336,50.7
162,873.0,0.256,28.5
163,898.0,0.073,2.4
164,877.0,0.007,0.0
165,910.0,0.069,2.2
166,887.0,-0.015,0.1
167,916.0,-0.606,168.4
168,893.0,0.037,0.6
169,921.0,0.106,5.2
170,917.0,-0.017,0.1
171,927.0,-0.005,0.0
172,924.0,-0.007,0.0
173,947.0,-0.003,0.0
174,934.0,-0.033,0.5
175,950.0,-0.044,0.9
176,942.0,-0.007,0.0
177,954.0,-0.485,112.0
178,952.0,-0.008,0.0
179,959.0,-0.16,12.3
180,957.0,-0.065,2.0
181,969.0,-0.001,0.0
182,961.0,-0.006,0.0
183,980.0,-0.093,4.3
184,979.0,-0.342,57.4
185,982.0,-0.057,1.6
186,984.0,-0.126,7.8
187,986.0,-0.156,11.9
188,989.0,-0.313,48.5
189,987.0,-0.041,0.8
190,993.0,0.008,0.0
191,997.0,0.025,0.3
192,1001.0,0.1,5.0
193,1028.0,0.274,38.7
194,1011.0,-0.208,21.8
195,1041.0,-0.423,93.1
196,1030.0,-0.21,22.6
197,1052.0,-0.022,0.2
198,1049.0,0.0,0.0
199,1065.0,0.004,0.0
200,1063.0,-0.22,25.7
201,1066.0,-0.07,2.6
202,1070.0,-0.208,23.2
203,1083.0,-0.256,35.4
204,1087.0,-0.0,0.0
205,1088.0,-0.035,0.7
206,1088.0,0.08,3.5
207,1088.0,0.0,0.0
208,1091.0,-0.093,4.7
209,1096.0,-0.106,6.1
210,1102.0,0.048,1.3
211,1097.0,0.032,0.5
212,1112.0,0.01,0.1
213,1106.0,0.114,7.2
214,1119.0,-0.016,0.1
215,1119.0,-0.016,0.1
216,1126.0,-0.082,3.8
217,1129.0,-0.129,9.4
218,1133.0,0.013,0.1
219,1136.0,0.095,5.2
220,1135.0,-0.016,0.1
221,1137.0,-0.186,19.8
222,1152.0,-0.007,0.0
223,1149.0,-0.034,0.7
224,1156.0,0.082,3.9
225,1150.0,0.031,0.5
226,1158.0,-0.035,0.7
227,1153.0,-0.05,1.4
228,1177.0,0.1,5.9
229,1165.0,0.121,8.6
230,1187.0,0.013,0.1
231,1188.0,0.149,13.1
232,1194.0,0.007,0.0
233,1196.0,0.007,0.0
234,1202.0,-0.08,3.8
235,1208.0,-0.236,33.6
236,1213.0,-0.035,0.8
237,1218.0,-0.105,6.7
238,1214.0,0.008,0.0
239,1224.0,0.007,0.0
240,1219.0,-0.022,0.3
241,1224.0,-0.031,0.6
242,1224.0,-0.02,0.2
243,1231.0,-0.001,0.0
244,1232.0,0.032,0.6
245,1241.0,0.271,45.7
246,1244.0,-0.006,0.0
247,1243.0,-0.196,23.9
248,1249.0,-0.148,13.8
249,1249.0,-0.122,9.3
250,1260.0,0.056,2.0
251,1258.0,0.051,1.7
252,1275.0,0.004,0.0
253,1265.0,0.01,0.1
254,1277.0,-0.075,3.6
255,1272.0,-0.024,0.4
256,1283.0,0.023,0.3
257,1279.0,0.499,159.3
258,1289.0,-0.011,0.1
259,1292.0,-0.002,0.0
260,1299.0,0.184,21.9
261,1298.0,0.033,0.7
262,1305.0,0.192,24.1
263,1304.0,0.263,45.3
264,1307.0,0.014,0.1
265,1315.0,0.057,2.1
266,1320.0,0.008,0.0
267,1316.0,0.003,0.0
268,1321.0,-0.185,22.7
269,1324.0,-0.009,0.0
270,1327.0,0.173,19.9
271,1326.0,0.015,0.1
272,1331.0,-0.21,29.5
273,1333.0,-0.033,0.7
274,1339.0,0.14,13.2
275,1341.0,0.195,25.6
276,1341.0,0.286,54.8
277,1351.0,0.754,383.8
278,1352.0,0.012,0.1
279,1357.0,0.118,9.5
280,1354.0,0.056,2.1
281,1359.0,0.03,0.6
282,1369.0,-0.037,0.9
283,1364.0,-0.215,31.6
284,1372.0,-0.007,0.0
285,1369.0,-0.006,0.0
286,1374.0,0.13,11.7
287,1374.0,0.266,48.7
288,1377.0,-0.152,16.0
289,1375.0,-0.004,0.0
290,1379.0,0.005,0.0
291,1377.0,0.011,0.1
292,1382.0,0.086,5.1
293,1380.0,0.196,26.5
294,1388.0,0.016,0.2
295,1382.0,0.124,10.5
296,1389.0,0.065,3.0
297,1387.0,0.239,39.6
298,1390.0,-0.125,10.9
299,1390.0,-0.005,0.0
300,1393.0,0.002,0.0
301,1396.0,0.263,48.2
302,1419.0,0.36,92.1
303,1405.0,0.243,41.5
304,1435.0,0.015,0.2
305,1433.0,0.409,119.9
306,1440.0,-0.132,12.6
307,1440.0,-0.078,4.3
308,1445.0,-0.248,44.5
309,1442.0,-0.155,17.3
310,1469.0,-0.008,0.0
311,1459.0,-0.145,15.4
312,1488.0,0.002,0.0
313,1486.0,0.025,0.5
314,1489.0,0.035,0.9
315,1488.0,0.003,0.0
316,1490.0,-0.062,2.8
317,1489.0,-0.09,6.0
318,1491.0,-0.119,10.6
319,1489.0,-0.005,0.0
320,1495.0,0.056,2.3
321,1490.0,0.029,0.6
322,1496.0,0.003,0.0
323,1495.0,0.014,0.1
324,1496.0,0.027,0.5
325,1495.0,0.019,0.3
326,1502.0,-0.011,0.1
327,1501.0,-0.169,21.6
328,1505.0,-0.002,0.0
329,1505.0,-0.001,0.0
330,1506.0,0.07,3.7
331,1506.0,0.02,0.3
332,1524.0,-0.006,0.0
333,1520.0,-0.018,0.3
334,1538.0,-0.024,0.5
335,1534.0,-0.043,1.4
336,1555.0,0.195,29.6
337,1555.0,0.041,1.3
338,1576.0,-0.115,10.5
339,1561.0,-0.272,57.9
340,1583.0,-0.109,9.4
341,1578.0,-0.041,1.3
342,1600.0,0.187,28.1
343,1585.0,0.231,42.1
344,1619.0,-0.221,39.6
345,1614.0,-0.476,182.5
346,1640.0,0.131,14.0
347,1636.0,0.075,4.6
348,3011.0,-0.003,0.0
349,2915.0,-0.059,5.2
350,3011.0,0.005,0.0
351,2920.0,0.304,134.9
352,3023.0,-0.002,0.0
353,3004.0,-0.012,0.2
354,3023.0,-0.008,0.1
355,3004.0,-0.027,1.1
356,3032.0,0.006,0.1
357,3009.0,0.008,0.1
358,3032.0,-0.006,0.1
359,3009.0,-0.01,0.1
360,3041.0,-0.004,0.0
361,3015.0,-0.02,0.6
362,3049.0,-0.07,7.4
363,3015.0,-0.002,0.0
364,3061.0,0.03,1.4
365,3019.0,0.011,0.2
366,3062.0,-0.052,4.1
367,3021.0,-0.009,0.1
368,3075.0,0.011,0.2
369,3029.0,0.039,2.3
370,3075.0,0.016,0.4
371,3029.0,0.021,0.7
372,3078.0,-0.023,0.8
373,3053.0,-0.001,0.0
374,3078.0,-0.03,1.4
375,3053.0,-0.036,1.9
376,3080.0,-0.026,1.0
377,3056.0,-0.001,0.0
378,3081.0,0.031,1.5
379,3056.0,0.004,0.0
380,3104.0,0.058,5.2
381,3065.0,0.026,1.0
382,3105.0,0.001,0.0
383,3066.0,0.006,0.1
384,3109.0,0.009,0.1
385,3094.0,0.008,0.1
386,3109.0,-0.012,0.2
387,3095.0,-0.028,1.2
388,3135.0,-0.014,0.3
389,3159.0,-0.018,0.5
390,3140.0,-0.003,0.0
391,3160.0,-0.004,0.0
392,3141.0,0.011,0.2
393,3161.0,0.011,0.2
394,3147.0,0.005,0.0
395,3165.0,0.006,0.1
396,3158.0,0.006,0.1
397,3167.0,0.007,0.1
398,3161.0,-0.0,0.0
399,3171.0,-0.004,0.0
400,3163.0,-0.015,0.4
401,3179.0,-0.012,0.2
402,3166.0,0.001,0.0
403,3181.0,0.044,3.1
404,3171.0,0.017,0.5
405,3185.0,0.017,0.5
406,3187.0,0.016,0.4
407,3187.0,0.021,0.7
408,3193.0,-0.031,1.5
409,3192.0,-0.028,1.2
410,3195.0,0.103,16.9
411,3196.0,0.018,0.5
