,Frequencies,Displacement,Reorg Energy
0,-69.0,0.033,-0.0
1,-0.0,0.0,-0.0
2,-0.0,0.0,-0.0
3,-0.0,0.0,-0.0
4,-0.0,-0.0,-0.0
5,-0.0,-0.0,-0.0
6,-0.0,0.0,-0.0
7,-0.0,0.0,-0.0
8,0.0,0.0,0.0
9,0.0,0.0,0.0
10,0.0,-0.0,0.0
11,0.0,-0.0,0.0
12,0.0,-0.0,0.0
13,29.0,-0.004,0.0
14,18.0,-0.017,0.0
15,30.0,-0.017,0.0
16,29.0,-0.004,0.0
17,32.0,-0.022,0.0
18,51.0,0.006,0.0
19,58.0,0.013,0.0
20,66.0,-0.003,0.0
21,93.0,-0.0,0.0
22,92.0,0.005,0.0
23,101.0,0.004,0.0
24,92.0,0.0,0.0
25,148.0,0.025,0.0
26,152.0,0.245,4.6
27,151.0,0.252,4.8
28,157.0,-0.005,0.0
29,157.0,-0.004,0.0
30,199.0,-0.002,0.0
31,206.0,-0.014,0.0
32,201.0,0.001,0.0
33,210.0,0.001,0.0
34,210.0,0.0,0.0
35,224.0,0.003,0.0
36,227.0,-0.001,0.0
37,236.0,-0.001,0.0
38,252.0,0.003,0.0
39,237.0,0.003,0.0
40,266.0,0.646,55.5
41,267.0,0.641,54.9
42,335.0,-0.001,0.0
43,343.0,-0.003,0.0
44,361.0,-0.0,0.0
45,366.0,-0.458,38.5
46,369.0,-0.447,36.9
47,382.0,-0.0,0.0
48,381.0,0.001,0.0
49,382.0,0.0,0.0
50,396.0,0.0,0.0
51,416.0,0.0,0.0
52,401.0,0.0,0.0
53,424.0,0.005,0.0
54,405.0,0.001,0.0
55,446.0,0.603,81.0
56,408.0,-0.001,0.0
57,449.0,-0.002,0.0
58,443.0,-0.0,0.0
59,455.0,-0.005,0.0
60,446.0,-0.0,0.0
61,456.0,-0.0,0.0
62,448.0,-0.587,77.3
63,473.0,-0.002,0.0
64,476.0,0.001,0.0
65,493.0,0.001,0.0
66,501.0,-0.001,0.0
67,508.0,-0.0,0.0
68,509.0,0.089,2.0
69,510.0,0.001,0.0
70,513.0,-0.001,0.0
71,512.0,-0.038,0.4
72,519.0,-0.083,1.8
73,520.0,-0.116,3.5
74,535.0,-0.001,0.0
75,532.0,-0.0,0.0
76,540.0,-0.0,0.0
77,544.0,-0.0,0.0
78,545.0,0.0,0.0
79,551.0,0.0,0.0
80,587.0,0.0,0.0
81,599.0,0.31,28.8
82,599.0,-0.294,25.9
83,605.0,-0.0,0.0
84,608.0,-0.0,0.0
85,611.0,-0.0,0.0
86,630.0,-0.0,0.0
87,650.0,-0.0,0.0
88,649.0,0.0,0.0
89,663.0,0.0,0.0
90,659.0,0.0,0.0
91,668.0,0.254,21.5
92,660.0,-0.286,27.1
93,694.0,-0.003,0.0
94,686.0,0.06,1.2
95,698.0,0.001,0.0
96,686.0,0.0,0.0
97,706.0,0.0,0.0
98,705.0,-0.001,0.0
99,716.0,-0.002,0.0
100,712.0,-0.0,0.0
101,716.0,-0.0,0.0
102,721.0,0.0,0.0
103,722.0,0.0,0.0
104,755.0,0.0,0.0
105,735.0,0.0,0.0
106,756.0,0.348,45.7
107,755.0,0.347,45.4
108,771.0,0.0,0.0
109,767.0,0.0,0.0
110,779.0,0.0,0.0
111,768.0,0.0,0.0
112,789.0,-0.0,0.0
113,773.0,-0.0,0.0
114,793.0,-0.0,0.0
115,778.0,-0.0,0.0
116,814.0,-0.0,0.0
117,780.0,-0.0,0.0
118,825.0,-0.0,0.0
119,817.0,-0.0,0.0
120,826.0,0.203,17.0
121,819.0,0.0,0.0
122,839.0,0.031,0.4
123,820.0,0.182,13.6
124,850.0,0.0,0.0
125,844.0,0.118,5.8
126,888.0,-0.0,0.0
127,855.0,-0.0,0.0
128,898.0,-0.0,0.0
129,862.0,-0.001,0.0
130,914.0,0.0,0.0
131,865.0,0.001,0.0
132,928.0,-0.0,0.0
133,906.0,-0.0,0.0
134,929.0,0.0,0.0
135,913.0,0.0,0.0
136,932.0,-0.0,0.0
137,936.0,-0.0,0.0
138,936.0,0.0,0.0
139,955.0,0.0,0.0
140,937.0,-0.001,0.0
141,969.0,-0.001,0.0
142,978.0,0.0,0.0
143,970.0,0.0,0.0
144,982.0,-0.0,0.0
145,988.0,-0.098,4.8
146,991.0,0.0,0.0
147,990.0,0.0,0.0
148,997.0,-0.0,0.0
149,1005.0,-0.465,108.5
150,1009.0,0.349,61.4
151,1013.0,0.0,0.0
152,1011.0,-0.0,0.0
153,1013.0,-0.001,0.0
154,1015.0,-0.168,14.3
155,1051.0,-0.0,0.0
156,1024.0,-0.313,50.1
157,1060.0,-0.293,45.5
158,1078.0,0.0,0.0
159,1077.0,0.0,0.0
160,1101.0,0.251,34.7
161,1097.0,0.105,6.0
162,1107.0,-0.45,112.1
163,1111.0,-0.417,96.8
164,1137.0,0.0,0.0
165,1137.0,0.0,0.0
166,1145.0,-0.0,0.0
167,1140.0,-0.29,47.9
168,1151.0,-0.356,72.8
169,1146.0,-0.0,0.0
170,1171.0,-0.328,62.9
171,1156.0,-0.471,128.5
172,1172.0,0.001,0.0
173,1172.0,0.0,0.0
174,1182.0,-0.33,64.3
175,1185.0,-0.084,4.2
176,1182.0,-0.008,0.0
177,1187.0,-0.0,0.0
178,1195.0,-0.168,16.9
179,1193.0,-0.0,0.0
180,1205.0,0.0,0.0
181,1205.0,0.253,38.6
182,1210.0,-0.0,0.0
183,1212.0,-0.0,0.0
184,1223.0,0.0,0.0
185,1233.0,0.0,0.0
186,1257.0,-0.256,41.2
187,1253.0,-0.296,54.8
188,1259.0,0.002,0.0
189,1265.0,0.01,0.1
190,1267.0,-0.284,51.2
191,1265.0,-0.0,0.0
192,1280.0,-0.087,4.9
193,1279.0,-0.013,0.1
194,1322.0,0.016,0.2
195,1300.0,0.0,0.0
196,1323.0,-0.0,0.0
197,1312.0,-0.0,0.0
198,1340.0,0.0,0.0
199,1316.0,0.146,14.1
200,1341.0,0.0,0.0
201,1339.0,0.0,0.0
202,1351.0,0.085,4.9
203,1346.0,0.177,21.1
204,1384.0,-0.193,25.7
205,1357.0,-0.0,0.0
206,1408.0,-0.0,0.0
207,1369.0,-0.165,18.6
208,1416.0,-0.001,0.0
209,1376.0,-0.0,0.0
210,1431.0,0.38,103.2
211,1383.0,0.346,82.9
212,1447.0,0.123,11.0
213,1425.0,0.0,0.0
214,1450.0,-0.0,0.0
215,1439.0,-0.024,0.4
216,1450.0,-0.0,0.0
217,1447.0,-0.0,0.0
218,1465.0,-0.061,2.7
219,1453.0,-0.0,0.0
220,1478.0,0.0,0.0
221,1473.0,0.137,13.8
222,1485.0,0.05,1.8
223,1478.0,0.0,0.0
224,1492.0,-0.088,5.8
225,1501.0,-0.108,8.7
226,1495.0,-0.001,0.0
227,1513.0,-0.0,0.0
228,1525.0,-0.0,0.0
229,1515.0,-0.024,0.4
230,1528.0,-0.0,0.0
231,1551.0,-0.292,66.3
232,1563.0,-0.037,1.1
233,1552.0,-0.001,0.0
234,1577.0,0.59,274.0
235,1569.0,0.0,0.0
236,1594.0,0.001,0.0
237,1574.0,0.1,7.8
238,1598.0,-0.308,75.7
239,1598.0,-0.0,0.0
240,1630.0,-0.0,0.0
241,1604.0,-0.683,374.1
242,1635.0,-0.3,73.7
243,1624.0,-0.0,0.0
244,1663.0,-0.003,0.0
245,1640.0,-0.171,24.1
246,1674.0,-0.669,374.5
247,1646.0,-0.612,308.0
248,3156.0,0.0,0.0
249,3141.0,0.005,0.0
250,3156.0,-0.018,0.5
251,3143.0,-0.0,0.0
252,3160.0,-0.006,0.0
253,3143.0,-0.021,0.7
254,3161.0,-0.0,0.0
255,3161.0,-0.0,0.0
256,3162.0,0.019,0.6
257,3163.0,0.01,0.2
258,3170.0,0.0,0.0
259,3164.0,0.0,0.0
260,3179.0,-0.0,0.0
261,3174.0,-0.004,0.0
262,3179.0,-0.01,0.2
263,3178.0,-0.001,0.0
264,3179.0,-0.01,0.2
265,3178.0,-0.017,0.4
266,3179.0,0.0,0.0
267,3181.0,0.0,0.0
268,3185.0,0.011,0.2
269,3185.0,0.01,0.1
270,3186.0,-0.0,0.0
271,3194.0,-0.01,0.2
272,3186.0,-0.015,0.4
273,3194.0,-0.0,0.0
274,3196.0,0.0,0.0
275,3207.0,0.0,0.0
276,3196.0,0.011,0.2
277,3208.0,0.007,0.1
278,3215.0,-0.0,0.0
279,3255.0,-0.005,0.0
