,Frequencies,Displacement,Reorg Energy
0,-105.0,-0.0,-0.0
1,-86.0,-0.0,-0.0
2,-96.0,0.0,-0.0
3,-83.0,0.0,-0.0
4,-80.0,0.0,-0.0
5,-67.0,0.0,-0.0
6,-57.0,0.0,-0.0
7,-47.0,0.0,-0.0
8,-28.0,-0.0,-0.0
9,-22.0,-0.0,-0.0
10,-0.0,0.0,-0.0
11,-0.0,0.0,-0.0
12,-0.0,-0.0,-0.0
13,-0.0,-0.0,-0.0
14,-0.0,-0.0,-0.0
15,0.0,-0.0,0.0
16,-0.0,-0.0,-0.0
17,0.0,-0.0,0.0
18,-0.0,-0.0,-0.0
19,0.0,-0.0,0.0
20,0.0,-0.0,0.0
21,0.0,-0.0,0.0
22,10.0,-0.0,0.0
23,9.0,-0.0,0.0
24,26.0,0.0,0.0
25,24.0,0.0,0.0
26,27.0,0.0,0.0
27,28.0,0.0,0.0
28,51.0,0.0,0.0
29,47.0,0.0,0.0
30,70.0,0.0,0.0
31,72.0,0.0,0.0
32,83.0,0.0,0.0
33,77.0,0.0,0.0
34,117.0,-1.637,156.1
35,117.0,-1.647,159.4
36,127.0,-0.0,0.0
37,126.0,-0.0,0.0
38,132.0,-0.0,0.0
39,130.0,-0.0,0.0
40,158.0,0.0,0.0
41,149.0,0.0,0.0
42,190.0,0.0,0.0
43,192.0,0.0,0.0
44,213.0,-0.0,0.0
45,201.0,-0.0,0.0
46,230.0,0.0,0.0
47,230.0,0.0,0.0
48,244.0,0.0,0.0
49,246.0,0.0,0.0
50,266.0,0.0,0.0
51,253.0,0.0,0.0
52,322.0,0.0,0.0
53,307.0,0.0,0.0
54,337.0,-0.149,3.7
55,339.0,-0.15,3.8
56,349.0,0.0,0.0
57,352.0,0.0,0.0
58,376.0,-0.0,0.0
59,360.0,-0.0,0.0
60,379.0,0.0,0.0
61,382.0,0.0,0.0
62,386.0,-0.0,0.0
63,384.0,-0.0,0.0
64,394.0,0.0,0.0
65,390.0,0.0,0.0
66,395.0,-0.0,0.0
67,396.0,-0.0,0.0
68,405.0,-0.0,0.0
69,397.0,-0.0,0.0
70,413.0,0.0,0.0
71,403.0,0.0,0.0
72,417.0,0.0,0.0
73,403.0,0.0,0.0
74,434.0,-0.0,0.0
75,438.0,-0.0,0.0
76,436.0,-0.0,0.0
77,438.0,-0.0,0.0
78,460.0,-0.0,0.0
79,452.0,-0.0,0.0
80,467.0,-0.0,0.0
81,468.0,-0.0,0.0
82,485.0,0.0,0.0
83,472.0,0.0,0.0
84,489.0,0.0,0.0
85,486.0,0.0,0.0
86,518.0,-0.066,1.1
87,515.0,-0.0,0.0
88,528.0,-0.0,0.0
89,525.0,-0.068,1.2
90,551.0,0.0,0.0
91,543.0,0.0,0.0
92,555.0,-0.0,0.0
93,555.0,-0.0,0.0
94,557.0,0.0,0.0
95,555.0,0.0,0.0
96,627.0,-0.0,0.0
97,622.0,-0.0,0.0
98,631.0,-0.0,0.0
99,623.0,-0.0,0.0
100,632.0,-0.0,0.0
101,624.0,-0.0,0.0
102,645.0,0.0,0.0
103,633.0,0.0,0.0
104,656.0,0.0,0.0
105,645.0,0.0,0.0
106,664.0,0.088,2.6
107,656.0,0.0,0.0
108,666.0,0.0,0.0
109,663.0,0.0,0.0
110,673.0,0.0,0.0
111,665.0,0.085,2.4
112,695.0,0.0,0.0
113,683.0,0.0,0.0
114,695.0,-0.0,0.0
115,684.0,-0.0,0.0
116,712.0,0.0,0.0
117,711.0,0.0,0.0
118,725.0,-0.0,0.0
119,722.0,-0.0,0.0
120,725.0,-0.0,0.0
121,724.0,-0.0,0.0
122,729.0,0.0,0.0
123,732.0,0.0,0.0
124,745.0,-0.0,0.0
125,752.0,-0.076,2.1
126,754.0,-0.089,3.0
127,752.0,-0.0,0.0
128,778.0,0.0,0.0
129,784.0,0.0,0.0
130,783.0,0.0,0.0
131,786.0,0.0,0.0
132,790.0,0.0,0.0
133,791.0,0.0,0.0
134,796.0,0.0,0.0
135,795.0,0.0,0.0
136,804.0,-0.0,0.0
137,802.0,-0.0,0.0
138,816.0,0.0,0.0
139,810.0,0.0,0.0
140,816.0,0.38,58.9
141,812.0,0.404,66.4
142,829.0,0.0,0.0
143,818.0,0.0,0.0
144,831.0,-0.0,0.0
145,836.0,-0.0,0.0
146,843.0,0.0,0.0
147,836.0,0.0,0.0
148,845.0,-0.0,0.0
149,840.0,-0.0,0.0
150,847.0,-0.0,0.0
151,854.0,-0.0,0.0
152,857.0,0.0,0.0
153,864.0,0.0,0.0
154,863.0,0.0,0.0
155,869.0,0.0,0.0
156,920.0,-0.0,0.0
157,934.0,-0.0,0.0
158,920.0,0.0,0.0
159,934.0,0.0,0.0
160,932.0,-0.0,0.0
161,955.0,-0.0,0.0
162,944.0,-0.0,0.0
163,963.0,-0.0,0.0
164,946.0,-0.0,0.0
165,963.0,-0.0,0.0
166,951.0,-0.0,0.0
167,968.0,-0.0,0.0
168,956.0,0.0,0.0
169,974.0,0.0,0.0
170,958.0,0.0,0.0
171,977.0,0.0,0.0
172,964.0,0.0,0.0
173,983.0,0.0,0.0
174,966.0,0.0,0.0
175,984.0,0.0,0.0
176,974.0,0.0,0.0
177,988.0,0.0,0.0
178,975.0,-0.0,0.0
179,989.0,-0.0,0.0
180,998.0,0.0,0.0
181,1003.0,0.0,0.0
182,998.0,-0.0,0.0
183,1007.0,-0.046,1.1
184,1012.0,-0.0,0.0
185,1007.0,-0.0,0.0
186,1013.0,0.072,2.6
187,1009.0,0.039,0.8
188,1014.0,-0.0,0.0
189,1010.0,-0.0,0.0
190,1018.0,0.076,3.0
191,1015.0,0.0,0.0
192,1020.0,-0.0,0.0
193,1015.0,-0.0,0.0
194,1021.0,-0.0,0.0
195,1016.0,-0.0,0.0
196,1022.0,0.072,2.7
197,1017.0,0.107,5.8
198,1039.0,-0.02,0.2
199,1027.0,-0.032,0.5
200,1049.0,-0.0,0.0
201,1036.0,-0.0,0.0
202,1060.0,-0.022,0.3
203,1045.0,-0.069,2.5
204,1065.0,0.0,0.0
205,1050.0,0.0,0.0
206,1065.0,-0.073,2.8
207,1059.0,-0.0,0.0
208,1066.0,0.0,0.0
209,1059.0,0.067,2.4
210,1112.0,0.0,0.0
211,1118.0,0.0,0.0
212,1112.0,-0.0,0.0
213,1118.0,-0.0,0.0
214,1150.0,-0.0,0.0
215,1162.0,-0.0,0.0
216,1159.0,-0.0,0.0
217,1167.0,-0.0,0.0
218,1169.0,0.0,0.0
219,1174.0,0.0,0.0
220,1179.0,-0.0,0.0
221,1181.0,-0.0,0.0
222,1188.0,-0.0,0.0
223,1194.0,-0.0,0.0
224,1189.0,0.0,0.0
225,1194.0,0.0,0.0
226,1210.0,-0.0,0.0
227,1215.0,-0.0,0.0
228,1212.0,0.042,1.1
229,1216.0,0.026,0.4
230,1225.0,-0.0,0.0
231,1232.0,-0.0,0.0
232,1243.0,-0.007,0.0
233,1241.0,-0.0,0.0
234,1247.0,-0.58,210.0
235,1244.0,-0.287,51.1
236,1253.0,-0.0,0.0
237,1253.0,-0.493,152.0
238,1289.0,0.0,0.0
239,1303.0,0.0,0.0
240,1290.0,-0.0,0.0
241,1304.0,-0.0,0.0
242,1291.0,-0.022,0.3
243,1305.0,-0.056,2.0
244,1291.0,0.0,0.0
245,1307.0,0.0,0.0
246,1295.0,0.0,0.0
247,1307.0,0.0,0.0
248,1303.0,-0.0,0.0
249,1312.0,-0.0,0.0
250,1305.0,-0.123,9.9
251,1320.0,-0.0,0.0
252,1305.0,-0.0,0.0
253,1327.0,-0.0,0.0
254,1315.0,0.0,0.0
255,1338.0,0.18,21.6
256,1316.0,0.012,0.1
257,1342.0,0.0,0.0
258,1318.0,-0.0,0.0
259,1343.0,-0.028,0.5
260,1346.0,-0.0,0.0
261,1347.0,-0.0,0.0
262,1350.0,0.0,0.0
263,1349.0,0.0,0.0
264,1355.0,0.0,0.0
265,1356.0,0.0,0.0
266,1362.0,-0.0,0.0
267,1364.0,-0.0,0.0
268,1370.0,-0.0,0.0
269,1373.0,-0.0,0.0
270,1373.0,0.0,0.0
271,1376.0,0.0,0.0
272,1435.0,0.0,0.0
273,1457.0,0.0,0.0
274,1437.0,0.0,0.0
275,1458.0,0.0,0.0
276,1441.0,0.0,0.0
277,1470.0,0.0,0.0
278,1458.0,0.0,0.0
279,1471.0,0.0,0.0
280,1482.0,-0.0,0.0
281,1484.0,-0.0,0.0
282,1484.0,-0.0,0.0
283,1491.0,-0.0,0.0
284,1519.0,-0.0,0.0
285,1507.0,-0.0,0.0
286,1524.0,0.021,0.3
287,1517.0,0.032,0.8
288,1538.0,0.0,0.0
289,1529.0,0.0,0.0
290,1554.0,0.007,0.0
291,1545.0,0.0,0.0
292,1569.0,0.0,0.0
293,1545.0,0.011,0.1
294,1576.0,0.0,0.0
295,1559.0,0.0,0.0
296,1579.0,0.002,0.0
297,1561.0,0.0,0.0
298,1590.0,-0.0,0.0
299,1568.0,-0.0,0.0
300,1603.0,-0.0,0.0
301,1569.0,-0.0,0.0
302,1612.0,-0.0,0.0
303,1572.0,-0.005,0.0
304,1623.0,0.0,0.0
305,1606.0,0.0,0.0
306,1624.0,-0.0,0.0
307,1606.0,-0.0,0.0
308,1632.0,0.519,219.7
309,1607.0,0.0,0.0
310,1638.0,0.0,0.0
311,1614.0,0.296,70.6
312,1643.0,0.076,4.8
313,1634.0,0.369,111.0
314,1650.0,0.0,0.0
315,1636.0,0.0,0.0
316,1657.0,0.049,2.0
317,1648.0,0.111,10.2
318,1662.0,0.0,0.0
319,1657.0,0.0,0.0
320,3161.0,-0.0,0.0
321,3177.0,-0.0,0.0
322,3161.0,0.009,0.1
323,3177.0,0.008,0.1
324,3169.0,-0.0,0.0
325,3185.0,-0.0,0.0
326,3169.0,-0.0,0.0
327,3185.0,-0.0,0.0
328,3178.0,0.0,0.0
329,3194.0,0.0,0.0
330,3179.0,0.0,0.0
331,3195.0,0.007,0.1
332,3180.0,-0.009,0.1
333,3195.0,-0.0,0.0
334,3181.0,-0.0,0.0
335,3197.0,-0.0,0.0
336,3183.0,0.0,0.0
337,3197.0,0.0,0.0
338,3185.0,-0.007,0.1
339,3199.0,-0.008,0.1
340,3185.0,0.0,0.0
341,3201.0,0.0,0.0
342,3188.0,0.0,0.0
343,3202.0,0.0,0.0
344,3189.0,-0.0,0.0
345,3204.0,-0.0,0.0
346,3191.0,0.008,0.1
347,3206.0,0.013,0.3
348,3193.0,-0.0,0.0
349,3207.0,-0.0,0.0
350,3196.0,-0.0,0.0
351,3208.0,-0.0,0.0
352,3199.0,-0.0,0.0
353,3214.0,-0.008,0.1
354,3199.0,0.012,0.2
355,3214.0,0.0,0.0
356,3203.0,-0.0,0.0
357,3219.0,-0.0,0.0
358,3204.0,-0.0,0.0
359,3220.0,-0.0,0.0
360,3207.0,0.0,0.0
361,3223.0,0.0,0.0
362,3209.0,-0.014,0.3
363,3224.0,-0.016,0.4
364,3209.0,0.0,0.0
365,3225.0,0.0,0.0
366,3211.0,-0.0,0.0
367,3226.0,-0.0,0.0
368,3212.0,-0.0,0.0
369,3227.0,-0.0,0.0
370,3214.0,-0.038,2.3
371,3229.0,-0.036,2.0
