,Frequencies,Displacement,Reorg Energy
0,-0.0,-0.0,-0.0
1,-69.0,-0.033,-0.0
2,-0.0,-0.0,-0.0
3,-0.0,-0.0,-0.0
4,-0.0,0.0,-0.0
5,-0.0,0.0,-0.0
6,-0.0,-0.0,-0.0
7,-0.0,-0.0,-0.0
8,0.0,0.0,0.0
9,0.0,0.0,0.0
10,0.0,0.0,0.0
11,0.0,0.0,0.0
12,29.0,0.004,0.0
13,0.0,0.0,0.0
14,30.0,0.017,0.0
15,18.0,0.017,0.0
16,32.0,-0.022,0.0
17,29.0,-0.004,0.0
18,58.0,0.013,0.0
19,51.0,0.006,0.0
20,93.0,0.0,0.0
21,66.0,0.003,0.0
22,101.0,0.004,0.0
23,92.0,0.005,0.0
24,148.0,-0.025,0.0
25,92.0,-0.0,0.0
26,151.0,0.252,4.8
27,152.0,0.245,4.6
28,157.0,-0.004,0.0
29,157.0,-0.005,0.0
30,206.0,0.014,0.0
31,199.0,0.002,0.0
32,210.0,0.001,0.0
33,201.0,0.001,0.0
34,224.0,0.003,0.0
35,210.0,0.0,0.0
36,236.0,-0.001,0.0
37,227.0,-0.001,0.0
38,237.0,-0.003,0.0
39,252.0,-0.003,0.0
40,267.0,-0.641,54.9
41,266.0,-0.646,55.5
42,343.0,0.003,0.0
43,335.0,0.001,0.0
44,366.0,-0.458,38.5
45,361.0,-0.0,0.0
46,382.0,0.0,0.0
47,369.0,0.447,36.9
48,382.0,-0.0,0.0
49,381.0,-0.001,0.0
50,416.0,-0.0,0.0
51,396.0,-0.0,0.0
52,424.0,0.005,0.0
53,401.0,0.0,0.0
54,446.0,0.603,81.0
55,405.0,0.001,0.0
56,449.0,-0.002,0.0
57,408.0,-0.001,0.0
58,455.0,-0.005,0.0
59,443.0,-0.0,0.0
60,456.0,-0.0,0.0
61,446.0,-0.0,0.0
62,473.0,-0.002,0.0
63,448.0,-0.587,77.3
64,493.0,-0.001,0.0
65,476.0,-0.001,0.0
66,508.0,0.0,0.0
67,501.0,0.001,0.0
68,510.0,-0.001,0.0
69,509.0,-0.089,2.0
70,512.0,0.038,0.4
71,513.0,0.001,0.0
72,520.0,0.116,3.5
73,519.0,0.083,1.8
74,532.0,0.0,0.0
75,535.0,0.001,0.0
76,544.0,-0.0,0.0
77,540.0,-0.0,0.0
78,551.0,0.0,0.0
79,545.0,0.0,0.0
80,599.0,0.31,28.8
81,587.0,0.0,0.0
82,605.0,0.0,0.0
83,599.0,0.294,25.9
84,611.0,-0.0,0.0
85,608.0,-0.0,0.0
86,650.0,-0.0,0.0
87,630.0,-0.0,0.0
88,663.0,-0.0,0.0
89,649.0,-0.0,0.0
90,668.0,0.254,21.5
91,659.0,0.0,0.0
92,694.0,-0.003,0.0
93,660.0,-0.286,27.1
94,698.0,-0.001,0.0
95,686.0,-0.06,1.2
96,706.0,0.0,0.0
97,686.0,0.0,0.0
98,716.0,-0.002,0.0
99,705.0,-0.001,0.0
100,716.0,-0.0,0.0
101,712.0,-0.0,0.0
102,722.0,0.0,0.0
103,721.0,0.0,0.0
104,735.0,-0.0,0.0
105,755.0,-0.0,0.0
106,755.0,0.347,45.4
107,756.0,0.348,45.7
108,767.0,-0.0,0.0
109,771.0,-0.0,0.0
110,768.0,-0.0,0.0
111,779.0,-0.0,0.0
112,773.0,-0.0,0.0
113,789.0,-0.0,0.0
114,778.0,-0.0,0.0
115,793.0,-0.0,0.0
116,780.0,-0.0,0.0
117,814.0,-0.0,0.0
118,817.0,-0.0,0.0
119,825.0,-0.0,0.0
120,819.0,0.0,0.0
121,826.0,0.203,17.0
122,820.0,-0.182,13.6
123,839.0,-0.031,0.4
124,844.0,0.118,5.8
125,850.0,0.0,0.0
126,855.0,-0.0,0.0
127,888.0,-0.0,0.0
128,862.0,-0.001,0.0
129,898.0,-0.0,0.0
130,865.0,0.001,0.0
131,914.0,0.0,0.0
132,906.0,0.0,0.0
133,928.0,0.0,0.0
134,913.0,0.0,0.0
135,929.0,0.0,0.0
136,936.0,-0.0,0.0
137,932.0,-0.0,0.0
138,955.0,0.0,0.0
139,936.0,0.0,0.0
140,969.0,0.001,0.0
141,937.0,0.001,0.0
142,970.0,-0.0,0.0
143,978.0,-0.0,0.0
144,988.0,0.098,4.8
145,982.0,0.0,0.0
146,990.0,0.0,0.0
147,991.0,0.0,0.0
148,1005.0,-0.465,108.5
149,997.0,-0.0,0.0
150,1013.0,0.0,0.0
151,1009.0,0.349,61.4
152,1013.0,0.001,0.0
153,1011.0,0.0,0.0
154,1051.0,-0.0,0.0
155,1015.0,-0.168,14.3
156,1060.0,0.293,45.5
157,1024.0,0.313,50.1
158,1077.0,-0.0,0.0
159,1078.0,-0.0,0.0
160,1097.0,0.105,6.0
161,1101.0,0.251,34.7
162,1111.0,-0.417,96.8
163,1107.0,-0.45,112.1
164,1137.0,0.0,0.0
165,1137.0,0.0,0.0
166,1140.0,-0.29,47.9
167,1145.0,-0.0,0.0
168,1146.0,-0.0,0.0
169,1151.0,-0.356,72.8
170,1156.0,0.471,128.5
171,1171.0,0.328,62.9
172,1172.0,0.0,0.0
173,1172.0,0.001,0.0
174,1185.0,0.084,4.2
175,1182.0,0.33,64.3
176,1187.0,-0.0,0.0
177,1182.0,-0.008,0.0
178,1193.0,-0.0,0.0
179,1195.0,-0.168,16.9
180,1205.0,-0.253,38.6
181,1205.0,-0.0,0.0
182,1212.0,0.0,0.0
183,1210.0,0.0,0.0
184,1233.0,0.0,0.0
185,1223.0,0.0,0.0
186,1253.0,-0.296,54.8
187,1257.0,-0.256,41.2
188,1265.0,-0.01,0.1
189,1259.0,-0.002,0.0
190,1265.0,-0.0,0.0
191,1267.0,-0.284,51.2
192,1279.0,0.013,0.1
193,1280.0,0.087,4.9
194,1300.0,-0.0,0.0
195,1322.0,-0.016,0.2
196,1312.0,-0.0,0.0
197,1323.0,-0.0,0.0
198,1316.0,-0.146,14.1
199,1340.0,-0.0,0.0
200,1339.0,0.0,0.0
201,1341.0,0.0,0.0
202,1346.0,0.177,21.1
203,1351.0,0.085,4.9
204,1357.0,-0.0,0.0
205,1384.0,-0.193,25.7
206,1369.0,0.165,18.6
207,1408.0,0.0,0.0
208,1376.0,-0.0,0.0
209,1416.0,-0.001,0.0
210,1383.0,-0.346,82.9
211,1431.0,-0.38,103.2
212,1425.0,-0.0,0.0
213,1447.0,-0.123,11.0
214,1439.0,0.024,0.4
215,1450.0,0.0,0.0
216,1447.0,-0.0,0.0
217,1450.0,-0.0,0.0
218,1453.0,-0.0,0.0
219,1465.0,-0.061,2.7
220,1473.0,0.137,13.8
221,1478.0,0.0,0.0
222,1478.0,-0.0,0.0
223,1485.0,-0.05,1.8
224,1501.0,0.108,8.7
225,1492.0,0.088,5.8
226,1513.0,-0.0,0.0
227,1495.0,-0.001,0.0
228,1515.0,-0.024,0.4
229,1525.0,-0.0,0.0
230,1551.0,0.292,66.3
231,1528.0,0.0,0.0
232,1552.0,0.001,0.0
233,1563.0,0.037,1.1
234,1569.0,-0.0,0.0
235,1577.0,-0.59,274.0
236,1574.0,0.1,7.8
237,1594.0,0.001,0.0
238,1598.0,0.0,0.0
239,1598.0,0.308,75.7
240,1604.0,0.683,374.1
241,1630.0,0.0,0.0
242,1624.0,0.0,0.0
243,1635.0,0.3,73.7
244,1640.0,0.171,24.1
245,1663.0,0.003,0.0
246,1646.0,0.612,308.0
247,1674.0,0.669,374.5
248,3141.0,0.005,0.0
249,3156.0,0.0,0.0
250,3143.0,0.0,0.0
251,3156.0,0.018,0.5
252,3143.0,0.021,0.7
253,3160.0,0.006,0.0
254,3161.0,0.0,0.0
255,3161.0,0.0,0.0
256,3163.0,0.01,0.2
257,3162.0,0.019,0.6
258,3164.0,-0.0,0.0
259,3170.0,-0.0,0.0
260,3174.0,0.004,0.0
261,3179.0,0.0,0.0
262,3178.0,-0.001,0.0
263,3179.0,-0.01,0.2
264,3178.0,-0.017,0.4
265,3179.0,-0.01,0.2
266,3181.0,-0.0,0.0
267,3179.0,-0.0,0.0
268,3185.0,-0.01,0.1
269,3185.0,-0.011,0.2
270,3194.0,0.01,0.2
271,3186.0,0.0,0.0
272,3194.0,-0.0,0.0
273,3186.0,-0.015,0.4
274,3207.0,0.0,0.0
275,3196.0,0.0,0.0
276,3208.0,0.007,0.1
277,3196.0,0.011,0.2
278,3255.0,-0.005,0.0
279,3215.0,-0.0,0.0
