,Frequencies,Displacement,Reorg Energy
0,-99.0,0.0,-0.0
1,-71.0,0.0,-0.0
2,-58.0,0.0,-0.0
3,-41.0,0.0,-0.0
4,-0.0,-0.0,-0.0
5,-0.0,-0.0,-0.0
6,-0.0,-0.0,-0.0
7,-0.0,-0.0,-0.0
8,-0.0,0.0,-0.0
9,-0.0,0.0,-0.0
10,-0.0,-0.0,-0.0
11,-0.0,-0.0,-0.0
12,-0.0,0.0,-0.0
13,-0.0,0.0,-0.0
14,-0.0,-0.0,-0.0
15,0.0,-0.0,0.0
16,38.0,-0.0,0.0
17,34.0,-0.0,0.0
18,98.0,0.0,0.0
19,102.0,0.0,0.0
20,114.0,0.0,0.0
21,103.0,0.0,0.0
22,187.0,-0.0,0.0
23,166.0,-0.0,0.0
24,216.0,-0.0,0.0
25,220.0,-0.0,0.0
26,229.0,-1.278,187.2
27,233.0,-1.292,194.3
28,309.0,0.0,0.0
29,279.0,0.0,0.0
30,382.0,-0.0,0.0
31,378.0,-0.0,0.0
32,385.0,-0.0,0.0
33,386.0,-0.0,0.0
34,404.0,-0.0,0.0
35,386.0,-0.0,0.0
36,416.0,-0.0,0.0
37,388.0,-0.0,0.0
38,433.0,0.0,0.0
39,433.0,0.0,0.0
40,454.0,0.0,0.0
41,439.0,0.0,0.0
42,461.0,-0.0,0.0
43,463.0,-0.0,0.0
44,528.0,-0.0,0.0
45,488.0,-0.0,0.0
46,558.0,-0.0,0.0
47,551.0,-0.0,0.0
48,626.0,0.215,14.4
49,607.0,0.0,0.0
50,629.0,-0.0,0.0
51,618.0,-0.0,0.0
52,636.0,-0.0,0.0
53,619.0,-0.211,13.8
54,664.0,0.0,0.0
55,642.0,0.0,0.0
56,693.0,0.0,0.0
57,662.0,0.0,0.0
58,697.0,-0.0,0.0
59,666.0,-0.0,0.0
60,711.0,0.0,0.0
61,708.0,0.0,0.0
62,729.0,-0.0,0.0
63,728.0,-0.0,0.0
64,764.0,-0.0,0.0
65,780.0,-0.0,0.0
66,791.0,0.527,109.7
67,784.0,0.559,122.4
68,793.0,0.0,0.0
69,796.0,0.0,0.0
70,805.0,0.0,0.0
71,808.0,0.0,0.0
72,834.0,0.0,0.0
73,823.0,0.0,0.0
74,848.0,0.0,0.0
75,825.0,0.0,0.0
76,853.0,-0.0,0.0
77,865.0,-0.0,0.0
78,919.0,0.0,0.0
79,947.0,0.0,0.0
80,919.0,-0.0,0.0
81,949.0,-0.0,0.0
82,946.0,0.0,0.0
83,979.0,0.0,0.0
84,955.0,-0.0,0.0
85,986.0,-0.0,0.0
86,970.0,-0.0,0.0
87,989.0,-0.03,0.4
88,975.0,-0.0,0.0
89,996.0,-0.0,0.0
90,997.0,0.0,0.0
91,998.0,0.0,0.0
92,998.0,-0.0,0.0
93,1001.0,-0.0,0.0
94,1011.0,-0.146,10.8
95,1007.0,-0.0,0.0
96,1015.0,-0.0,0.0
97,1015.0,-0.27,37.0
98,1019.0,-0.0,0.0
99,1026.0,-0.0,0.0
100,1024.0,0.221,24.9
101,1026.0,0.0,0.0
102,1053.0,0.0,0.0
103,1029.0,0.0,0.0
104,1065.0,0.0,0.0
105,1047.0,0.0,0.0
106,1065.0,-0.138,10.2
107,1049.0,-0.148,11.4
108,1111.0,-0.0,0.0
109,1123.0,-0.0,0.0
110,1113.0,-0.0,0.0
111,1123.0,-0.0,0.0
112,1164.0,-0.0,0.0
113,1170.0,-0.0,0.0
114,1185.0,0.0,0.0
115,1194.0,0.0,0.0
116,1190.0,0.0,0.0
117,1196.0,0.0,0.0
118,1207.0,0.08,3.8
119,1215.0,0.064,2.5
120,1220.0,-0.0,0.0
121,1227.0,-0.0,0.0
122,1253.0,-0.578,209.1
123,1266.0,-0.53,177.7
124,1287.0,0.29,54.0
125,1303.0,0.0,0.0
126,1292.0,-0.0,0.0
127,1310.0,-0.0,0.0
128,1302.0,-0.0,0.0
129,1333.0,-0.0,0.0
130,1308.0,0.0,0.0
131,1340.0,0.352,82.8
132,1321.0,0.0,0.0
133,1349.0,0.0,0.0
134,1351.0,0.0,0.0
135,1357.0,0.0,0.0
136,1367.0,-0.0,0.0
137,1373.0,-0.0,0.0
138,1374.0,-0.0,0.0
139,1377.0,-0.0,0.0
140,1438.0,0.0,0.0
141,1469.0,0.0,0.0
142,1472.0,-0.0,0.0
143,1469.0,-0.0,0.0
144,1489.0,-0.0,0.0
145,1496.0,-0.0,0.0
146,1518.0,0.0,0.0
147,1503.0,0.0,0.0
148,1535.0,-0.11,9.2
149,1523.0,-0.0,0.0
150,1568.0,0.0,0.0
151,1524.0,0.129,12.8
152,1594.0,0.0,0.0
153,1550.0,0.0,0.0
154,1621.0,0.0,0.0
155,1576.0,0.0,0.0
156,1625.0,-0.0,0.0
157,1578.0,-0.0,0.0
158,1638.0,-0.573,269.3
159,1615.0,-0.0,0.0
160,1645.0,-0.0,0.0
161,1634.0,-0.141,16.3
162,1656.0,-0.233,45.1
163,1651.0,-0.578,276.0
164,3161.0,-0.0,0.0
165,3187.0,-0.0,0.0
166,3162.0,-0.015,0.4
167,3187.0,-0.01,0.2
168,3169.0,0.0,0.0
169,3196.0,0.0,0.0
170,3170.0,0.0,0.0
171,3196.0,0.0,0.0
172,3181.0,-0.0,0.0
173,3203.0,-0.0,0.0
174,3184.0,0.0,0.0
175,3204.0,0.02,0.7
176,3185.0,-0.015,0.4
177,3211.0,-0.0,0.0
178,3188.0,-0.0,0.0
179,3211.0,-0.0,0.0
180,3193.0,-0.0,0.0
181,3217.0,-0.0,0.0
182,3196.0,0.012,0.2
183,3218.0,0.017,0.5
184,3204.0,-0.0,0.0
185,3230.0,-0.0,0.0
186,3205.0,-0.0,0.0
187,3230.0,-0.0,0.0
188,3210.0,0.0,0.0
189,3237.0,0.0,0.0
190,3213.0,-0.048,3.7
191,3239.0,-0.043,3.1
