,Frequencies,Displacement,Reorg Energy
0,-20.0,-0.17,-0.3
1,-0.0,-0.0,-0.0
2,-0.0,0.0,-0.0
3,-0.0,0.0,-0.0
4,-0.0,0.0,-0.0
5,-0.0,0.0,-0.0
6,-0.0,0.0,-0.0
7,0.0,0.0,0.0
8,0.0,-0.0,0.0
9,0.0,-0.0,0.0
10,0.0,-0.0,0.0
11,0.0,-0.0,0.0
12,0.0,-0.0,0.0
13,26.0,-2.788,101.6
14,48.0,-0.7,11.7
15,50.0,-1.578,62.6
16,74.0,0.792,23.2
17,67.0,1.405,66.0
18,79.0,1.223,58.9
19,80.0,0.548,12.0
20,107.0,5.893,1857.8
21,92.0,0.006,0.0
22,141.0,-0.387,10.6
23,145.0,-0.341,8.4
24,167.0,-1.612,216.8
25,165.0,-0.057,0.3
26,168.0,0.959,77.3
27,179.0,0.23,4.7
28,194.0,0.627,38.1
29,210.0,0.496,25.9
30,200.0,0.051,0.3
31,242.0,0.604,44.1
32,239.0,0.233,6.5
33,267.0,0.057,0.4
34,293.0,0.203,6.0
35,300.0,0.228,7.8
36,314.0,0.086,1.2
37,316.0,0.192,5.8
38,319.0,-0.047,0.3
39,321.0,-0.005,0.0
40,332.0,-0.162,4.4
41,334.0,-0.04,0.3
42,339.0,-1.441,351.4
43,343.0,-0.285,13.9
44,343.0,0.687,80.9
45,350.0,0.204,7.3
46,355.0,0.581,59.9
47,367.0,0.085,1.3
48,380.0,-0.341,22.0
49,404.0,-0.07,1.0
50,397.0,0.005,0.0
51,418.0,0.207,9.0
52,403.0,0.76,116.5
53,430.0,0.004,0.0
54,433.0,0.079,1.4
55,450.0,0.137,4.2
56,441.0,0.124,3.4
57,476.0,0.067,1.1
58,462.0,0.392,35.5
59,498.0,0.079,1.6
60,501.0,-0.145,5.3
61,522.0,-0.036,0.3
62,504.0,0.314,24.8
63,539.0,0.148,5.9
64,512.0,-0.457,53.3
65,599.0,-0.003,0.0
66,541.0,-0.098,2.6
67,628.0,-0.251,19.8
68,589.0,-0.201,11.9
69,667.0,-0.034,0.4
70,625.0,-0.014,0.1
71,708.0,-0.065,1.5
72,635.0,0.075,1.8
73,723.0,0.186,12.5
74,666.0,0.063,1.3
75,743.0,0.039,0.6
76,679.0,-0.394,52.9
77,752.0,-0.435,71.3
78,686.0,-0.047,0.7
79,761.0,-0.18,12.3
80,720.0,0.6,129.8
81,787.0,0.148,8.6
82,739.0,0.424,66.3
83,791.0,0.32,40.5
84,754.0,-0.028,0.3
85,842.0,-0.023,0.2
86,764.0,-0.166,10.5
87,845.0,-0.068,2.0
88,783.0,-0.19,14.1
89,857.0,-0.106,4.8
90,841.0,-0.103,4.5
91,865.0,-0.046,0.9
92,855.0,-0.153,10.0
93,874.0,-0.008,0.0
94,866.0,-0.243,25.6
95,875.0,-0.143,8.9
96,870.0,-0.091,3.6
97,891.0,-0.059,1.5
98,876.0,0.08,2.8
99,937.0,0.024,0.3
100,889.0,-0.097,4.1
101,946.0,-0.056,1.5
102,900.0,-0.174,13.7
103,951.0,-0.022,0.2
104,921.0,0.139,8.9
105,960.0,0.036,0.6
106,935.0,-0.023,0.3
107,978.0,-0.134,8.8
108,939.0,0.253,30.0
109,991.0,0.055,1.5
110,954.0,-0.222,23.5
111,998.0,-0.036,0.6
112,960.0,-0.022,0.2
113,1014.0,-0.734,273.3
114,975.0,0.269,35.4
115,1017.0,0.025,0.3
116,989.0,0.753,280.7
117,1026.0,0.008,0.0
118,997.0,-0.072,2.5
119,1042.0,-0.276,39.7
120,1010.0,0.164,13.5
121,1043.0,0.204,21.8
122,1048.0,0.046,1.1
123,1057.0,0.011,0.1
124,1053.0,0.114,6.8
125,1064.0,0.038,0.8
126,1065.0,-0.013,0.1
127,1084.0,-0.035,0.7
128,1084.0,0.011,0.1
129,1088.0,0.006,0.0
130,1088.0,-0.013,0.1
131,1095.0,-0.035,0.7
132,1089.0,0.002,0.0
133,1106.0,0.041,0.9
134,1096.0,0.166,15.2
135,1116.0,0.002,0.0
136,1114.0,-0.147,12.0
137,1123.0,-0.19,20.2
138,1129.0,0.104,6.1
139,1144.0,0.021,0.3
140,1144.0,0.167,16.0
141,1155.0,0.223,28.7
142,1156.0,-0.172,17.1
143,1192.0,-0.509,154.7
144,1170.0,-0.289,48.7
145,1192.0,-0.309,57.0
146,1202.0,0.01,0.1
147,1209.0,0.109,7.2
148,1213.0,0.133,10.8
149,1217.0,0.23,32.1
150,1215.0,-0.107,6.9
151,1219.0,-0.061,2.2
152,1225.0,0.055,1.9
153,1221.0,0.048,1.4
154,1232.0,0.26,41.6
155,1240.0,0.139,12.0
156,1244.0,-0.059,2.1
157,1273.0,-0.025,0.4
158,1270.0,-0.15,14.4
159,1283.0,-0.087,4.9
160,1284.0,0.046,1.3
161,1286.0,0.039,1.0
162,1290.0,0.025,0.4
163,1297.0,0.023,0.4
164,1303.0,0.096,6.1
165,1308.0,0.055,2.0
166,1304.0,-0.02,0.3
167,1315.0,-0.043,1.2
168,1320.0,0.127,10.7
169,1318.0,0.084,4.6
170,1322.0,-0.032,0.7
171,1322.0,-0.093,5.7
172,1335.0,-0.038,1.0
173,1335.0,-0.066,2.9
174,1338.0,-0.007,0.0
175,1348.0,-0.074,3.7
176,1347.0,0.031,0.6
177,1358.0,0.134,12.2
178,1360.0,0.04,1.1
179,1365.0,0.05,1.7
180,1361.0,0.026,0.5
181,1371.0,0.014,0.1
182,1369.0,-0.034,0.8
183,1375.0,-0.02,0.3
184,1373.0,0.056,2.2
185,1378.0,0.003,0.0
186,1375.0,0.035,0.8
187,1380.0,0.02,0.3
188,1378.0,0.03,0.6
189,1383.0,0.024,0.4
190,1382.0,0.01,0.1
191,1390.0,0.057,2.2
192,1386.0,-0.061,2.6
193,1393.0,-0.058,2.3
194,1389.0,-0.019,0.3
195,1430.0,-0.162,18.8
196,1420.0,-0.153,16.6
197,1478.0,-0.242,43.3
198,1462.0,-0.057,2.4
199,1486.0,-0.017,0.2
200,1484.0,-0.049,1.8
201,1488.0,-0.056,2.4
202,1487.0,0.018,0.3
203,1489.0,0.022,0.4
204,1488.0,0.031,0.7
205,1490.0,0.045,1.5
206,1490.0,-0.005,0.0
207,1495.0,-0.022,0.3
208,1491.0,0.026,0.5
209,1495.0,0.03,0.7
210,1494.0,0.014,0.2
211,1503.0,0.044,1.4
212,1495.0,0.049,1.8
213,1504.0,0.047,1.7
214,1504.0,0.027,0.6
215,1509.0,0.174,22.8
216,1505.0,0.018,0.2
217,1605.0,0.679,369.9
218,1554.0,-0.687,367.3
219,1616.0,-0.61,301.0
220,3005.0,0.007,0.1
221,3018.0,0.009,0.1
222,3005.0,0.013,0.2
223,3020.0,0.011,0.2
224,3018.0,0.003,0.0
225,3026.0,0.0,0.0
226,3019.0,0.005,0.0
227,3027.0,0.001,0.0
228,3021.0,0.001,0.0
229,3033.0,0.001,0.0
230,3024.0,-0.002,0.0
231,3033.0,-0.007,0.1
232,3024.0,-0.001,0.0
233,3044.0,-0.008,0.1
234,3035.0,-0.03,1.3
235,3048.0,-0.031,1.4
236,3060.0,0.002,0.0
237,3049.0,0.024,0.9
238,3060.0,0.022,0.7
239,3056.0,0.005,0.0
240,3064.0,0.008,0.1
241,3069.0,0.035,1.8
242,3064.0,0.019,0.5
243,3074.0,0.003,0.0
244,3068.0,0.003,0.0
245,3080.0,0.004,0.0
246,3068.0,-0.005,0.0
247,3080.0,-0.006,0.1
248,3072.0,-0.003,0.0
249,3082.0,-0.005,0.0
250,3072.0,0.009,0.1
251,3083.0,0.014,0.3
252,3101.0,0.02,0.6
253,3086.0,0.016,0.4
254,3103.0,0.032,1.6
255,3088.0,0.005,0.0
256,3111.0,0.0,0.0
257,3096.0,0.018,0.5
258,3111.0,-0.016,0.4
259,3098.0,-0.018,0.5
260,3129.0,-0.021,0.7
261,3185.0,-0.038,2.4
262,3131.0,-0.05,3.9
263,3192.0,-0.04,2.6
264,3170.0,-0.023,0.8
265,3202.0,-0.014,0.3
266,3191.0,0.011,0.2
267,3212.0,0.012,0.2
