,Frequencies,Displacement,Reorg Energy
0,-104.0,0.0,-0.0
1,-83.0,0.0,-0.0
2,-91.0,0.0,-0.0
3,-77.0,0.0,-0.0
4,-67.0,0.0,-0.0
5,-55.0,0.0,-0.0
6,-34.0,-0.0,-0.0
7,-27.0,-0.0,-0.0
8,-0.0,-0.0,-0.0
9,-0.0,-0.0,-0.0
10,-0.0,-0.0,-0.0
11,-0.0,-0.0,-0.0
12,-0.0,0.0,-0.0
13,-0.0,0.0,-0.0
14,0.0,-0.0,0.0
15,0.0,-0.0,0.0
16,0.0,0.0,0.0
17,0.0,0.0,0.0
18,0.0,-0.0,0.0
19,0.0,-0.0,0.0
20,14.0,-0.0,0.0
21,13.0,-0.0,0.0
22,37.0,-0.0,0.0
23,35.0,-0.0,0.0
24,38.0,-0.0,0.0
25,40.0,-0.0,0.0
26,73.0,-0.0,0.0
27,68.0,-0.0,0.0
28,97.0,-0.0,0.0
29,100.0,-0.0,0.0
30,129.0,0.0,0.0
31,122.0,0.0,0.0
32,139.0,1.555,168.5
33,141.0,1.567,173.0
34,163.0,0.0,0.0
35,152.0,0.0,0.0
36,171.0,-0.0,0.0
37,174.0,-0.0,0.0
38,230.0,0.0,0.0
39,216.0,0.0,0.0
40,238.0,-0.0,0.0
41,242.0,-0.0,0.0
42,273.0,-0.0,0.0
43,274.0,-0.0,0.0
44,296.0,-0.0,0.0
45,280.0,-0.0,0.0
46,356.0,-0.0,0.0
47,345.0,-0.0,0.0
48,364.0,0.0,0.0
49,359.0,0.0,0.0
50,380.0,0.0,0.0
51,382.0,0.0,0.0
52,389.0,-0.0,0.0
53,384.0,-0.0,0.0
54,396.0,-0.151,4.5
55,391.0,-0.0,0.0
56,401.0,-0.0,0.0
57,399.0,-0.0,0.0
58,410.0,-0.0,0.0
59,400.0,-0.152,4.6
60,412.0,0.0,0.0
61,400.0,0.0,0.0
62,416.0,0.0,0.0
63,412.0,0.0,0.0
64,454.0,0.0,0.0
65,448.0,0.0,0.0
66,459.0,-0.0,0.0
67,456.0,-0.0,0.0
68,482.0,-0.0,0.0
69,475.0,-0.0,0.0
70,497.0,0.0,0.0
71,483.0,0.0,0.0
72,502.0,0.0,0.0
73,509.0,0.0,0.0
74,540.0,0.0,0.0
75,525.0,0.0,0.0
76,555.0,0.0,0.0
77,551.0,0.0,0.0
78,557.0,0.0,0.0
79,555.0,0.0,0.0
80,627.0,0.098,3.0
81,620.0,0.0,0.0
82,631.0,-0.0,0.0
83,622.0,-0.097,2.9
84,632.0,-0.0,0.0
85,623.0,-0.0,0.0
86,648.0,0.0,0.0
87,634.0,0.0,0.0
88,662.0,0.0,0.0
89,650.0,0.0,0.0
90,672.0,0.0,0.0
91,660.0,0.0,0.0
92,674.0,-0.0,0.0
93,674.0,-0.0,0.0
94,695.0,0.0,0.0
95,680.0,0.0,0.0
96,695.0,0.0,0.0
97,681.0,0.0,0.0
98,726.0,0.0,0.0
99,722.0,0.0,0.0
100,726.0,0.0,0.0
101,727.0,0.0,0.0
102,729.0,-0.11,4.4
103,728.0,-0.099,3.6
104,739.0,-0.0,0.0
105,746.0,-0.0,0.0
106,776.0,0.0,0.0
107,771.0,0.0,0.0
108,777.0,0.0,0.0
109,786.0,0.0,0.0
110,785.0,0.0,0.0
111,795.0,0.0,0.0
112,798.0,0.0,0.0
113,795.0,0.0,0.0
114,809.0,-0.0,0.0
115,803.0,-0.0,0.0
116,812.0,-0.425,73.3
117,807.0,-0.453,82.7
118,824.0,0.0,0.0
119,813.0,0.0,0.0
120,836.0,-0.0,0.0
121,833.0,-0.0,0.0
122,842.0,0.0,0.0
123,834.0,0.0,0.0
124,846.0,0.0,0.0
125,846.0,0.0,0.0
126,852.0,0.0,0.0
127,860.0,0.0,0.0
128,862.0,0.0,0.0
129,868.0,0.0,0.0
130,919.0,-0.0,0.0
131,938.0,-0.0,0.0
132,919.0,0.0,0.0
133,938.0,0.0,0.0
134,934.0,0.0,0.0
135,960.0,0.0,0.0
136,947.0,-0.0,0.0
137,966.0,-0.0,0.0
138,949.0,0.0,0.0
139,970.0,0.0,0.0
140,955.0,-0.0,0.0
141,975.0,-0.0,0.0
142,963.0,0.0,0.0
143,983.0,0.0,0.0
144,963.0,0.0,0.0
145,986.0,0.0,0.0
146,974.0,0.0,0.0
147,990.0,0.0,0.0
148,975.0,-0.0,0.0
149,992.0,-0.0,0.0
150,998.0,-0.0,0.0
151,1000.0,-0.028,0.4
152,998.0,0.0,0.0
153,1006.0,0.0,0.0
154,1012.0,-0.075,2.8
155,1006.0,-0.0,0.0
156,1013.0,0.0,0.0
157,1008.0,0.034,0.6
158,1015.0,-0.0,0.0
159,1014.0,-0.0,0.0
160,1019.0,-0.093,4.4
161,1016.0,-0.144,10.5
162,1021.0,0.104,5.6
163,1019.0,0.0,0.0
164,1022.0,0.0,0.0
165,1019.0,0.0,0.0
166,1041.0,-0.0,0.0
167,1026.0,-0.0,0.0
168,1054.0,0.04,0.8
169,1038.0,0.094,4.6
170,1064.0,0.0,0.0
171,1045.0,0.0,0.0
172,1065.0,-0.085,3.9
173,1057.0,-0.0,0.0
174,1066.0,-0.0,0.0
175,1057.0,-0.08,3.4
176,1112.0,-0.0,0.0
177,1120.0,-0.0,0.0
178,1112.0,-0.0,0.0
179,1120.0,-0.0,0.0
180,1152.0,-0.0,0.0
181,1164.0,-0.0,0.0
182,1164.0,-0.0,0.0
183,1171.0,-0.0,0.0
184,1176.0,0.0,0.0
185,1178.0,0.0,0.0
186,1188.0,0.0,0.0
187,1195.0,0.0,0.0
188,1189.0,-0.0,0.0
189,1195.0,-0.0,0.0
190,1209.0,0.04,1.0
191,1215.0,0.027,0.4
192,1213.0,0.0,0.0
193,1218.0,0.0,0.0
194,1231.0,0.03,0.6
195,1238.0,0.047,1.3
196,1249.0,-0.592,218.9
197,1246.0,-0.0,0.0
198,1251.0,-0.0,0.0
199,1255.0,-0.57,204.1
200,1287.0,0.0,0.0
201,1305.0,0.0,0.0
202,1290.0,-0.0,0.0
203,1306.0,-0.0,0.0
204,1292.0,0.0,0.0
205,1306.0,0.0,0.0
206,1297.0,-0.073,3.4
207,1310.0,-0.0,0.0
208,1300.0,0.0,0.0
209,1315.0,0.064,2.7
210,1303.0,0.137,12.3
211,1316.0,0.0,0.0
212,1313.0,0.0,0.0
213,1341.0,0.223,33.4
214,1314.0,-0.0,0.0
215,1344.0,-0.0,0.0
216,1319.0,0.0,0.0
217,1346.0,0.0,0.0
218,1347.0,0.0,0.0
219,1347.0,0.0,0.0
220,1353.0,0.0,0.0
221,1353.0,0.0,0.0
222,1358.0,0.0,0.0
223,1359.0,0.0,0.0
224,1371.0,0.0,0.0
225,1375.0,0.0,0.0
226,1373.0,-0.0,0.0
227,1375.0,-0.0,0.0
228,1437.0,0.0,0.0
229,1460.0,0.0,0.0
230,1437.0,-0.0,0.0
231,1465.0,-0.0,0.0
232,1452.0,0.0,0.0
233,1473.0,0.0,0.0
234,1480.0,0.0,0.0
235,1482.0,0.0,0.0
236,1485.0,-0.0,0.0
237,1493.0,-0.0,0.0
238,1519.0,-0.0,0.0
239,1505.0,-0.0,0.0
240,1526.0,0.043,1.4
241,1518.0,0.058,2.6
242,1544.0,-0.0,0.0
243,1534.0,-0.0,0.0
244,1563.0,-0.005,0.0
245,1543.0,-0.0,0.0
246,1578.0,0.0,0.0
247,1553.0,0.015,0.2
248,1579.0,-0.0,0.0
249,1557.0,-0.0,0.0
250,1597.0,0.0,0.0
251,1559.0,0.0,0.0
252,1610.0,0.0,0.0
253,1568.0,0.0,0.0
254,1623.0,-0.0,0.0
255,1601.0,-0.0,0.0
256,1623.0,-0.0,0.0
257,1601.0,-0.0,0.0
258,1634.0,-0.543,240.9
259,1610.0,-0.0,0.0
260,1640.0,-0.0,0.0
261,1622.0,-0.292,69.3
262,1646.0,0.128,13.4
263,1635.0,0.419,143.5
264,1654.0,0.0,0.0
265,1640.0,0.0,0.0
266,1661.0,-0.036,1.1
267,1654.0,-0.092,6.9
268,3161.0,0.0,0.0
269,3178.0,0.0,0.0
270,3161.0,0.023,0.8
271,3178.0,0.018,0.5
272,3168.0,-0.0,0.0
273,3189.0,-0.0,0.0
274,3168.0,0.0,0.0
275,3189.0,0.0,0.0
276,3179.0,-0.0,0.0
277,3195.0,-0.0,0.0
278,3179.0,-0.0,0.0
279,3196.0,-0.01,0.1
280,3182.0,-0.004,0.0
281,3199.0,-0.0,0.0
282,3183.0,0.0,0.0
283,3199.0,0.0,0.0
284,3185.0,-0.0,0.0
285,3202.0,-0.0,0.0
286,3188.0,0.002,0.0
287,3203.0,0.007,0.1
288,3188.0,-0.0,0.0
289,3206.0,-0.0,0.0
290,3191.0,-0.0,0.0
291,3208.0,-0.0,0.0
292,3193.0,-0.0,0.0
293,3209.0,-0.0,0.0
294,3196.0,-0.008,0.1
295,3211.0,-0.013,0.3
296,3200.0,-0.0,0.0
297,3218.0,-0.0,0.0
298,3200.0,0.0,0.0
299,3218.0,0.0,0.0
300,3205.0,-0.0,0.0
301,3224.0,-0.0,0.0
302,3206.0,0.015,0.4
303,3225.0,0.014,0.3
304,3208.0,-0.0,0.0
305,3227.0,-0.0,0.0
306,3211.0,-0.0,0.0
307,3229.0,-0.0,0.0
308,3211.0,0.0,0.0
309,3230.0,0.0,0.0
310,3214.0,-0.043,3.0
311,3232.0,-0.041,2.8
