,Frequencies,Displacement,Reorg Energy
0,-105.0,-0.0,-0.0
1,-83.0,-0.0,-0.0
2,-96.0,0.0,-0.0
3,-80.0,0.0,-0.0
4,-80.0,-0.0,-0.0
5,-63.0,-0.0,-0.0
6,-57.0,0.0,-0.0
7,-42.0,0.0,-0.0
8,-28.0,0.0,-0.0
9,-19.0,0.0,-0.0
10,-0.0,-0.0,-0.0
11,-0.0,-0.0,-0.0
12,0.0,0.0,0.0
13,-0.0,0.0,-0.0
14,0.0,-0.0,0.0
15,-0.0,-0.0,-0.0
16,0.0,-0.0,0.0
17,0.0,-0.0,0.0
18,0.0,0.0,0.0
19,0.0,0.0,0.0
20,0.0,-0.0,0.0
21,0.0,-0.0,0.0
22,10.0,0.0,0.0
23,9.0,0.0,0.0
24,26.0,-0.0,0.0
25,25.0,-0.0,0.0
26,27.0,-0.0,0.0
27,27.0,-0.0,0.0
28,51.0,0.0,0.0
29,49.0,0.0,0.0
30,70.0,-0.0,0.0
31,69.0,-0.0,0.0
32,83.0,0.0,0.0
33,79.0,0.0,0.0
34,117.0,0.419,10.2
35,116.0,0.438,11.2
36,127.0,0.0,0.0
37,126.0,0.0,0.0
38,132.0,-0.0,0.0
39,130.0,-0.0,0.0
40,158.0,0.0,0.0
41,148.0,0.0,0.0
42,190.0,-0.0,0.0
43,187.0,-0.0,0.0
44,213.0,-0.0,0.0
45,201.0,-0.0,0.0
46,230.0,-0.0,0.0
47,230.0,-0.0,0.0
48,244.0,-0.0,0.0
49,241.0,-0.0,0.0
50,266.0,0.0,0.0
51,250.0,0.0,0.0
52,322.0,0.0,0.0
53,301.0,0.0,0.0
54,337.0,0.141,3.3
55,336.0,0.141,3.3
56,349.0,-0.0,0.0
57,349.0,-0.0,0.0
58,376.0,-0.0,0.0
59,352.0,-0.0,0.0
60,379.0,-0.0,0.0
61,395.0,-0.0,0.0
62,386.0,-0.0,0.0
63,401.0,-0.0,0.0
64,394.0,-0.0,0.0
65,401.0,-0.0,0.0
66,395.0,-0.0,0.0
67,409.0,-0.0,0.0
68,405.0,-0.0,0.0
69,414.0,-0.0,0.0
70,413.0,0.0,0.0
71,419.0,0.0,0.0
72,417.0,0.0,0.0
73,423.0,0.0,0.0
74,434.0,0.0,0.0
75,430.0,0.0,0.0
76,436.0,0.0,0.0
77,434.0,0.0,0.0
78,460.0,0.0,0.0
79,435.0,0.0,0.0
80,467.0,0.0,0.0
81,465.0,0.0,0.0
82,485.0,-0.0,0.0
83,471.0,-0.0,0.0
84,489.0,0.0,0.0
85,483.0,0.0,0.0
86,518.0,0.073,1.4
87,504.0,0.0,0.0
88,528.0,-0.0,0.0
89,519.0,-0.076,1.5
90,551.0,0.0,0.0
91,521.0,0.0,0.0
92,555.0,-0.0,0.0
93,533.0,-0.0,0.0
94,557.0,0.0,0.0
95,534.0,0.0,0.0
96,627.0,0.0,0.0
97,617.0,0.0,0.0
98,631.0,0.0,0.0
99,630.0,0.0,0.0
100,632.0,0.0,0.0
101,631.0,0.0,0.0
102,645.0,-0.0,0.0
103,642.0,-0.0,0.0
104,656.0,-0.0,0.0
105,653.0,-0.0,0.0
106,664.0,-0.085,2.4
107,661.0,-0.081,2.2
108,666.0,-0.0,0.0
109,663.0,-0.0,0.0
110,673.0,-0.0,0.0
111,670.0,-0.0,0.0
112,695.0,0.0,0.0
113,689.0,0.0,0.0
114,695.0,0.0,0.0
115,690.0,0.0,0.0
116,712.0,-0.0,0.0
117,706.0,-0.0,0.0
118,725.0,-0.0,0.0
119,708.0,-0.0,0.0
120,725.0,0.0,0.0
121,711.0,0.0,0.0
122,729.0,-0.0,0.0
123,717.0,-0.0,0.0
124,745.0,-0.0,0.0
125,733.0,-0.0,0.0
126,754.0,0.068,1.7
127,746.0,0.078,2.3
128,778.0,-0.0,0.0
129,761.0,-0.0,0.0
130,783.0,0.0,0.0
131,766.0,0.0,0.0
132,790.0,-0.0,0.0
133,770.0,-0.0,0.0
134,796.0,-0.0,0.0
135,779.0,-0.0,0.0
136,804.0,0.0,0.0
137,780.0,0.0,0.0
138,816.0,0.0,0.0
139,789.0,0.0,0.0
140,816.0,0.034,0.5
141,801.0,0.0,0.0
142,829.0,-0.0,0.0
143,802.0,-0.063,1.6
144,831.0,0.0,0.0
145,808.0,0.0,0.0
146,843.0,0.0,0.0
147,819.0,0.0,0.0
148,845.0,-0.0,0.0
149,825.0,-0.0,0.0
150,847.0,-0.0,0.0
151,826.0,-0.0,0.0
152,857.0,0.0,0.0
153,826.0,0.0,0.0
154,863.0,-0.0,0.0
155,827.0,-0.0,0.0
156,920.0,-0.0,0.0
157,881.0,-0.0,0.0
158,920.0,0.0,0.0
159,881.0,0.0,0.0
160,932.0,0.0,0.0
161,901.0,0.0,0.0
162,944.0,-0.0,0.0
163,917.0,-0.0,0.0
164,946.0,0.0,0.0
165,917.0,0.0,0.0
166,951.0,0.0,0.0
167,926.0,0.0,0.0
168,956.0,-0.0,0.0
169,932.0,-0.0,0.0
170,958.0,0.0,0.0
171,936.0,0.0,0.0
172,964.0,0.0,0.0
173,943.0,0.0,0.0
174,966.0,0.0,0.0
175,944.0,0.0,0.0
176,974.0,0.0,0.0
177,956.0,0.0,0.0
178,975.0,-0.0,0.0
179,956.0,-0.0,0.0
180,998.0,0.0,0.0
181,969.0,0.0,0.0
182,998.0,-0.0,0.0
183,970.0,-0.0,0.0
184,1012.0,0.0,0.0
185,996.0,0.0,0.0
186,1013.0,0.102,5.3
187,1000.0,0.065,2.1
188,1014.0,0.0,0.0
189,1004.0,0.0,0.0
190,1018.0,0.04,0.8
191,1005.0,0.0,0.0
192,1020.0,0.0,0.0
193,1006.0,0.034,0.6
194,1021.0,0.0,0.0
195,1009.0,0.0,0.0
196,1022.0,0.056,1.6
197,1011.0,0.101,5.2
198,1039.0,-0.005,0.0
199,1022.0,-0.018,0.2
200,1049.0,0.0,0.0
201,1032.0,0.0,0.0
202,1060.0,0.021,0.2
203,1042.0,0.024,0.3
204,1065.0,-0.0,0.0
205,1046.0,-0.0,0.0
206,1065.0,-0.083,3.7
207,1055.0,-0.0,0.0
208,1066.0,0.0,0.0
209,1056.0,0.081,3.5
210,1112.0,-0.0,0.0
211,1104.0,-0.0,0.0
212,1112.0,0.0,0.0
213,1104.0,0.0,0.0
214,1150.0,0.0,0.0
215,1150.0,0.0,0.0
216,1159.0,0.0,0.0
217,1153.0,0.0,0.0
218,1169.0,-0.0,0.0
219,1158.0,-0.0,0.0
220,1179.0,0.0,0.0
221,1162.0,0.0,0.0
222,1188.0,0.0,0.0
223,1178.0,0.0,0.0
224,1189.0,-0.0,0.0
225,1178.0,-0.0,0.0
226,1210.0,0.0,0.0
227,1204.0,0.0,0.0
228,1212.0,0.001,0.0
229,1205.0,0.033,0.7
230,1225.0,0.0,0.0
231,1218.0,0.0,0.0
232,1243.0,0.037,0.9
233,1222.0,0.0,0.0
234,1247.0,-0.662,273.1
235,1227.0,-0.241,35.5
236,1253.0,0.0,0.0
237,1245.0,0.535,178.1
238,1289.0,0.0,0.0
239,1290.0,0.0,0.0
240,1290.0,0.0,0.0
241,1291.0,0.0,0.0
242,1291.0,-0.071,3.2
243,1292.0,-0.0,0.0
244,1291.0,-0.0,0.0
245,1297.0,-0.0,0.0
246,1295.0,-0.0,0.0
247,1297.0,-0.0,0.0
248,1303.0,0.0,0.0
249,1301.0,0.111,8.1
250,1305.0,-0.328,70.0
251,1302.0,-0.0,0.0
252,1305.0,-0.0,0.0
253,1323.0,-0.0,0.0
254,1315.0,-0.0,0.0
255,1326.0,-0.0,0.0
256,1316.0,0.023,0.3
257,1333.0,0.45,134.8
258,1318.0,-0.0,0.0
259,1334.0,-0.0,0.0
260,1346.0,0.0,0.0
261,1339.0,0.0,0.0
262,1350.0,-0.0,0.0
263,1339.0,-0.042,1.2
264,1355.0,-0.0,0.0
265,1347.0,-0.0,0.0
266,1362.0,0.0,0.0
267,1351.0,0.0,0.0
268,1370.0,0.0,0.0
269,1365.0,0.0,0.0
270,1373.0,-0.0,0.0
271,1367.0,-0.0,0.0
272,1435.0,-0.0,0.0
273,1450.0,-0.0,0.0
274,1437.0,-0.0,0.0
275,1452.0,-0.0,0.0
276,1441.0,-0.0,0.0
277,1461.0,-0.0,0.0
278,1458.0,-0.0,0.0
279,1465.0,-0.0,0.0
280,1482.0,0.0,0.0
281,1475.0,0.0,0.0
282,1484.0,0.0,0.0
283,1483.0,0.0,0.0
284,1519.0,0.0,0.0
285,1502.0,0.0,0.0
286,1524.0,0.156,18.6
287,1511.0,0.191,27.7
288,1538.0,-0.0,0.0
289,1516.0,-0.0,0.0
290,1554.0,-0.022,0.4
291,1524.0,-0.0,0.0
292,1569.0,-0.0,0.0
293,1535.0,-0.0,0.0
294,1576.0,-0.0,0.0
295,1544.0,-0.0,0.0
296,1579.0,0.011,0.1
297,1554.0,0.0,0.0
298,1590.0,0.0,0.0
299,1557.0,0.0,0.0
300,1603.0,0.0,0.0
301,1560.0,0.0,0.0
302,1612.0,0.0,0.0
303,1566.0,0.013,0.1
304,1623.0,0.0,0.0
305,1595.0,0.0,0.0
306,1624.0,0.0,0.0
307,1595.0,0.0,0.0
308,1632.0,0.697,396.5
309,1595.0,0.0,0.0
310,1638.0,-0.0,0.0
311,1613.0,-0.404,131.6
312,1643.0,0.028,0.6
313,1630.0,0.519,219.5
314,1650.0,-0.0,0.0
315,1638.0,-0.0,0.0
316,1657.0,0.035,1.0
317,1650.0,0.072,4.3
318,1662.0,-0.0,0.0
319,1658.0,-0.0,0.0
320,3161.0,0.0,0.0
321,3142.0,0.0,0.0
322,3161.0,-0.023,0.8
323,3142.0,-0.023,0.9
324,3169.0,0.0,0.0
325,3148.0,0.0,0.0
326,3169.0,0.0,0.0
327,3148.0,0.0,0.0
328,3178.0,-0.0,0.0
329,3156.0,-0.0,0.0
330,3179.0,-0.0,0.0
331,3156.0,-0.0,0.0
332,3180.0,0.014,0.3
333,3161.0,0.014,0.3
334,3181.0,0.0,0.0
335,3161.0,0.0,0.0
336,3183.0,0.0,0.0
337,3167.0,0.0,0.0
338,3185.0,0.003,0.0
339,3167.0,0.0,0.0
340,3185.0,-0.0,0.0
341,3170.0,-0.002,0.0
342,3188.0,-0.0,0.0
343,3170.0,-0.0,0.0
344,3189.0,0.0,0.0
345,3176.0,0.0,0.0
346,3191.0,-0.009,0.1
347,3177.0,-0.008,0.1
348,3193.0,0.0,0.0
349,3177.0,0.0,0.0
350,3196.0,0.0,0.0
351,3180.0,0.0,0.0
352,3199.0,0.0,0.0
353,3185.0,0.0,0.0
354,3199.0,-0.004,0.0
355,3187.0,-0.006,0.1
356,3203.0,0.0,0.0
357,3189.0,0.0,0.0
358,3204.0,0.0,0.0
359,3191.0,0.0,0.0
360,3207.0,-0.0,0.0
361,3191.0,-0.0,0.0
362,3209.0,0.001,0.0
363,3194.0,0.017,0.5
364,3209.0,-0.0,0.0
365,3196.0,-0.0,0.0
366,3211.0,0.0,0.0
367,3196.0,0.0,0.0
368,3212.0,0.0,0.0
369,3199.0,0.0,0.0
370,3214.0,0.031,1.6
371,3199.0,0.025,1.0
