,Frequencies,Displacement,Reorg Energy
0,-0.0,-0.0,-0.0
1,-0.0,-0.0,-0.0
2,-0.0,0.0,-0.0
3,-0.0,0.0,-0.0
4,-0.0,0.0,-0.0
5,-0.0,0.0,-0.0
6,0.0,-0.0,0.0
7,-0.0,-0.0,-0.0
8,0.0,-0.0,0.0
9,0.0,-0.0,0.0
10,0.0,-0.0,0.0
11,0.0,-0.0,0.0
12,40.0,-3.19,203.4
13,41.0,-1.905,75.0
14,51.0,-1.375,48.1
15,66.0,-3.478,396.7
16,73.0,-0.102,0.4
17,81.0,-0.43,7.5
18,105.0,-0.692,25.1
19,117.0,-1.566,143.4
20,150.0,-0.173,2.2
21,147.0,-0.094,0.6
22,215.0,-0.062,0.4
23,209.0,-0.065,0.4
24,228.0,-0.253,7.3
25,219.0,-0.085,0.8
26,236.0,0.74,64.7
27,240.0,0.44,23.3
28,261.0,-0.31,12.6
29,259.0,-0.281,10.2
30,264.0,0.105,1.5
31,272.0,0.233,7.4
32,350.0,0.06,0.6
33,330.0,0.103,1.8
34,397.0,0.01,0.0
35,392.0,0.068,0.9
36,416.0,0.437,39.7
37,413.0,0.633,82.6
38,417.0,0.439,40.3
39,425.0,0.176,6.5
40,445.0,-0.188,7.9
41,439.0,-0.321,22.7
42,475.0,-0.001,0.0
43,475.0,-0.042,0.4
44,504.0,-0.103,2.7
45,492.0,-0.047,0.6
46,514.0,0.079,1.6
47,497.0,0.074,1.4
48,520.0,0.084,1.8
49,514.0,0.085,1.9
50,521.0,-0.089,2.1
51,522.0,-0.049,0.6
52,555.0,0.056,0.9
53,546.0,0.063,1.1
54,568.0,0.093,2.4
55,557.0,0.072,1.4
56,572.0,0.203,11.8
57,567.0,0.252,18.0
58,615.0,-0.119,4.4
59,603.0,-0.06,1.1
60,627.0,0.025,0.2
61,611.0,0.16,7.8
62,644.0,0.013,0.1
63,634.0,0.002,0.0
64,694.0,0.081,2.3
65,668.0,0.095,3.0
66,704.0,-0.086,2.6
67,692.0,-0.023,0.2
68,705.0,0.033,0.4
69,701.0,0.066,1.5
70,718.0,-0.104,3.9
71,705.0,-0.11,4.3
72,737.0,0.023,0.2
73,711.0,0.008,0.0
74,768.0,-0.007,0.0
75,721.0,-0.024,0.2
76,771.0,-0.034,0.4
77,741.0,-0.086,2.7
78,785.0,-0.129,6.5
79,754.0,-0.033,0.4
80,812.0,-0.039,0.6
81,768.0,-0.056,1.2
82,833.0,0.024,0.2
83,771.0,0.124,5.9
84,839.0,-0.053,1.2
85,804.0,-0.002,0.0
86,849.0,-0.033,0.5
87,813.0,-0.069,1.9
88,858.0,-0.191,15.7
89,823.0,-0.04,0.7
90,861.0,-0.049,1.0
91,838.0,-0.012,0.1
92,864.0,0.018,0.1
93,844.0,0.034,0.5
94,911.0,-0.005,0.0
95,849.0,-0.154,10.1
96,936.0,-0.012,0.1
97,880.0,-0.013,0.1
98,966.0,-0.005,0.0
99,891.0,-0.005,0.0
100,977.0,0.007,0.0
101,924.0,0.005,0.0
102,983.0,-0.001,0.0
103,929.0,-0.022,0.2
104,985.0,-0.009,0.0
105,931.0,-0.02,0.2
106,986.0,-0.011,0.1
107,959.0,-0.017,0.1
108,994.0,-0.027,0.4
109,974.0,-0.065,2.1
110,1003.0,-0.018,0.2
111,980.0,-0.012,0.1
112,1015.0,0.113,6.4
113,994.0,0.084,3.5
114,1022.0,0.008,0.0
115,1008.0,0.01,0.1
116,1054.0,0.017,0.2
117,1043.0,0.056,1.6
118,1096.0,-0.01,0.1
119,1087.0,-0.059,1.9
120,1101.0,0.008,0.0
121,1094.0,0.021,0.2
122,1128.0,0.028,0.4
123,1127.0,0.064,2.3
124,1139.0,-0.025,0.4
125,1129.0,-0.022,0.3
126,1169.0,0.138,11.1
127,1152.0,0.179,18.5
128,1181.0,-0.04,1.0
129,1168.0,-0.029,0.5
130,1183.0,-0.024,0.3
131,1173.0,-0.059,2.1
132,1201.0,0.029,0.5
133,1187.0,0.006,0.0
134,1204.0,-0.097,5.6
135,1196.0,-0.021,0.3
136,1215.0,-0.08,3.9
137,1207.0,-0.104,6.5
138,1242.0,0.097,5.9
139,1227.0,0.033,0.7
140,1263.0,0.434,119.0
141,1245.0,0.292,53.0
142,1270.0,-0.079,4.0
143,1257.0,-0.006,0.0
144,1291.0,0.304,59.7
145,1276.0,0.136,11.8
146,1308.0,-0.172,19.3
147,1301.0,-0.319,66.1
148,1330.0,0.071,3.3
149,1323.0,0.179,21.2
150,1353.0,0.001,0.0
151,1335.0,0.198,26.1
152,1359.0,-0.025,0.4
153,1350.0,-0.155,16.2
154,1388.0,0.093,5.9
155,1357.0,0.083,4.7
156,1408.0,0.24,40.7
157,1369.0,0.163,18.1
158,1431.0,0.153,16.8
159,1386.0,0.168,19.6
160,1441.0,0.075,4.1
161,1430.0,0.04,1.2
162,1461.0,-0.039,1.1
163,1435.0,-0.061,2.7
164,1474.0,0.005,0.0
165,1464.0,0.041,1.3
166,1485.0,-0.003,0.0
167,1466.0,-0.062,2.8
168,1517.0,0.038,1.1
169,1495.0,0.032,0.7
170,1525.0,-0.088,5.9
171,1512.0,-0.155,18.2
172,1543.0,-0.19,27.8
173,1524.0,-0.012,0.1
174,1577.0,0.164,21.3
175,1533.0,0.13,12.9
176,1615.0,0.049,2.0
177,1567.0,0.069,3.7
178,1622.0,-0.034,0.9
179,1571.0,-0.036,1.0
180,1632.0,-0.174,24.8
181,1576.0,-0.03,0.7
182,1643.0,0.283,65.6
183,1598.0,0.018,0.3
184,1648.0,0.085,5.9
185,1624.0,0.028,0.7
186,1668.0,0.487,197.7
187,1637.0,0.593,287.6
188,3156.0,-0.001,0.0
189,3117.0,-0.019,0.6
190,3158.0,-0.016,0.4
191,3120.0,-0.014,0.3
192,3159.0,-0.021,0.7
193,3129.0,-0.019,0.5
194,3162.0,0.001,0.0
195,3130.0,0.013,0.3
196,3162.0,-0.007,0.1
197,3130.0,-0.001,0.0
198,3166.0,0.003,0.0
199,3136.0,0.003,0.0
200,3167.0,0.004,0.0
201,3140.0,0.008,0.1
202,3175.0,-0.002,0.0
203,3144.0,-0.012,0.2
204,3175.0,-0.019,0.6
205,3152.0,-0.018,0.5
206,3180.0,0.014,0.3
207,3154.0,0.037,2.2
208,3181.0,0.012,0.2
209,3162.0,0.001,0.0
210,3183.0,0.031,1.6
211,3171.0,0.023,0.9
212,3189.0,0.019,0.5
213,3180.0,0.001,0.0
