,Frequencies,Displacement,Reorg Energy
0,-0.0,-0.0,-0.0
1,-0.0,-0.0,-0.0
2,-0.0,-0.0,-0.0
3,-0.0,-0.0,-0.0
4,0.0,0.0,0.0
5,-0.0,0.0,-0.0
6,0.0,0.0,0.0
7,0.0,0.0,0.0
8,0.0,0.0,0.0
9,0.0,0.0,0.0
10,0.0,-0.0,0.0
11,0.0,-0.0,0.0
12,99.0,-0.0,0.0
13,102.0,-0.0,0.0
14,152.0,0.0,0.0
15,142.0,0.0,0.0
16,213.0,-0.0,0.0
17,212.0,-0.0,0.0
18,249.0,-0.0,0.0
19,216.0,-0.0,0.0
20,263.0,0.0,0.0
21,266.0,0.0,0.0
22,359.0,-0.0,0.0
23,351.0,-0.0,0.0
24,403.0,-0.0,0.0
25,380.0,-0.0,0.0
26,412.0,-0.84,145.3
27,409.0,-0.837,143.1
28,462.0,0.0,0.0
29,455.0,0.0,0.0
30,500.0,0.0,0.0
31,487.0,0.0,0.0
32,508.0,0.0,0.0
33,495.0,0.0,0.0
34,508.0,0.0,0.0
35,503.0,0.0,0.0
36,514.0,-0.0,0.0
37,512.0,-0.0,0.0
38,539.0,-0.0,0.0
39,531.0,-0.0,0.0
40,555.0,0.0,0.0
41,544.0,0.0,0.0
42,586.0,0.0,0.0
43,572.0,0.0,0.0
44,595.0,-0.406,49.1
45,592.0,-0.416,51.1
46,688.0,0.0,0.0
47,657.0,0.0,0.0
48,704.0,-0.0,0.0
49,684.0,-0.0,0.0
50,727.0,0.0,0.0
51,690.0,0.0,0.0
52,750.0,0.0,0.0
53,699.0,0.0,0.0
54,758.0,-0.0,0.0
55,715.0,-0.0,0.0
56,784.0,-0.0,0.0
57,719.0,-0.0,0.0
58,815.0,0.349,49.7
59,734.0,0.0,0.0
60,816.0,-0.0,0.0
61,741.0,-0.0,0.0
62,834.0,0.0,0.0
63,785.0,0.0,0.0
64,847.0,-0.0,0.0
65,796.0,-0.0,0.0
66,860.0,0.0,0.0
67,812.0,0.32,41.5
68,904.0,-0.0,0.0
69,822.0,-0.0,0.0
70,917.0,-0.0,0.0
71,850.0,-0.0,0.0
72,974.0,-0.0,0.0
73,870.0,-0.0,0.0
74,981.0,0.0,0.0
75,880.0,0.0,0.0
76,981.0,0.0,0.0
77,917.0,0.0,0.0
78,982.0,0.0,0.0
79,917.0,0.0,0.0
80,991.0,0.0,0.0
81,971.0,0.0,0.0
82,1015.0,-0.0,0.0
83,986.0,-0.0,0.0
84,1091.0,-0.071,2.8
85,1081.0,-0.084,3.8
86,1114.0,-0.0,0.0
87,1102.0,-0.0,0.0
88,1127.0,0.0,0.0
89,1117.0,0.0,0.0
90,1166.0,0.0,0.0
91,1144.0,0.273,42.7
92,1169.0,0.228,30.3
93,1150.0,0.0,0.0
94,1199.0,0.0,0.0
95,1176.0,0.0,0.0
96,1205.0,-0.0,0.0
97,1183.0,-0.0,0.0
98,1233.0,0.0,0.0
99,1218.0,0.0,0.0
100,1263.0,-0.544,186.8
101,1230.0,-0.0,0.0
102,1264.0,-0.0,0.0
103,1243.0,-0.39,94.7
104,1269.0,0.0,0.0
105,1257.0,0.0,0.0
106,1342.0,0.0,0.0
107,1308.0,0.0,0.0
108,1352.0,0.12,9.7
109,1340.0,0.29,56.4
110,1399.0,-0.0,0.0
111,1349.0,-0.0,0.0
112,1427.0,0.351,87.8
113,1376.0,0.342,80.4
114,1435.0,-0.0,0.0
115,1399.0,-0.0,0.0
116,1457.0,0.0,0.0
117,1424.0,0.0,0.0
118,1459.0,0.0,0.0
119,1429.0,0.0,0.0
120,1484.0,0.0,0.0
121,1456.0,0.0,0.0
122,1515.0,-0.0,0.0
123,1495.0,-0.0,0.0
124,1536.0,0.0,0.0
125,1515.0,0.0,0.0
126,1596.0,0.155,19.1
127,1545.0,0.135,14.0
128,1625.0,0.0,0.0
129,1547.0,0.0,0.0
130,1636.0,0.0,0.0
131,1564.0,0.0,0.0
132,1646.0,-0.0,0.0
133,1589.0,-0.0,0.0
134,1671.0,-0.602,302.8
135,1643.0,-0.622,318.3
136,3155.0,0.0,0.0
137,3107.0,0.0,0.0
138,3155.0,-0.0,0.0
139,3108.0,-0.038,2.3
140,3158.0,-0.026,1.1
141,3112.0,-0.0,0.0
142,3159.0,-0.0,0.0
143,3113.0,-0.0,0.0
144,3166.0,0.0,0.0
145,3132.0,0.0,0.0
146,3167.0,0.0,0.0
147,3135.0,0.027,1.2
148,3174.0,-0.027,1.1
149,3136.0,-0.0,0.0
150,3174.0,-0.0,0.0
151,3139.0,-0.0,0.0
152,3183.0,0.0,0.0
153,3147.0,0.0,0.0
