,Frequencies,Displacement,Reorg Energy
0,-71.0,-0.0,-0.0
1,-0.0,-0.0,-0.0
2,-69.0,0.0,-0.0
3,-0.0,0.0,-0.0
4,-0.0,-0.0,-0.0
5,-0.0,-0.0,-0.0
6,-0.0,-0.0,-0.0
7,-0.0,-0.0,-0.0
8,0.0,-0.0,0.0
9,0.0,-0.0,0.0
10,0.0,0.0,0.0
11,0.0,0.0,0.0
12,0.0,0.0,0.0
13,188.0,0.0,0.0
14,0.0,-0.0,0.0
15,214.0,-0.0,0.0
16,100.0,-0.0,0.0
17,354.0,-0.0,0.0
18,329.0,0.0,0.0
19,422.0,0.0,0.0
20,352.0,0.0,0.0
21,443.0,0.982,213.7
22,355.0,-0.0,0.0
23,461.0,-0.0,0.0
24,404.0,-0.873,153.9
25,520.0,-0.185,8.9
26,468.0,-0.45,47.3
27,632.0,-0.0,0.0
28,552.0,-0.0,0.0
29,647.0,-0.0,0.0
30,558.0,0.0,0.0
31,763.0,0.77,226.2
32,577.0,0.0,0.0
33,764.0,0.0,0.0
34,690.0,-0.0,0.0
35,771.0,-0.0,0.0
36,745.0,0.748,208.5
37,784.0,0.0,0.0
38,787.0,-0.0,0.0
39,862.0,-0.489,102.9
40,793.0,-0.0,0.0
41,907.0,-0.0,0.0
42,827.0,-0.421,73.1
43,909.0,-0.0,0.0
44,867.0,0.0,0.0
45,922.0,0.0,0.0
46,1028.0,0.0,0.0
47,1085.0,0.0,0.0
48,1050.0,0.102,5.4
49,1093.0,0.146,11.7
50,1114.0,0.103,5.9
51,1175.0,0.028,0.5
52,1230.0,-0.0,0.0
53,1263.0,-0.0,0.0
54,1298.0,0.0,0.0
55,1338.0,0.03,0.6
56,1298.0,0.018,0.2
57,1358.0,0.0,0.0
58,1328.0,-0.019,0.3
59,1378.0,-0.019,0.2
60,1453.0,0.0,0.0
61,1471.0,0.0,0.0
62,1549.0,-0.333,85.9
63,1531.0,-0.369,104.5
64,3214.0,-0.0,0.0
65,3222.0,-0.0,0.0
66,3214.0,-0.007,0.1
67,3222.0,-0.051,4.2
68,3244.0,0.066,7.1
69,3234.0,0.051,4.3
