,Frequencies,Displacement,Reorg Energy
0,-0.0,-0.0,-0.0
1,-0.0,-0.0,-0.0
2,0.0,0.0,0.0
3,-0.0,0.0,-0.0
4,0.0,0.0,0.0
5,-0.0,0.0,-0.0
6,0.0,-0.0,0.0
7,-0.0,-0.0,-0.0
8,0.0,0.0,0.0
9,0.0,0.0,0.0
10,0.0,0.0,0.0
11,0.0,0.0,0.0
12,29.0,-0.007,0.0
13,33.0,-0.008,0.0
14,55.0,-0.004,0.0
15,57.0,-0.004,0.0
16,69.0,0.001,0.0
17,83.0,0.001,0.0
18,99.0,0.0,0.0
19,104.0,0.001,0.0
20,109.0,-0.0,0.0
21,111.0,-0.0,0.0
22,121.0,0.001,0.0
23,131.0,0.001,0.0
24,149.0,-0.003,0.0
25,150.0,-0.001,0.0
26,151.0,-0.001,0.0
27,168.0,-0.003,0.0
28,169.0,-0.377,12.1
29,173.0,-0.378,12.3
30,205.0,0.014,0.0
31,208.0,0.01,0.0
32,212.0,0.001,0.0
33,227.0,0.001,0.0
34,237.0,0.001,0.0
35,241.0,0.0,0.0
36,237.0,0.002,0.0
37,242.0,0.001,0.0
38,238.0,0.0,0.0
39,243.0,0.004,0.0
40,268.0,-0.251,8.4
41,270.0,-0.244,8.0
42,280.0,0.0,0.0
43,280.0,0.0,0.0
44,285.0,-0.002,0.0
45,286.0,-0.003,0.0
46,297.0,0.451,30.3
47,298.0,0.463,31.8
48,312.0,0.0,0.0
49,316.0,0.0,0.0
50,357.0,0.002,0.0
51,370.0,0.141,3.7
52,363.0,0.147,3.9
53,376.0,0.002,0.0
54,391.0,0.0,0.0
55,404.0,0.0,0.0
56,414.0,0.003,0.0
57,423.0,0.0,0.0
58,417.0,-0.0,0.0
59,440.0,-0.004,0.0
60,426.0,-0.0,0.0
61,452.0,-0.0,0.0
62,466.0,-0.002,0.0
63,492.0,-0.069,1.2
64,483.0,-0.064,1.0
65,492.0,-0.001,0.0
66,498.0,-0.0,0.0
67,523.0,-0.0,0.0
68,510.0,-0.0,0.0
69,536.0,-0.0,0.0
70,560.0,-0.096,2.6
71,572.0,-0.102,3.0
72,574.0,-0.0,0.0
73,579.0,-0.0,0.0
74,615.0,0.067,1.4
75,630.0,0.087,2.4
76,630.0,0.002,0.0
77,653.0,0.066,1.4
78,631.0,0.0,0.0
79,666.0,0.0,0.0
80,645.0,-0.053,0.9
81,692.0,-0.002,0.0
82,652.0,-0.0,0.0
83,700.0,-0.0,0.0
84,666.0,0.001,0.0
85,722.0,0.329,39.0
86,683.0,-0.0,0.0
87,726.0,-0.001,0.0
88,709.0,0.35,43.4
89,730.0,0.0,0.0
90,713.0,0.001,0.0
91,759.0,0.001,0.0
92,715.0,0.0,0.0
93,771.0,0.0,0.0
94,758.0,0.001,0.0
95,786.0,0.22,19.0
96,765.0,0.226,19.5
97,788.0,0.002,0.0
98,783.0,-0.0,0.0
99,799.0,-0.0,0.0
100,823.0,0.178,13.0
101,839.0,0.198,16.4
102,867.0,-0.001,0.0
103,895.0,-0.0,0.0
104,868.0,-0.0,0.0
105,905.0,-0.3,40.8
106,869.0,-0.001,0.0
107,907.0,-0.003,0.0
108,872.0,-0.0,0.0
109,908.0,-0.003,0.0
110,885.0,-0.0,0.0
111,912.0,-0.001,0.0
112,898.0,0.28,35.2
113,913.0,0.001,0.0
114,940.0,0.0,0.0
115,954.0,0.0,0.0
116,940.0,-0.0,0.0
117,954.0,-0.0,0.0
118,963.0,-0.0,0.0
119,978.0,-0.0,0.0
120,967.0,-0.03,0.4
121,983.0,-0.017,0.1
122,978.0,-0.0,0.0
123,994.0,-0.0,0.0
124,1023.0,-0.0,0.0
125,1031.0,-0.0,0.0
126,1023.0,-0.0,0.0
127,1032.0,-0.0,0.0
128,1052.0,-0.079,3.3
129,1065.0,-0.07,2.6
130,1076.0,0.0,0.0
131,1095.0,0.0,0.0
132,1092.0,0.0,0.0
133,1105.0,0.0,0.0
134,1092.0,-0.007,0.0
135,1106.0,-0.021,0.3
136,1150.0,-0.0,0.0
137,1149.0,-0.0,0.0
138,1151.0,-0.001,0.0
139,1150.0,-0.001,0.0
140,1156.0,0.01,0.1
141,1165.0,0.0,0.0
142,1160.0,0.0,0.0
143,1168.0,0.017,0.2
144,1212.0,0.0,0.0
145,1231.0,0.0,0.0
146,1217.0,0.03,0.6
147,1233.0,0.008,0.0
148,1244.0,0.094,5.5
149,1255.0,0.066,2.8
150,1245.0,-0.0,0.0
151,1263.0,-0.0,0.0
152,1268.0,-0.043,1.2
153,1285.0,-0.073,3.5
154,1275.0,-0.0,0.0
155,1293.0,-0.0,0.0
156,1313.0,0.0,0.0
157,1333.0,0.0,0.0
158,1326.0,0.151,15.2
159,1362.0,0.027,0.5
160,1351.0,0.0,0.0
161,1370.0,0.0,0.0
162,1367.0,-0.148,15.0
163,1391.0,-0.271,50.9
164,1394.0,-0.0,0.0
165,1405.0,-0.001,0.0
166,1394.0,-0.001,0.0
167,1405.0,-0.002,0.0
168,1415.0,-0.0,0.0
169,1426.0,-0.0,0.0
170,1416.0,0.014,0.1
171,1429.0,0.061,2.6
172,1430.0,-0.0,0.0
173,1451.0,-0.0,0.0
174,1443.0,0.108,8.4
175,1466.0,0.192,26.9
176,1475.0,-0.0,0.0
177,1475.0,-0.0,0.0
178,1483.0,0.0,0.0
179,1475.0,0.129,12.3
180,1483.0,0.001,0.0
181,1484.0,0.0,0.0
182,1484.0,0.0,0.0
183,1485.0,0.0,0.0
184,1484.0,-0.0,0.0
185,1489.0,-0.0,0.0
186,1487.0,0.129,12.3
187,1489.0,0.0,0.0
188,1493.0,0.0,0.0
189,1505.0,0.0,0.0
190,1497.0,0.034,0.8
191,1506.0,0.027,0.6
192,1499.0,-0.0,0.0
193,1508.0,-0.0,0.0
194,1509.0,-0.015,0.2
195,1512.0,-0.052,2.1
196,1509.0,0.001,0.0
197,1521.0,0.0,0.0
198,1527.0,0.173,22.7
199,1538.0,0.0,0.0
200,1530.0,-0.0,0.0
201,1541.0,-0.046,1.6
202,1655.0,-0.217,39.0
203,1640.0,-0.162,21.5
204,3017.0,-0.0,0.0
205,3037.0,-0.001,0.0
206,3017.0,0.0,0.0
207,3037.0,0.0,0.0
208,3021.0,0.0,0.0
209,3039.0,0.0,0.0
210,3022.0,0.047,3.3
211,3040.0,0.043,2.9
212,3079.0,-0.0,0.0
213,3105.0,-0.0,0.0
214,3079.0,-0.0,0.0
215,3105.0,-0.0,0.0
216,3084.0,0.002,0.0
217,3110.0,0.0,0.0
218,3084.0,-0.0,0.0
219,3110.0,-0.004,0.0
220,3104.0,0.0,0.0
221,3113.0,0.0,0.0
222,3104.0,0.0,0.0
223,3113.0,0.001,0.0
224,3106.0,-0.0,0.0
225,3115.0,-0.0,0.0
226,3106.0,-0.025,1.0
227,3115.0,-0.031,1.5
228,3163.0,0.0,0.0
229,3182.0,0.0,0.0
230,3164.0,-0.011,0.2
231,3183.0,-0.012,0.2
232,3194.0,-0.0,0.0
233,3217.0,-0.0,0.0
234,3195.0,-0.019,0.6
235,3217.0,-0.024,0.9
236,3240.0,-0.0,0.0
237,3240.0,-0.0,0.0
