,Frequencies,Displacement,Reorg Energy
0,-0.0,0.0,-0.0
1,-0.0,0.0,-0.0
2,-0.0,-0.0,-0.0
3,-0.0,-0.0,-0.0
4,-0.0,-0.0,-0.0
5,-0.0,-0.0,-0.0
6,0.0,-0.0,0.0
7,0.0,-0.0,0.0
8,0.0,0.0,0.0
9,0.0,0.0,0.0
10,0.0,-0.0,0.0
11,0.0,-0.0,0.0
12,53.0,-0.0,0.0
13,61.0,-0.0,0.0
14,77.0,0.001,0.0
15,108.0,0.001,0.0
16,109.0,-0.0,0.0
17,136.0,-0.0,0.0
18,156.0,0.0,0.0
19,232.0,0.0,0.0
20,277.0,-0.199,5.5
21,293.0,-0.208,6.4
22,353.0,-0.0,0.0
23,383.0,-0.036,0.3
24,380.0,-0.085,1.4
25,438.0,-0.0,0.0
26,421.0,-0.0,0.0
27,481.0,-0.0,0.0
28,487.0,-0.0,0.0
29,549.0,-0.0,0.0
30,532.0,-0.0,0.0
31,596.0,-0.0,0.0
32,546.0,-0.0,0.0
33,606.0,-0.0,0.0
34,604.0,-0.0,0.0
35,682.0,-0.656,146.4
36,627.0,0.0,0.0
37,697.0,0.0,0.0
38,651.0,-0.643,134.4
39,711.0,-0.121,5.2
40,653.0,-0.0,0.0
41,752.0,-0.0,0.0
42,661.0,-0.0,0.0
43,755.0,-0.0,0.0
44,667.0,0.0,0.0
45,848.0,0.0,0.0
46,689.0,-0.102,3.6
47,858.0,-0.0,0.0
48,804.0,0.0,0.0
49,859.0,0.0,0.0
50,846.0,0.603,154.0
51,874.0,0.618,166.8
52,874.0,0.0,0.0
53,893.0,0.0,0.0
54,882.0,-0.0,0.0
55,956.0,-0.0,0.0
56,882.0,-0.0,0.0
57,957.0,-0.0,0.0
58,1079.0,-0.0,0.0
59,1095.0,-0.0,0.0
60,1083.0,0.097,5.1
61,1097.0,0.096,5.1
62,1087.0,-0.096,5.0
63,1110.0,-0.071,2.8
64,1093.0,0.0,0.0
65,1123.0,0.0,0.0
66,1131.0,0.0,0.0
67,1174.0,0.0,0.0
68,1169.0,0.11,7.0
69,1221.0,0.138,11.7
70,1288.0,-0.103,6.8
71,1305.0,-0.154,15.4
72,1303.0,0.0,0.0
73,1319.0,0.0,0.0
74,1414.0,-0.106,8.0
75,1425.0,-0.043,1.3
76,1419.0,-0.0,0.0
77,1437.0,-0.0,0.0
78,1456.0,-0.0,0.0
79,1472.0,-0.013,0.1
80,1476.0,-0.084,5.2
81,1482.0,-0.0,0.0
82,1586.0,-0.339,91.0
83,1545.0,-0.377,109.7
84,3197.0,0.0,0.0
85,3211.0,0.0,0.0
86,3197.0,0.022,0.7
87,3211.0,0.027,1.2
88,3213.0,0.0,0.0
89,3226.0,0.0,0.0
90,3214.0,-0.005,0.0
91,3227.0,-0.021,0.7
92,3241.0,0.0,0.0
93,3239.0,0.0,0.0
