,Frequencies,Displacement,Reorg Energy
0,-0.0,-0.0,-0.0
1,-0.0,-0.0,-0.0
2,-0.0,0.0,-0.0
3,-0.0,0.0,-0.0
4,-0.0,0.0,-0.0
5,-0.0,0.0,-0.0
6,-0.0,0.0,-0.0
7,-0.0,0.0,-0.0
8,0.0,0.0,0.0
9,0.0,0.0,0.0
10,0.0,-0.0,0.0
11,0.0,-0.0,0.0
12,83.0,-0.0,0.0
13,110.0,-0.0,0.0
14,100.0,-0.0,0.0
15,123.0,-0.0,0.0
16,192.0,-0.0,0.0
17,224.0,-0.0,0.0
18,226.0,-0.219,5.4
19,230.0,-0.219,5.5
20,284.0,-0.0,0.0
21,300.0,-0.0,0.0
22,310.0,0.0,0.0
23,348.0,0.5,43.4
24,339.0,-0.489,40.6
25,420.0,-0.0,0.0
26,397.0,0.0,0.0
27,426.0,0.0,0.0
28,413.0,-0.0,0.0
29,460.0,-0.0,0.0
30,431.0,0.0,0.0
31,488.0,0.0,0.0
32,482.0,0.0,0.0
33,497.0,0.0,0.0
34,508.0,0.0,0.0
35,594.0,0.574,97.8
36,553.0,0.0,0.0
37,598.0,0.001,0.0
38,554.0,0.0,0.0
39,615.0,0.0,0.0
40,576.0,0.558,89.8
41,692.0,0.0,0.0
42,592.0,0.0,0.0
43,725.0,0.0,0.0
44,660.0,-0.0,0.0
45,740.0,-0.246,22.4
46,674.0,-0.0,0.0
47,780.0,-0.0,0.0
48,727.0,0.29,30.7
49,790.0,0.0,0.0
50,730.0,-0.0,0.0
51,837.0,-0.615,158.4
52,809.0,0.614,152.6
53,842.0,0.0,0.0
54,809.0,-0.0,0.0
55,866.0,-0.0,0.0
56,824.0,-0.0,0.0
57,912.0,-0.0,0.0
58,826.0,0.0,0.0
59,915.0,0.0,0.0
60,836.0,-0.0,0.0
61,917.0,-0.0,0.0
62,891.0,-0.0,0.0
63,946.0,-0.324,49.8
64,913.0,-0.274,34.2
65,965.0,-0.0,0.0
66,1057.0,0.07,2.6
67,1098.0,0.0,0.0
68,1061.0,0.0,0.0
69,1111.0,0.039,0.8
70,1094.0,-0.207,23.5
71,1132.0,-0.216,26.4
72,1111.0,0.0,0.0
73,1161.0,0.0,0.0
74,1226.0,0.077,3.6
75,1237.0,0.05,1.5
76,1243.0,-0.0,0.0
77,1266.0,-0.0,0.0
78,1283.0,-0.119,9.1
79,1325.0,-0.141,13.2
80,1312.0,0.0,0.0
81,1354.0,0.0,0.0
82,1356.0,-0.0,0.0
83,1405.0,-0.167,19.7
84,1364.0,-0.01,0.1
85,1419.0,-0.062,2.7
86,1383.0,-0.047,1.5
87,1433.0,-0.0,0.0
88,1439.0,-0.116,9.7
89,1451.0,-0.101,7.3
90,1440.0,-0.001,0.0
91,1465.0,-0.0,0.0
92,1522.0,0.0,0.0
93,1571.0,0.0,0.0
94,1571.0,-0.308,74.3
95,1585.0,-0.29,66.8
96,3186.0,-0.0,0.0
97,3195.0,-0.0,0.0
98,3197.0,0.0,0.0
99,3206.0,0.019,0.6
100,3200.0,-0.019,0.6
101,3219.0,-0.0,0.0
102,3201.0,0.011,0.2
103,3222.0,0.037,2.2
104,3250.0,-0.0,0.0
105,3238.0,-0.0,0.0
