,Frequencies,Displacement,Reorg Energy
0,-0.0,0.0,-0.0
1,-0.0,0.0,-0.0
2,0.0,-0.0,0.0
3,-0.0,-0.0,-0.0
4,0.0,-0.0,0.0
5,0.0,-0.0,0.0
6,0.0,0.0,0.0
7,0.0,0.0,0.0
8,0.0,0.0,0.0
9,0.0,0.0,0.0
10,0.0,0.0,0.0
11,0.0,0.0,0.0
12,84.0,0.0,0.0
13,91.0,0.0,0.0
14,84.0,-0.0,0.0
15,102.0,-0.0,0.0
16,108.0,-0.0,0.0
17,121.0,-0.0,0.0
18,122.0,-0.0,0.0
19,155.0,-0.04,0.1
20,200.0,-0.318,10.1
21,158.0,-0.0,0.0
22,200.0,0.172,3.0
23,205.0,0.327,11.0
24,262.0,-0.0,0.0
25,237.0,-0.036,0.2
26,262.0,-0.0,0.0
27,308.0,-0.0,0.0
28,347.0,-0.517,46.4
29,322.0,-0.0,0.0
30,347.0,0.558,53.9
31,368.0,0.495,45.1
32,361.0,-0.736,97.7
33,385.0,-0.979,184.5
34,393.0,0.0,0.0
35,456.0,0.0,0.0
36,393.0,-0.0,0.0
37,469.0,-0.0,0.0
38,420.0,-0.0,0.0
39,481.0,-0.0,0.0
40,523.0,0.063,1.0
41,529.0,0.041,0.4
42,563.0,0.0,0.0
43,555.0,0.009,0.0
44,563.0,0.0,0.0
45,617.0,0.0,0.0
46,600.0,-0.0,0.0
47,625.0,-0.0,0.0
48,635.0,-0.099,3.1
49,647.0,-0.0,0.0
50,635.0,0.339,36.5
51,650.0,0.002,0.0
52,638.0,-0.0,0.0
53,660.0,-0.376,46.7
54,638.0,0.0,0.0
55,707.0,0.014,0.1
56,642.0,0.21,14.2
57,746.0,0.216,17.4
58,663.0,0.0,0.0
59,750.0,0.0,0.0
60,703.0,-0.375,49.3
61,755.0,-0.0,0.0
62,703.0,-0.235,19.4
63,760.0,-0.646,158.6
64,730.0,-0.384,53.9
65,777.0,-0.0,0.0
66,840.0,0.07,2.1
67,855.0,0.066,1.9
68,840.0,0.062,1.6
69,873.0,0.015,0.1
70,844.0,0.0,0.0
71,877.0,0.313,43.1
72,844.0,0.0,0.0
73,906.0,0.0,0.0
74,845.0,0.0,0.0
75,910.0,0.0,0.0
76,863.0,-0.256,28.4
77,916.0,-0.0,0.0
78,1055.0,-0.048,1.2
79,1058.0,-0.129,8.8
80,1055.0,0.062,2.0
81,1063.0,0.072,2.8
82,1092.0,-0.039,0.8
83,1086.0,-0.005,0.0
84,1092.0,0.225,27.6
85,1118.0,0.032,0.6
86,1095.0,0.027,0.4
87,1123.0,0.189,20.1
88,1106.0,0.118,7.6
89,1140.0,0.044,1.1
90,1261.0,0.191,23.0
91,1228.0,0.065,2.6
92,1265.0,-0.139,12.3
93,1268.0,-0.14,12.4
94,1265.0,0.083,4.4
95,1302.0,0.026,0.4
96,1333.0,0.155,16.1
97,1321.0,0.03,0.6
98,1333.0,-0.102,6.9
99,1352.0,-0.001,0.0
100,1384.0,0.388,104.3
101,1382.0,0.434,130.1
102,1417.0,-0.128,11.6
103,1419.0,-0.314,69.8
104,1417.0,0.031,0.7
105,1454.0,0.115,9.7
106,1443.0,0.271,53.1
107,1456.0,0.054,2.1
108,1509.0,-0.072,3.9
109,1501.0,-0.095,6.7
110,1538.0,-0.412,130.4
111,1553.0,-0.227,40.1
112,1538.0,0.272,56.8
113,1595.0,0.528,222.4
114,3200.0,-0.004,0.0
115,3216.0,-0.004,0.0
116,3200.0,0.002,0.0
117,3217.0,0.007,0.1
118,3201.0,0.014,0.3
119,3217.0,0.02,0.7
120,3249.0,0.004,0.0
121,3238.0,0.028,1.3
122,3249.0,0.001,0.0
123,3248.0,0.031,1.6
