,Frequencies,Displacement,Reorg Energy
0,-0.0,0.0,-0.0
1,-0.0,0.0,-0.0
2,-0.0,0.0,-0.0
3,-0.0,0.0,-0.0
4,-0.0,-0.0,-0.0
5,-0.0,-0.0,-0.0
6,-0.0,0.0,-0.0
7,0.0,0.0,0.0
8,0.0,-0.0,0.0
9,0.0,-0.0,0.0
10,0.0,-0.0,0.0
11,0.0,-0.0,0.0
12,19.0,-0.0,0.0
13,28.0,-0.001,0.0
14,27.0,0.442,2.7
15,28.0,0.456,2.9
16,28.0,-0.0,0.0
17,37.0,-0.0,0.0
18,81.0,-0.0,0.0
19,77.0,-0.0,0.0
20,110.0,-0.089,0.4
21,111.0,-0.08,0.4
22,172.0,-0.0,0.0
23,152.0,-0.0,0.0
24,190.0,0.703,46.8
25,184.0,0.0,0.0
26,193.0,0.0,0.0
27,190.0,0.724,49.8
28,203.0,-0.0,0.0
29,191.0,-0.001,0.0
30,247.0,0.0,0.0
31,235.0,0.0,0.0
32,316.0,0.129,2.6
33,292.0,0.0,0.0
34,338.0,-0.0,0.0
35,316.0,-0.153,3.7
36,358.0,0.079,1.1
37,356.0,0.067,0.8
38,422.0,-0.0,0.0
39,359.0,-0.0,0.0
40,434.0,-0.0,0.0
41,425.0,-0.0,0.0
42,445.0,-0.049,0.5
43,438.0,-0.177,6.8
44,456.0,-0.215,10.5
45,441.0,-0.0,0.0
46,472.0,-0.0,0.0
47,444.0,-0.101,2.2
48,496.0,0.138,4.7
49,485.0,0.032,0.2
50,509.0,-0.298,22.5
51,495.0,-0.0,0.0
52,536.0,0.0,0.0
53,499.0,0.346,29.8
54,546.0,0.055,0.8
55,513.0,0.0,0.0
56,547.0,-0.0,0.0
57,530.0,-0.035,0.3
58,603.0,-0.0,0.0
59,543.0,-0.0,0.0
60,605.0,-0.207,13.0
61,571.0,-0.0,0.0
62,625.0,0.0,0.0
63,596.0,0.24,17.2
64,642.0,-0.057,1.1
65,626.0,-0.166,8.6
66,675.0,0.525,93.1
67,629.0,0.0,0.0
68,711.0,0.0,0.0
69,645.0,0.455,66.9
70,711.0,0.171,10.4
71,687.0,0.145,7.2
72,717.0,0.072,1.9
73,705.0,0.096,3.2
74,738.0,0.0,0.0
75,720.0,0.0,0.0
76,764.0,-0.356,48.4
77,726.0,-0.0,0.0
78,775.0,-0.0,0.0
79,743.0,-0.0,0.0
80,831.0,-0.055,1.3
81,745.0,-0.35,45.6
82,844.0,-0.0,0.0
83,819.0,-0.049,1.0
84,869.0,-0.0,0.0
85,836.0,-0.0,0.0
86,881.0,0.0,0.0
87,838.0,0.0,0.0
88,885.0,-0.105,4.9
89,881.0,-0.134,8.0
90,920.0,0.248,28.2
91,895.0,0.0,0.0
92,955.0,0.0,0.0
93,902.0,0.213,20.4
94,993.0,-0.0,0.0
95,945.0,-0.0,0.0
96,1032.0,-0.322,53.3
97,1007.0,-0.315,50.1
98,1044.0,-0.265,36.7
99,1036.0,-0.017,0.2
100,1087.0,0.189,19.4
101,1070.0,0.079,3.3
102,1113.0,-0.042,1.0
103,1091.0,-0.026,0.4
104,1144.0,-0.061,2.1
105,1129.0,-0.053,1.6
106,1178.0,0.035,0.7
107,1151.0,0.086,4.2
108,1185.0,0.029,0.5
109,1165.0,0.015,0.1
110,1208.0,0.054,1.8
111,1168.0,0.031,0.6
112,1236.0,0.101,6.3
113,1217.0,0.051,1.6
114,1272.0,0.095,5.7
115,1268.0,0.006,0.0
116,1312.0,0.157,16.2
117,1303.0,0.073,3.5
118,1343.0,0.059,2.4
119,1343.0,0.253,43.1
120,1363.0,-0.253,43.7
121,1354.0,-0.217,31.8
122,1382.0,0.09,5.6
123,1386.0,0.329,74.8
124,1451.0,-0.284,58.5
125,1411.0,-0.042,1.2
126,1458.0,-0.318,73.8
127,1449.0,-0.565,230.9
128,1487.0,0.277,57.3
129,1461.0,0.139,14.1
130,1491.0,-0.444,147.0
131,1477.0,-0.204,30.7
132,1519.0,0.455,157.2
133,1490.0,0.347,89.8
134,1571.0,-0.115,10.5
135,1552.0,-0.209,34.0
136,1593.0,0.012,0.1
137,1581.0,0.037,1.1
138,1636.0,0.06,3.0
139,1609.0,0.106,9.0
140,2281.0,0.516,303.2
141,2175.0,0.551,329.7
142,3170.0,-0.011,0.2
143,3139.0,-0.014,0.3
144,3182.0,-0.004,0.0
145,3153.0,-0.001,0.0
146,3192.0,0.014,0.3
147,3170.0,0.013,0.3
148,3200.0,0.018,0.5
149,3179.0,0.015,0.4
150,3216.0,0.022,0.8
151,3189.0,0.019,0.6
152,3225.0,-0.012,0.2
153,3216.0,-0.008,0.1
