,Frequencies,Displacement,Reorg Energy
0,-0.0,0.0,-0.0
1,-0.0,0.0,-0.0
2,-0.0,-0.0,-0.0
3,-0.0,-0.0,-0.0
4,-0.0,-0.0,-0.0
5,-0.0,-0.0,-0.0
6,0.0,0.0,0.0
7,0.0,0.0,0.0
8,0.0,-0.0,0.0
9,0.0,-0.0,0.0
10,0.0,0.0,0.0
11,0.0,0.0,0.0
12,17.0,0.001,0.0
13,24.0,0.001,0.0
14,31.0,-0.0,0.0
15,32.0,-0.001,0.0
16,41.0,0.194,0.8
17,42.0,0.2,0.8
18,70.0,-0.0,0.0
19,79.0,-0.0,0.0
20,124.0,0.316,6.2
21,121.0,0.291,5.1
22,164.0,0.0,0.0
23,153.0,0.0,0.0
24,176.0,-0.0,0.0
25,183.0,-0.0,0.0
26,195.0,0.0,0.0
27,191.0,0.0,0.0
28,198.0,0.855,72.4
29,201.0,0.852,72.9
30,206.0,-0.0,0.0
31,225.0,-0.0,0.0
32,290.0,-0.0,0.0
33,270.0,-0.0,0.0
34,318.0,-0.027,0.1
35,312.0,-0.0,0.0
36,345.0,-0.0,0.0
37,317.0,-0.028,0.1
38,383.0,-0.196,7.4
39,381.0,-0.205,8.0
40,439.0,-0.0,0.0
41,433.0,-0.0,0.0
42,443.0,0.013,0.0
43,437.0,0.086,1.6
44,457.0,0.206,9.7
45,445.0,0.0,0.0
46,466.0,0.0,0.0
47,447.0,0.148,4.9
48,497.0,-0.112,3.1
49,490.0,-0.024,0.1
50,509.0,0.283,20.4
51,499.0,0.347,30.0
52,516.0,0.0,0.0
53,503.0,0.0,0.0
54,560.0,-0.0,0.0
55,536.0,-0.0,0.0
56,577.0,0.226,14.8
57,554.0,0.0,0.0
58,619.0,-0.0,0.0
59,555.0,-0.264,19.3
60,621.0,0.055,0.9
61,586.0,0.0,0.0
62,623.0,-0.0,0.0
63,601.0,-0.098,2.9
64,650.0,0.294,28.1
65,628.0,0.355,39.5
66,679.0,-0.44,65.7
67,631.0,-0.0,0.0
68,705.0,-0.0,0.0
69,661.0,-0.341,38.5
70,715.0,0.151,8.2
71,707.0,0.106,4.0
72,737.0,-0.0,0.0
73,719.0,-0.0,0.0
74,763.0,-0.347,46.0
75,720.0,-0.0,0.0
76,774.0,0.0,0.0
77,743.0,0.0,0.0
78,795.0,-0.002,0.0
79,744.0,-0.338,42.6
80,829.0,-0.0,0.0
81,762.0,-0.0,0.0
82,853.0,-0.126,6.8
83,771.0,-0.052,1.0
84,860.0,0.0,0.0
85,837.0,0.0,0.0
86,868.0,0.0,0.0
87,838.0,0.0,0.0
88,879.0,-0.0,0.0
89,845.0,-0.128,6.9
90,887.0,-0.06,1.6
91,847.0,-0.0,0.0
92,926.0,-0.175,14.2
93,884.0,-0.06,1.6
94,952.0,-0.0,0.0
95,896.0,-0.0,0.0
96,975.0,0.0,0.0
97,909.0,0.163,12.1
98,991.0,-0.0,0.0
99,943.0,-0.0,0.0
100,1038.0,0.079,3.3
101,1034.0,0.073,2.8
102,1074.0,-0.13,9.0
103,1064.0,-0.07,2.6
104,1100.0,0.192,20.2
105,1083.0,0.103,5.8
106,1129.0,-0.171,16.5
107,1106.0,-0.005,0.0
108,1143.0,-0.08,3.6
109,1129.0,-0.056,1.8
110,1177.0,0.026,0.4
111,1155.0,0.075,3.2
112,1184.0,0.055,1.8
113,1167.0,0.051,1.5
114,1214.0,0.051,1.6
115,1210.0,0.055,1.8
116,1235.0,0.398,97.7
117,1213.0,0.112,7.5
118,1265.0,-0.046,1.4
119,1258.0,-0.417,109.1
120,1290.0,-0.289,54.0
121,1260.0,-0.102,6.5
122,1312.0,-0.403,106.5
123,1286.0,-0.04,1.0
124,1345.0,0.043,1.3
125,1330.0,0.044,1.3
126,1352.0,-0.073,3.6
127,1341.0,-0.269,48.6
128,1359.0,0.189,24.3
129,1360.0,0.212,30.4
130,1387.0,-0.124,10.7
131,1397.0,-0.176,21.7
132,1455.0,-0.341,84.8
133,1434.0,-0.071,3.6
134,1462.0,-0.158,18.3
135,1452.0,-0.479,166.9
136,1488.0,0.199,29.4
137,1463.0,0.182,24.2
138,1499.0,0.326,79.6
139,1478.0,0.238,41.9
140,1522.0,-0.543,224.1
141,1495.0,-0.247,45.6
142,1549.0,0.021,0.3
143,1500.0,0.09,6.1
144,1595.0,-0.041,1.4
145,1576.0,-0.45,159.6
146,1630.0,0.296,71.3
147,1595.0,0.641,327.4
148,1663.0,-0.595,294.5
149,1617.0,-0.339,93.1
150,3139.0,-0.011,0.2
151,3130.0,-0.001,0.0
152,3169.0,0.011,0.2
153,3137.0,0.014,0.3
154,3174.0,-0.005,0.0
155,3152.0,-0.001,0.0
156,3180.0,-0.003,0.0
157,3155.0,-0.003,0.0
158,3191.0,-0.013,0.3
159,3168.0,-0.012,0.2
160,3198.0,-0.02,0.6
161,3177.0,-0.018,0.5
162,3215.0,-0.022,0.8
163,3188.0,-0.02,0.6
164,3216.0,-0.013,0.3
165,3212.0,-0.01,0.1
