,Frequencies,Displacement,Reorg Energy
0,-0.0,-0.0,-0.0
1,-0.0,-0.0,-0.0
2,-0.0,-0.0,-0.0
3,-0.0,-0.0,-0.0
4,-0.0,-0.0,-0.0
5,0.0,-0.0,0.0
6,0.0,0.0,0.0
7,0.0,0.0,0.0
8,0.0,0.0,0.0
9,0.0,0.0,0.0
10,0.0,0.0,0.0
11,0.0,0.0,0.0
12,24.0,0.01,0.0
13,40.0,0.003,0.0
14,46.0,0.001,0.0
15,53.0,0.016,0.0
16,70.0,-0.546,10.4
17,68.0,-0.548,10.2
18,121.0,0.001,0.0
19,107.0,0.004,0.0
20,190.0,-0.001,0.0
21,181.0,-0.002,0.0
22,203.0,0.0,0.0
23,188.0,0.002,0.0
24,217.0,-0.451,22.1
25,215.0,-0.02,0.0
26,236.0,0.002,0.0
27,215.0,0.484,25.1
28,242.0,0.345,14.4
29,244.0,0.336,13.8
30,318.0,-0.0,0.0
31,274.0,-0.0,0.0
32,374.0,-0.149,4.1
33,369.0,-0.13,3.1
34,419.0,0.041,0.3
35,394.0,0.001,0.0
36,435.0,-0.0,0.0
37,413.0,-0.052,0.6
38,459.0,-0.35,28.2
39,431.0,-0.001,0.0
40,460.0,0.002,0.0
41,441.0,0.337,25.0
42,509.0,-0.401,40.9
43,461.0,-0.002,0.0
44,509.0,-0.006,0.0
45,498.0,-0.42,43.9
46,560.0,-0.001,0.0
47,502.0,-0.0,0.0
48,563.0,0.098,2.7
49,540.0,0.001,0.0
50,598.0,0.064,1.2
51,553.0,0.151,6.3
52,616.0,-0.0,0.0
53,572.0,-0.001,0.0
54,626.0,0.0,0.0
55,576.0,0.144,6.0
56,635.0,-0.442,61.9
57,605.0,-0.392,46.4
58,686.0,-0.243,20.3
59,623.0,-0.0,0.0
60,709.0,-0.0,0.0
61,661.0,-0.207,14.2
62,716.0,0.197,13.8
63,704.0,0.145,7.4
64,737.0,-0.0,0.0
65,714.0,-0.0,0.0
66,763.0,0.431,70.7
67,734.0,0.0,0.0
68,772.0,-0.0,0.0
69,739.0,-0.442,72.2
70,801.0,0.031,0.4
71,741.0,0.001,0.0
72,856.0,0.146,9.2
73,773.0,0.003,0.0
74,867.0,0.0,0.0
75,828.0,0.0,0.0
76,867.0,0.0,0.0
77,829.0,0.0,0.0
78,881.0,0.0,0.0
79,843.0,0.145,8.9
80,907.0,0.178,14.4
81,884.0,0.0,0.0
82,951.0,-0.0,0.0
83,892.0,-0.159,11.2
84,965.0,0.075,2.7
85,935.0,0.062,1.8
86,990.0,-0.0,0.0
87,937.0,-0.0,0.0
88,1038.0,0.085,3.8
89,1032.0,0.079,3.3
90,1078.0,-0.106,6.1
91,1061.0,-0.077,3.1
92,1109.0,0.145,11.6
93,1082.0,0.098,5.2
94,1144.0,0.111,7.0
95,1125.0,0.033,0.6
96,1166.0,0.203,24.0
97,1136.0,0.011,0.1
98,1184.0,0.018,0.2
99,1147.0,0.175,17.5
100,1199.0,0.061,2.2
101,1165.0,0.028,0.5
102,1211.0,0.085,4.3
103,1202.0,0.04,1.0
104,1275.0,-0.124,9.8
105,1268.0,-0.035,0.8
106,1313.0,0.305,61.1
107,1289.0,0.129,10.6
108,1343.0,0.067,3.0
109,1330.0,0.124,10.2
110,1358.0,0.138,12.9
111,1361.0,0.097,6.4
112,1384.0,-0.015,0.2
113,1381.0,-0.202,28.2
114,1454.0,0.531,205.1
115,1415.0,0.219,34.0
116,1462.0,-0.114,9.5
117,1441.0,-0.141,14.3
118,1487.0,0.243,43.8
119,1463.0,0.165,20.0
120,1498.0,-0.035,0.9
121,1475.0,-0.057,2.4
122,1526.0,0.147,16.6
123,1479.0,0.209,32.4
124,1547.0,0.94,684.0
125,1548.0,1.022,808.8
126,1596.0,0.035,1.0
127,1576.0,0.289,66.0
128,1636.0,-0.022,0.4
129,1603.0,-0.149,17.8
130,3169.0,0.014,0.3
131,3133.0,0.017,0.4
132,3181.0,0.004,0.0
133,3149.0,0.002,0.0
134,3192.0,0.014,0.3
135,3166.0,0.013,0.3
136,3199.0,-0.022,0.8
137,3175.0,-0.018,0.5
138,3215.0,-0.025,1.0
139,3183.0,-0.022,0.8
140,3232.0,-0.018,0.5
141,3228.0,-0.012,0.2
