,Frequencies,Displacement,Reorg Energy
0,-0.0,-0.0,-0.0
1,-0.0,-0.0,-0.0
2,-0.0,-0.0,-0.0
3,-0.0,-0.0,-0.0
4,-0.0,0.0,-0.0
5,-0.0,0.0,-0.0
6,0.0,-0.0,0.0
7,-0.0,-0.0,-0.0
8,0.0,-0.0,0.0
9,0.0,-0.0,0.0
10,0.0,-0.0,0.0
11,0.0,-0.0,0.0
12,17.0,0.001,0.0
13,22.0,0.001,0.0
14,31.0,0.0,0.0
15,33.0,0.001,0.0
16,41.0,-0.381,3.0
17,40.0,-0.355,2.5
18,70.0,-0.0,0.0
19,73.0,-0.0,0.0
20,124.0,1.578,153.8
21,119.0,1.636,159.5
22,164.0,0.0,0.0
23,145.0,0.0,0.0
24,176.0,0.0,0.0
25,178.0,0.0,0.0
26,195.0,0.0,0.0
27,194.0,0.0,0.0
28,198.0,0.101,1.0
29,202.0,0.061,0.4
30,206.0,0.0,0.0
31,224.0,0.0,0.0
32,290.0,-0.0,0.0
33,271.0,-0.0,0.0
34,318.0,0.188,5.6
35,307.0,0.0,0.0
36,345.0,-0.0,0.0
37,318.0,-0.171,4.7
38,383.0,-0.249,11.9
39,383.0,-0.243,11.3
40,439.0,-0.0,0.0
41,433.0,-0.26,14.7
42,443.0,-0.334,24.8
43,434.0,-0.0,0.0
44,457.0,0.176,7.1
45,440.0,0.336,24.8
46,466.0,0.001,0.0
47,450.0,0.001,0.0
48,497.0,-0.185,8.5
49,488.0,-0.029,0.2
50,509.0,0.14,5.0
51,496.0,0.0,0.0
52,516.0,-0.0,0.0
53,499.0,-0.219,11.9
54,560.0,0.0,0.0
55,523.0,0.0,0.0
56,577.0,-0.079,1.8
57,532.0,-0.138,5.1
58,619.0,0.0,0.0
59,574.0,0.0,0.0
60,621.0,-0.08,2.0
61,603.0,-0.305,28.0
62,623.0,-0.0,0.0
63,612.0,-0.0,0.0
64,650.0,0.507,83.5
65,630.0,0.462,67.1
66,679.0,-0.364,45.1
67,660.0,-0.189,11.8
68,705.0,-0.0,0.0
69,675.0,-0.0,0.0
70,715.0,0.213,16.3
71,706.0,0.153,8.3
72,737.0,-0.0,0.0
73,727.0,-0.0,0.0
74,763.0,-0.086,2.8
75,747.0,-0.0,0.0
76,774.0,0.0,0.0
77,752.0,0.077,2.2
78,795.0,0.14,7.8
79,764.0,0.0,0.0
80,829.0,-0.0,0.0
81,770.0,-0.086,2.8
82,853.0,0.014,0.1
83,780.0,0.0,0.0
84,860.0,0.0,0.0
85,834.0,0.0,0.0
86,868.0,0.0,0.0
87,844.0,0.024,0.2
88,879.0,-0.0,0.0
89,854.0,-0.0,0.0
90,887.0,0.006,0.0
91,867.0,0.0,0.0
92,926.0,-0.002,0.0
93,881.0,-0.01,0.0
94,952.0,-0.0,0.0
95,908.0,-0.025,0.3
96,975.0,0.0,0.0
97,939.0,0.0,0.0
98,991.0,-0.0,0.0
99,980.0,-0.0,0.0
100,1038.0,0.075,2.9
101,1026.0,0.046,1.1
102,1074.0,-0.199,21.3
103,1057.0,-0.035,0.6
104,1100.0,0.015,0.1
105,1091.0,0.126,8.7
106,1129.0,0.127,9.1
107,1107.0,0.309,52.7
108,1143.0,-0.195,21.8
109,1145.0,-0.164,15.4
110,1177.0,0.106,6.7
111,1160.0,0.026,0.4
112,1184.0,-0.037,0.8
113,1182.0,-0.051,1.5
114,1214.0,0.08,3.9
115,1198.0,0.008,0.0
116,1235.0,0.31,59.3
117,1217.0,0.005,0.0
118,1265.0,-0.113,8.1
119,1242.0,-0.455,128.5
120,1290.0,-0.309,61.8
121,1265.0,-0.08,4.0
122,1312.0,-0.443,128.6
123,1288.0,-0.035,0.8
124,1345.0,-0.149,15.0
125,1334.0,-0.273,49.6
126,1352.0,-0.058,2.3
127,1346.0,-0.104,7.3
128,1359.0,0.368,92.1
129,1360.0,0.39,103.5
130,1387.0,-0.073,3.7
131,1418.0,-0.264,49.5
132,1455.0,-0.428,133.5
133,1423.0,-0.31,68.3
134,1462.0,-0.262,50.0
135,1446.0,-0.079,4.5
136,1488.0,0.186,25.7
137,1453.0,0.091,6.1
138,1499.0,0.292,63.8
139,1474.0,0.071,3.7
140,1522.0,-0.517,203.8
141,1476.0,-0.406,122.0
142,1549.0,0.179,24.7
143,1499.0,0.348,90.8
144,1595.0,0.05,2.0
145,1552.0,0.387,116.2
146,1630.0,0.312,79.1
147,1578.0,0.741,433.0
148,1663.0,-0.637,337.7
149,1606.0,-0.218,38.3
150,3139.0,-0.027,1.1
151,3155.0,-0.019,0.6
152,3169.0,0.004,0.0
153,3168.0,0.004,0.0
154,3174.0,-0.015,0.4
155,3178.0,-0.002,0.0
156,3180.0,-0.002,0.0
157,3180.0,-0.003,0.0
158,3191.0,0.0,0.0
159,3191.0,0.001,0.0
160,3198.0,0.005,0.0
161,3199.0,0.006,0.1
162,3215.0,-0.005,0.0
163,3211.0,-0.005,0.0
164,3216.0,-0.016,0.4
165,3224.0,-0.01,0.2
