,Frequencies,Displacement,Reorg Energy
0,-0.0,0.0,-0.0
1,-0.0,0.0,-0.0
2,-0.0,-0.0,-0.0
3,-0.0,-0.0,-0.0
4,0.0,-0.0,0.0
5,0.0,-0.0,0.0
6,0.0,0.0,0.0
7,0.0,0.0,0.0
8,0.0,-0.0,0.0
9,0.0,-0.0,0.0
10,0.0,0.0,0.0
11,0.0,0.0,0.0
12,18.0,-2.936,78.0
13,20.0,-1.444,20.9
14,24.0,-0.079,0.1
15,24.0,-3.808,176.1
16,44.0,0.857,16.2
17,47.0,0.031,0.0
18,46.0,3.129,226.0
19,61.0,0.462,6.5
20,69.0,-0.34,4.0
21,68.0,-1.147,44.5
22,105.0,-0.026,0.0
23,105.0,-0.26,3.5
24,134.0,0.155,1.6
25,115.0,0.082,0.4
26,158.0,0.787,49.0
27,159.0,0.57,25.8
28,192.0,0.003,0.0
29,179.0,0.137,1.7
30,204.0,-0.216,4.7
31,190.0,-0.033,0.1
32,209.0,-0.109,1.2
33,207.0,-0.163,2.8
34,264.0,-0.004,0.0
35,251.0,-0.107,1.4
36,287.0,-0.103,1.5
37,269.0,-0.018,0.0
38,337.0,-0.033,0.2
39,305.0,-0.011,0.0
40,359.0,-0.047,0.4
41,338.0,-0.022,0.1
42,365.0,0.038,0.3
43,366.0,0.058,0.6
44,412.0,-0.218,9.8
45,411.0,-0.182,6.8
46,413.0,-0.181,6.8
47,413.0,-0.207,8.8
48,431.0,0.032,0.2
49,416.0,0.113,2.7
50,440.0,-0.023,0.1
51,431.0,-0.029,0.2
52,461.0,-0.394,35.7
53,438.0,-0.045,0.4
54,469.0,0.066,1.0
55,447.0,0.34,25.8
56,501.0,-0.072,1.3
57,459.0,-0.07,1.1
58,510.0,-0.203,10.5
59,502.0,-0.23,13.3
60,554.0,0.066,1.2
61,519.0,0.017,0.1
62,573.0,0.028,0.2
63,542.0,0.023,0.1
64,574.0,0.16,7.3
65,565.0,0.189,10.1
66,610.0,0.036,0.4
67,585.0,0.002,0.0
68,623.0,0.06,1.1
69,605.0,0.115,4.0
70,626.0,0.018,0.1
71,612.0,0.08,1.9
72,640.0,0.055,1.0
73,622.0,0.032,0.3
74,655.0,-0.228,17.0
75,640.0,-0.287,26.3
76,693.0,-0.147,7.5
77,668.0,-0.183,11.2
78,703.0,-0.012,0.1
79,680.0,-0.06,1.2
80,715.0,-0.439,69.0
81,684.0,-0.387,51.2
82,717.0,0.193,13.4
83,708.0,0.156,8.6
84,736.0,-0.032,0.4
85,717.0,-0.034,0.4
86,747.0,-0.104,4.1
87,726.0,-0.013,0.1
88,764.0,0.01,0.0
89,749.0,0.105,4.1
90,773.0,-0.007,0.0
91,761.0,-0.227,19.6
92,822.0,-0.034,0.5
93,765.0,-0.028,0.3
94,831.0,-0.105,4.6
95,775.0,-0.121,5.7
96,841.0,0.035,0.5
97,803.0,0.093,3.4
98,863.0,0.04,0.7
99,808.0,0.066,1.8
100,867.0,0.006,0.0
101,853.0,0.0,0.0
102,872.0,0.072,2.2
103,865.0,0.071,2.2
104,877.0,0.006,0.0
105,870.0,0.002,0.0
106,901.0,-0.105,5.0
107,884.0,-0.106,5.0
108,952.0,0.001,0.0
109,934.0,0.05,1.2
110,965.0,-0.02,0.2
111,935.0,-0.002,0.0
112,970.0,0.218,23.0
113,942.0,0.222,23.3
114,980.0,0.171,14.3
115,962.0,0.122,7.1
116,991.0,0.0,0.0
117,973.0,0.039,0.8
118,999.0,0.07,2.5
119,979.0,0.001,0.0
120,1034.0,-0.007,0.0
121,990.0,-0.013,0.1
122,1039.0,-0.069,2.4
123,1030.0,-0.066,2.3
124,1082.0,0.194,20.5
125,1069.0,0.182,17.8
126,1109.0,0.11,6.7
127,1097.0,0.137,10.3
128,1143.0,-0.087,4.3
129,1127.0,-0.035,0.7
130,1145.0,-0.134,10.3
131,1143.0,-0.127,9.2
132,1181.0,-0.119,8.4
133,1169.0,-0.132,10.2
134,1184.0,0.024,0.3
135,1180.0,0.018,0.2
136,1209.0,0.401,97.3
137,1193.0,0.037,0.8
138,1211.0,-0.012,0.1
139,1208.0,-0.389,91.5
140,1246.0,0.085,4.5
141,1232.0,0.032,0.6
142,1255.0,0.201,25.5
143,1245.0,0.149,13.9
144,1275.0,0.011,0.1
145,1276.0,0.037,0.9
146,1310.0,-0.02,0.3
147,1313.0,-0.034,0.8
148,1321.0,0.145,13.9
149,1321.0,0.016,0.2
150,1340.0,0.038,0.9
151,1342.0,0.039,1.0
152,1346.0,-0.111,8.3
153,1345.0,-0.007,0.0
154,1364.0,-0.295,59.4
155,1361.0,-0.392,104.7
156,1380.0,-0.051,1.8
157,1414.0,-0.033,0.8
158,1444.0,-0.129,12.0
159,1424.0,-0.115,9.4
160,1457.0,0.463,156.4
161,1439.0,0.2,28.7
162,1463.0,0.185,25.1
163,1445.0,0.088,5.6
164,1489.0,-0.149,16.4
165,1464.0,-0.087,5.5
166,1503.0,-0.166,20.7
167,1470.0,-0.177,23.0
168,1525.0,0.081,5.1
169,1482.0,0.085,5.4
170,1544.0,0.737,418.9
171,1489.0,0.301,67.5
172,1558.0,-0.134,13.9
173,1505.0,-0.552,229.6
174,1595.0,0.044,1.5
175,1526.0,0.629,302.1
176,1597.0,-0.04,1.3
177,1568.0,-0.118,10.9
178,1638.0,-0.11,9.9
179,1612.0,-0.076,4.6
180,1646.0,0.453,168.6
181,1643.0,0.646,342.5
182,3168.0,-0.008,0.1
183,3165.0,-0.01,0.2
184,3169.0,0.003,0.0
185,3166.0,0.004,0.0
186,3181.0,0.002,0.0
187,3177.0,0.001,0.0
188,3181.0,-0.002,0.0
189,3183.0,-0.005,0.0
190,3185.0,-0.007,0.1
191,3184.0,-0.004,0.0
192,3191.0,-0.001,0.0
193,3189.0,-0.001,0.0
194,3198.0,0.003,0.0
195,3197.0,0.002,0.0
196,3207.0,-0.006,0.1
197,3211.0,-0.007,0.1
198,3214.0,-0.002,0.0
199,3213.0,-0.001,0.0
200,3215.0,0.016,0.4
201,3230.0,0.023,0.8
