,Frequencies,Displacement,Reorg Energy
0,-0.0,0.0,-0.0
1,-0.0,0.0,-0.0
2,-0.0,0.0,-0.0
3,-0.0,0.0,-0.0
4,-0.0,0.0,-0.0
5,-0.0,0.0,-0.0
6,0.0,-0.0,0.0
7,0.0,-0.0,0.0
8,0.0,0.0,0.0
9,0.0,0.0,0.0
10,0.0,-0.0,0.0
11,0.0,-0.0,0.0
12,24.0,0.008,0.0
13,31.0,0.002,0.0
14,46.0,-0.001,0.0
15,56.0,-0.01,0.0
16,70.0,0.453,7.2
17,61.0,0.423,5.4
18,121.0,0.001,0.0
19,94.0,0.003,0.0
20,190.0,-0.001,0.0
21,166.0,-0.002,0.0
22,203.0,-0.0,0.0
23,191.0,-0.002,0.0
24,217.0,0.568,35.0
25,214.0,0.558,33.4
26,236.0,-0.005,0.0
27,214.0,-0.147,2.3
28,242.0,-0.303,11.1
29,245.0,-0.27,8.9
30,318.0,0.001,0.0
31,266.0,0.0,0.0
32,374.0,0.299,16.7
33,369.0,0.298,16.4
34,419.0,-0.019,0.1
35,394.0,-0.001,0.0
36,435.0,-0.0,0.0
37,406.0,-0.015,0.0
38,459.0,-0.636,93.0
39,428.0,-0.0,0.0
40,460.0,0.001,0.0
41,435.0,0.565,69.4
42,509.0,-0.444,50.1
43,453.0,-0.003,0.0
44,509.0,-0.006,0.0
45,493.0,-0.357,31.4
46,560.0,-0.0,0.0
47,517.0,-0.0,0.0
48,563.0,0.066,1.2
49,543.0,0.617,103.4
50,598.0,0.465,64.8
51,559.0,0.341,32.4
52,616.0,0.0,0.0
53,561.0,0.001,0.0
54,626.0,0.0,0.0
55,608.0,0.001,0.0
56,635.0,-0.474,71.4
57,613.0,-0.292,26.1
58,686.0,-0.055,1.0
59,656.0,-0.018,0.1
60,709.0,0.0,0.0
61,658.0,0.0,0.0
62,716.0,0.242,20.9
63,697.0,0.217,16.4
64,737.0,0.0,0.0
65,716.0,0.0,0.0
66,763.0,0.168,10.8
67,743.0,0.116,5.0
68,772.0,-0.0,0.0
69,763.0,-0.0,0.0
70,801.0,-0.12,5.8
71,764.0,-0.109,4.5
72,856.0,-0.164,11.5
73,769.0,-0.0,0.0
74,867.0,0.0,0.0
75,839.0,0.103,4.4
76,867.0,-0.0,0.0
77,847.0,-0.0,0.0
78,881.0,0.0,0.0
79,862.0,0.0,0.0
80,907.0,0.159,11.4
81,889.0,0.126,7.1
82,951.0,-0.0,0.0
83,929.0,-0.23,24.5
84,965.0,-0.102,5.0
85,934.0,-0.0,0.0
86,990.0,0.0,0.0
87,979.0,0.0,0.0
88,1038.0,0.078,3.2
89,1023.0,0.057,1.7
90,1078.0,-0.235,29.8
91,1053.0,-0.051,1.4
92,1109.0,0.059,1.9
93,1089.0,0.001,0.0
94,1144.0,0.182,19.0
95,1117.0,0.494,136.0
96,1166.0,0.014,0.1
97,1140.0,0.13,9.7
98,1184.0,-0.027,0.4
99,1146.0,-0.223,28.4
100,1199.0,-0.293,51.4
101,1179.0,-0.117,8.0
102,1211.0,0.062,2.3
103,1199.0,0.093,5.2
104,1275.0,-0.201,25.8
105,1251.0,-0.013,0.1
106,1313.0,0.379,94.2
107,1274.0,0.037,0.9
108,1343.0,0.295,58.3
109,1338.0,0.121,9.9
110,1358.0,0.194,25.5
111,1351.0,0.179,21.8
112,1384.0,0.126,11.1
113,1375.0,0.399,109.7
114,1454.0,0.657,314.1
115,1419.0,0.009,0.1
116,1462.0,-0.228,38.0
117,1431.0,-0.159,18.2
118,1487.0,0.282,59.3
119,1448.0,0.023,0.4
120,1498.0,-0.077,4.5
121,1465.0,-0.124,11.3
122,1526.0,0.091,6.4
123,1494.0,0.398,118.3
124,1547.0,1.021,805.8
125,1528.0,0.902,621.9
126,1596.0,0.127,12.8
127,1557.0,0.692,372.6
128,1636.0,-0.01,0.1
129,1605.0,-0.226,40.9
130,3169.0,0.003,0.0
131,3169.0,0.004,0.0
132,3181.0,0.001,0.0
133,3180.0,0.002,0.0
134,3192.0,-0.0,0.0
135,3192.0,-0.002,0.0
136,3199.0,0.008,0.1
137,3199.0,0.008,0.1
138,3215.0,-0.004,0.0
139,3211.0,-0.006,0.1
140,3232.0,-0.021,0.7
141,3242.0,-0.011,0.2
