,Frequencies,Displacement,Reorg Energy
0,-0.0,0.0,-0.0
1,-0.0,0.0,-0.0
2,-0.0,0.0,-0.0
3,-0.0,0.0,-0.0
4,0.0,-0.0,0.0
5,-0.0,-0.0,-0.0
6,0.0,0.0,0.0
7,-0.0,0.0,-0.0
8,0.0,-0.0,0.0
9,0.0,-0.0,0.0
10,0.0,0.0,0.0
11,0.0,0.0,0.0
12,18.0,-2.933,77.8
13,20.0,-3.306,110.2
14,24.0,0.004,0.0
15,24.0,1.963,46.0
16,44.0,0.33,2.4
17,47.0,0.588,8.2
18,46.0,3.305,252.2
19,63.0,0.841,22.3
20,69.0,-0.197,1.3
21,66.0,-0.021,0.0
22,105.0,-0.156,1.3
23,112.0,-0.306,5.2
24,134.0,0.082,0.5
25,116.0,0.113,0.7
26,158.0,-0.453,16.2
27,159.0,-0.68,36.7
28,192.0,-0.006,0.0
29,182.0,-0.114,1.2
30,204.0,-0.205,4.3
31,191.0,-0.057,0.3
32,209.0,-0.086,0.8
33,206.0,-0.198,4.1
34,264.0,0.058,0.4
35,253.0,0.13,2.1
36,287.0,-0.048,0.3
37,268.0,-0.076,0.8
38,337.0,0.02,0.1
39,312.0,0.019,0.1
40,359.0,-0.069,0.9
41,337.0,-0.033,0.2
42,365.0,0.024,0.1
43,364.0,0.092,1.6
44,412.0,-0.175,6.3
45,412.0,-0.066,0.9
46,413.0,0.092,1.8
47,413.0,0.042,0.4
48,431.0,0.043,0.4
49,426.0,0.092,1.8
50,440.0,0.032,0.2
51,432.0,0.059,0.8
52,461.0,-0.224,11.5
53,436.0,-0.075,1.2
54,469.0,-0.011,0.0
55,452.0,-0.149,5.0
56,501.0,-0.01,0.0
57,460.0,-0.081,1.5
58,510.0,-0.274,19.2
59,501.0,-0.29,21.1
60,554.0,0.028,0.2
61,527.0,0.015,0.1
62,573.0,-0.144,5.9
63,546.0,-0.012,0.0
64,574.0,-0.123,4.3
65,561.0,-0.044,0.6
66,610.0,-0.061,1.1
67,566.0,-0.135,5.1
68,623.0,0.07,1.5
69,588.0,0.017,0.1
70,626.0,0.017,0.1
71,604.0,0.028,0.2
72,640.0,-0.013,0.1
73,630.0,-0.037,0.4
74,655.0,-0.275,24.8
75,635.0,-0.088,2.5
76,693.0,-0.273,25.8
77,638.0,-0.382,46.5
78,703.0,-0.006,0.0
79,668.0,-0.2,13.4
80,715.0,-0.239,20.4
81,690.0,-0.17,9.9
82,717.0,0.171,10.5
83,708.0,0.085,2.5
84,736.0,-0.016,0.1
85,709.0,-0.108,4.1
86,747.0,-0.048,0.9
87,722.0,-0.015,0.1
88,764.0,-0.261,25.9
89,739.0,-0.188,13.1
90,773.0,-0.006,0.0
91,745.0,-0.013,0.1
92,822.0,-0.111,5.0
93,748.0,-0.238,21.1
94,831.0,-0.073,2.2
95,778.0,-0.112,4.8
96,841.0,0.03,0.4
97,804.0,0.092,3.4
98,863.0,0.063,1.7
99,809.0,0.099,3.9
100,867.0,0.011,0.1
101,839.0,0.001,0.0
102,872.0,0.097,4.1
103,841.0,0.004,0.0
104,877.0,0.009,0.0
105,867.0,0.082,2.9
106,901.0,0.119,6.4
107,886.0,0.141,8.8
108,952.0,0.001,0.0
109,900.0,0.0,0.0
110,965.0,-0.049,1.2
111,922.0,-0.03,0.4
112,970.0,-0.011,0.1
113,939.0,-0.008,0.0
114,980.0,0.077,2.9
115,947.0,0.0,0.0
116,991.0,0.0,0.0
117,958.0,0.08,3.1
118,999.0,0.05,1.2
119,964.0,0.023,0.3
120,1034.0,-0.002,0.0
121,999.0,-0.004,0.0
122,1039.0,-0.069,2.4
123,1035.0,-0.065,2.2
124,1082.0,0.073,2.9
125,1071.0,0.058,1.8
126,1109.0,0.09,4.5
127,1093.0,0.104,6.0
128,1143.0,-0.075,3.3
129,1130.0,-0.048,1.3
130,1145.0,-0.06,2.1
131,1133.0,-0.007,0.0
132,1181.0,-0.123,9.0
133,1169.0,-0.1,5.8
134,1184.0,-0.039,0.9
135,1169.0,-0.158,14.7
136,1209.0,0.378,86.5
137,1199.0,0.284,48.3
138,1211.0,-0.101,6.2
139,1204.0,-0.315,59.7
140,1246.0,0.272,46.0
141,1239.0,0.079,3.8
142,1255.0,0.21,27.7
143,1243.0,0.008,0.0
144,1275.0,0.093,5.5
145,1272.0,0.001,0.0
146,1310.0,-0.085,4.8
147,1315.0,-0.122,9.7
148,1321.0,0.167,18.3
149,1318.0,0.015,0.1
150,1340.0,0.085,4.9
151,1332.0,0.148,14.5
152,1346.0,0.032,0.7
153,1351.0,0.135,12.3
154,1364.0,-0.136,12.6
155,1357.0,-0.178,21.6
156,1380.0,0.037,1.0
157,1393.0,0.082,4.7
158,1444.0,-0.171,21.2
159,1432.0,-0.064,2.9
160,1457.0,0.32,74.5
161,1454.0,0.146,15.4
162,1463.0,0.128,12.0
163,1466.0,0.155,17.6
164,1489.0,-0.14,14.6
165,1478.0,-0.088,5.8
166,1503.0,-0.105,8.3
167,1484.0,-0.428,135.7
168,1525.0,0.148,16.8
169,1493.0,0.109,8.8
170,1544.0,0.701,379.4
171,1495.0,0.143,15.3
172,1558.0,-0.013,0.1
173,1514.0,-0.608,279.6
174,1595.0,0.082,5.3
175,1532.0,0.451,156.2
176,1597.0,0.001,0.0
177,1583.0,0.045,1.6
178,1638.0,-0.098,7.8
179,1612.0,-0.021,0.4
180,1646.0,0.467,179.7
181,1640.0,0.529,229.1
182,3168.0,-0.0,0.0
183,3141.0,-0.012,0.2
184,3169.0,0.01,0.2
185,3142.0,0.001,0.0
186,3181.0,0.003,0.0
187,3155.0,0.0,0.0
188,3181.0,-0.01,0.2
189,3158.0,-0.002,0.0
190,3185.0,0.014,0.3
191,3162.0,0.016,0.4
192,3191.0,-0.011,0.2
193,3171.0,-0.012,0.2
194,3198.0,-0.017,0.4
195,3180.0,-0.014,0.3
196,3207.0,0.007,0.1
197,3191.0,0.005,0.0
198,3214.0,-0.018,0.5
199,3191.0,-0.017,0.5
200,3215.0,0.006,0.1
201,3215.0,0.014,0.3
