,Frequencies,Displacement,Reorg Energy
0,-0.0,-0.0,-0.0
1,-0.0,-0.0,-0.0
2,-0.0,-0.0,-0.0
3,-0.0,-0.0,-0.0
4,-0.0,0.0,-0.0
5,-0.0,0.0,-0.0
6,-0.0,-0.0,-0.0
7,0.0,-0.0,0.0
8,0.0,0.0,0.0
9,0.0,0.0,0.0
10,0.0,0.0,0.0
11,0.0,0.0,0.0
12,19.0,0.0,0.0
13,26.0,0.001,0.0
14,27.0,-0.124,0.2
15,26.0,-0.118,0.2
16,28.0,-0.002,0.0
17,31.0,-0.0,0.0
18,81.0,-0.0,0.0
19,70.0,-0.0,0.0
20,110.0,-0.155,1.3
21,106.0,-0.153,1.2
22,172.0,-0.0,0.0
23,134.0,-0.0,0.0
24,190.0,-0.24,5.5
25,182.0,-0.0,0.0
26,193.0,-0.0,0.0
27,189.0,-0.221,4.6
28,203.0,-0.0,0.0
29,191.0,-0.0,0.0
30,247.0,0.0,0.0
31,232.0,0.0,0.0
32,316.0,-0.01,0.0
33,275.0,-0.0,0.0
34,338.0,0.0,0.0
35,317.0,0.007,0.0
36,358.0,-0.006,0.0
37,356.0,-0.008,0.0
38,422.0,0.0,0.0
39,373.0,0.0,0.0
40,434.0,0.0,0.0
41,426.0,0.0,0.0
42,445.0,-0.465,48.1
43,435.0,-0.045,0.4
44,456.0,-0.198,9.0
45,436.0,-0.531,61.6
46,472.0,0.0,0.0
47,441.0,0.0,0.0
48,496.0,0.207,10.6
49,481.0,0.052,0.6
50,509.0,-0.221,12.5
51,491.0,-0.0,0.0
52,536.0,0.0,0.0
53,498.0,0.277,19.1
54,546.0,0.064,1.1
55,509.0,0.0,0.0
56,547.0,-0.0,0.0
57,515.0,-0.082,1.7
58,603.0,-0.0,0.0
59,555.0,-0.0,0.0
60,605.0,0.211,13.5
61,598.0,0.256,19.6
62,625.0,-0.0,0.0
63,610.0,-0.0,0.0
64,642.0,-0.279,25.0
65,627.0,-0.498,77.8
66,675.0,0.521,91.4
67,634.0,0.224,16.0
68,711.0,0.0,0.0
69,672.0,0.144,7.0
70,711.0,0.244,21.1
71,673.0,0.0,0.0
72,717.0,0.089,2.8
73,703.0,0.172,10.4
74,738.0,0.0,0.0
75,724.0,0.0,0.0
76,764.0,-0.104,4.1
77,748.0,-0.037,0.5
78,775.0,-0.0,0.0
79,765.0,-0.0,0.0
80,831.0,0.128,6.8
81,770.0,0.0,0.0
82,844.0,-0.0,0.0
83,814.0,-0.067,1.8
84,869.0,0.0,0.0
85,853.0,0.0,0.0
86,881.0,0.0,0.0
87,866.0,0.0,0.0
88,885.0,-0.1,4.4
89,877.0,-0.083,3.0
90,920.0,0.048,1.1
91,902.0,0.037,0.6
92,955.0,0.0,0.0
93,939.0,0.0,0.0
94,993.0,-0.0,0.0
95,982.0,-0.0,0.0
96,1032.0,-0.2,20.7
97,997.0,-0.08,3.2
98,1044.0,-0.137,9.9
99,1028.0,-0.032,0.5
100,1087.0,-0.061,2.0
101,1076.0,-0.116,7.3
102,1113.0,0.059,1.9
103,1098.0,0.132,9.5
104,1144.0,-0.181,18.7
105,1132.0,-0.145,11.9
106,1178.0,0.086,4.3
107,1145.0,0.165,15.6
108,1185.0,-0.04,0.9
109,1160.0,-0.009,0.0
110,1208.0,0.176,18.7
111,1181.0,0.005,0.0
112,1236.0,0.154,14.6
113,1219.0,0.157,15.1
114,1272.0,0.111,7.8
115,1270.0,0.093,5.5
116,1312.0,0.107,7.6
117,1312.0,0.36,85.1
118,1343.0,-0.086,5.0
119,1345.0,-0.117,9.2
120,1363.0,-0.447,136.1
121,1358.0,-0.41,114.1
122,1382.0,0.002,0.0
123,1375.0,0.438,131.8
124,1451.0,-0.372,100.2
125,1416.0,-0.013,0.1
126,1458.0,-0.454,150.0
127,1445.0,-0.101,7.4
128,1487.0,0.28,58.2
129,1449.0,0.01,0.1
130,1491.0,-0.46,157.8
131,1470.0,-0.24,42.2
132,1519.0,0.464,163.5
133,1484.0,0.646,309.8
134,1571.0,0.008,0.0
135,1533.0,0.005,0.0
136,1593.0,-0.058,2.7
137,1560.0,-0.056,2.4
138,1636.0,0.089,6.5
139,1607.0,0.136,14.9
140,2281.0,0.623,442.7
141,2131.0,0.71,536.3
142,3170.0,-0.003,0.0
143,3169.0,-0.004,0.0
144,3182.0,-0.002,0.0
145,3180.0,-0.002,0.0
146,3192.0,-0.0,0.0
147,3192.0,-0.001,0.0
148,3200.0,-0.005,0.0
149,3200.0,-0.006,0.1
150,3216.0,0.004,0.0
151,3212.0,0.004,0.0
152,3225.0,-0.017,0.5
153,3229.0,-0.012,0.2
