,Frequencies,Displacement,Reorg Energy
0,-0.0,0.0,-0.0
1,-0.0,0.0,-0.0
2,-0.0,-0.0,-0.0
3,-0.0,-0.0,-0.0
4,0.0,-0.0,0.0
5,0.0,-0.0,0.0
6,0.0,-0.0,0.0
7,0.0,-0.0,0.0
8,0.0,0.0,0.0
9,0.0,0.0,0.0
10,0.0,-0.0,0.0
11,0.0,-0.0,0.0
12,8.0,0.069,0.0
13,6.0,0.055,0.0
14,16.0,0.174,0.2
15,18.0,2.474,54.2
16,18.0,-2.424,51.6
17,18.0,-0.07,0.0
18,25.0,0.018,0.0
19,24.0,0.013,0.0
20,30.0,0.023,0.0
21,28.0,0.0,0.0
22,39.0,-0.007,0.0
23,37.0,-0.019,0.0
24,55.0,0.008,0.0
25,55.0,0.027,0.0
26,59.0,0.002,0.0
27,59.0,0.001,0.0
28,69.0,-0.59,12.0
29,70.0,-0.63,13.8
30,75.0,0.002,0.0
31,77.0,0.004,0.0
32,88.0,-0.001,0.0
33,88.0,-0.003,0.0
34,94.0,0.003,0.0
35,95.0,0.003,0.0
36,106.0,-0.013,0.0
37,104.0,-0.001,0.0
38,107.0,-0.959,49.0
39,111.0,-1.024,58.3
40,130.0,0.942,57.7
41,131.0,0.919,55.3
42,137.0,0.001,0.0
43,164.0,0.004,0.0
44,168.0,-0.003,0.0
45,169.0,-0.001,0.0
46,172.0,-0.0,0.0
47,181.0,-0.006,0.0
48,185.0,-0.001,0.0
49,195.0,-0.027,0.1
50,193.0,-0.417,16.8
51,195.0,-0.404,15.9
52,201.0,-0.001,0.0
53,208.0,-0.005,0.0
54,208.0,-0.001,0.0
55,212.0,-0.01,0.0
56,212.0,-0.357,13.5
57,215.0,-0.351,13.3
58,220.0,0.001,0.0
59,220.0,0.007,0.0
60,234.0,0.003,0.0
61,235.0,0.039,0.2
62,235.0,-0.109,1.4
63,235.0,-0.1,1.2
64,238.0,0.004,0.0
65,258.0,0.017,0.0
66,254.0,-0.153,3.0
67,259.0,-0.098,1.2
68,256.0,0.001,0.0
69,262.0,0.001,0.0
70,290.0,-0.196,5.6
71,291.0,-0.165,4.0
72,302.0,0.001,0.0
73,296.0,0.002,0.0
74,304.0,-0.187,5.3
75,307.0,-0.234,8.4
76,322.0,-0.001,0.0
77,335.0,-0.001,0.0
78,345.0,0.503,43.8
79,344.0,0.001,0.0
80,348.0,0.002,0.0
81,351.0,0.492,42.5
82,369.0,0.27,13.4
83,377.0,0.2,7.5
84,390.0,-0.022,0.1
85,396.0,-0.02,0.1
86,396.0,0.158,4.9
87,399.0,0.086,1.5
88,411.0,0.001,0.0
89,417.0,0.001,0.0
90,418.0,0.001,0.0
91,424.0,0.005,0.0
92,419.0,-0.291,17.8
93,424.0,-0.181,6.9
94,432.0,-0.242,12.7
95,435.0,-0.206,9.2
96,439.0,0.092,1.9
97,442.0,0.142,4.5
98,441.0,-0.13,3.7
99,450.0,-0.036,0.3
100,447.0,0.001,0.0
101,453.0,0.014,0.0
102,448.0,0.059,0.8
103,454.0,0.271,16.7
104,466.0,0.02,0.1
105,458.0,0.841,162.0
106,467.0,-0.558,72.7
107,467.0,-0.0,0.0
108,472.0,-0.0,0.0
109,469.0,-0.148,5.2
110,481.0,-0.294,20.8
111,481.0,-0.11,2.9
112,484.0,-0.0,0.0
113,496.0,-0.411,41.9
114,499.0,0.001,0.0
115,502.0,0.0,0.0
116,501.0,0.549,75.5
117,507.0,0.145,5.4
118,506.0,-0.001,0.0
119,514.0,-0.0,0.0
120,513.0,-0.333,28.4
121,517.0,-0.001,0.0
122,543.0,0.425,49.1
123,540.0,0.307,25.5
124,552.0,-0.0,0.0
125,550.0,-0.0,0.0
126,571.0,0.001,0.0
127,579.0,0.063,1.1
128,575.0,-0.027,0.2
129,580.0,-0.224,14.5
130,577.0,0.169,8.2
131,591.0,0.0,0.0
132,596.0,-0.353,37.2
133,599.0,-0.351,36.9
134,605.0,-0.0,0.0
135,624.0,-0.002,0.0
136,616.0,0.09,2.5
137,624.0,0.146,6.7
138,620.0,-0.0,0.0
139,630.0,-0.0,0.0
140,632.0,0.005,0.0
141,634.0,0.24,18.3
142,633.0,0.302,28.8
143,661.0,0.0,0.0
144,652.0,0.001,0.0
145,664.0,0.139,6.4
146,665.0,0.107,3.8
147,669.0,0.001,0.0
148,677.0,-0.001,0.0
149,675.0,-0.011,0.0
150,678.0,-0.031,0.3
151,712.0,-0.086,2.6
152,699.0,-0.0,0.0
153,719.0,-0.062,1.4
154,701.0,0.001,0.0
155,730.0,0.216,17.0
156,708.0,-0.117,4.9
157,732.0,-0.0,0.0
158,718.0,0.036,0.5
159,748.0,0.0,0.0
160,727.0,-0.268,26.1
161,758.0,-0.001,0.0
162,744.0,0.0,0.0
163,765.0,0.002,0.0
164,750.0,-0.002,0.0
165,765.0,-0.13,6.5
166,758.0,0.0,0.0
167,772.0,0.0,0.0
168,764.0,0.0,0.0
169,786.0,0.0,0.0
170,766.0,0.123,5.8
171,804.0,0.071,2.0
172,802.0,-0.066,1.7
173,808.0,-0.062,1.5
174,808.0,-0.0,0.0
175,816.0,-0.0,0.0
176,809.0,0.084,2.9
177,824.0,0.0,0.0
178,812.0,0.001,0.0
179,825.0,0.031,0.4
180,815.0,-0.0,0.0
181,828.0,-0.0,0.0
182,825.0,0.026,0.3
183,830.0,0.0,0.0
184,826.0,-0.0,0.0
185,833.0,-0.0,0.0
186,832.0,0.0,0.0
187,838.0,0.126,6.7
188,841.0,0.125,6.5
189,846.0,0.068,2.0
190,845.0,0.108,4.9
191,847.0,0.001,0.0
192,858.0,0.001,0.0
193,889.0,0.0,0.0
194,875.0,0.0,0.0
195,894.0,0.0,0.0
196,901.0,-0.079,2.8
197,903.0,-0.084,3.2
198,907.0,0.001,0.0
199,917.0,0.049,1.1
200,914.0,-0.019,0.2
201,923.0,-0.056,1.4
202,920.0,0.027,0.3
203,927.0,0.0,0.0
204,935.0,0.01,0.0
205,944.0,0.0,0.0
206,945.0,0.001,0.0
207,955.0,0.136,8.8
208,954.0,-0.0,0.0
209,956.0,-0.001,0.0
210,957.0,-0.001,0.0
211,973.0,-0.001,0.0
212,962.0,-0.153,11.2
213,974.0,-0.002,0.0
214,975.0,-0.0,0.0
215,976.0,-0.078,3.0
216,977.0,-0.0,0.0
217,977.0,-0.002,0.0
218,988.0,-0.0,0.0
219,978.0,-0.164,13.2
220,989.0,-0.0,0.0
221,986.0,-0.0,0.0
222,1026.0,0.072,2.6
223,989.0,0.0,0.0
224,1030.0,-0.0,0.0
225,1051.0,-0.0,0.0
226,1063.0,0.001,0.0
227,1053.0,0.333,58.4
228,1092.0,-0.097,5.1
229,1069.0,-0.003,0.0
230,1093.0,0.09,4.5
231,1094.0,0.107,6.3
232,1104.0,0.099,5.4
233,1106.0,0.049,1.3
234,1127.0,0.385,83.6
235,1125.0,0.462,120.0
236,1138.0,-0.038,0.8
237,1151.0,-0.068,2.7
238,1155.0,0.0,0.0
239,1155.0,0.0,0.0
240,1158.0,-0.118,8.1
241,1161.0,-0.154,13.8
242,1161.0,-0.08,3.7
243,1165.0,-0.049,1.4
244,1170.0,0.054,1.7
245,1175.0,0.01,0.1
246,1182.0,0.363,77.8
247,1190.0,0.007,0.0
248,1186.0,0.052,1.6
249,1194.0,0.416,103.5
250,1196.0,0.012,0.1
251,1201.0,0.001,0.0
252,1198.0,0.002,0.0
253,1216.0,0.019,0.2
254,1212.0,-0.067,2.8
255,1222.0,-0.169,17.5
256,1224.0,-0.112,7.6
257,1227.0,-0.043,1.1
258,1227.0,-0.088,4.7
259,1233.0,-0.258,41.1
260,1233.0,-0.018,0.2
261,1237.0,-0.081,4.1
262,1242.0,-0.082,4.1
263,1250.0,-0.022,0.3
264,1244.0,-0.209,27.2
265,1264.0,-0.019,0.2
266,1253.0,-0.029,0.5
267,1282.0,-0.365,85.3
268,1281.0,-0.007,0.0
269,1291.0,-0.164,17.4
270,1295.0,0.378,92.8
271,1296.0,0.175,19.8
272,1313.0,0.264,45.9
273,1299.0,0.135,11.8
274,1318.0,-0.118,9.1
275,1304.0,-0.135,11.8
276,1320.0,0.13,11.1
277,1317.0,0.179,21.1
278,1327.0,0.288,55.0
279,1327.0,0.303,61.0
280,1341.0,-0.577,223.3
281,1349.0,-0.098,6.5
282,1353.0,0.118,9.4
283,1361.0,0.234,37.4
284,1364.0,-0.43,126.0
285,1365.0,-0.018,0.2
286,1367.0,-0.084,4.8
287,1371.0,-0.489,164.1
288,1371.0,-0.448,137.3
289,1373.0,-0.192,25.4
290,1380.0,-0.038,1.0
291,1379.0,-0.111,8.5
292,1382.0,-0.001,0.0
293,1384.0,-0.0,0.0
294,1392.0,-0.022,0.3
295,1393.0,-0.01,0.1
296,1400.0,-0.0,0.0
297,1397.0,-0.01,0.1
298,1402.0,-0.169,20.1
299,1398.0,-0.0,0.0
300,1405.0,0.024,0.4
301,1412.0,0.028,0.6
302,1416.0,-0.031,0.7
303,1418.0,-0.022,0.3
304,1430.0,0.053,2.0
305,1426.0,0.118,10.0
306,1439.0,-0.144,14.9
307,1440.0,-0.201,29.0
308,1447.0,-0.024,0.4
309,1459.0,-0.001,0.0
310,1451.0,0.295,63.3
311,1465.0,0.15,16.4
312,1461.0,-0.089,5.7
313,1470.0,-0.057,2.4
314,1466.0,-0.067,3.2
315,1475.0,-0.056,2.3
316,1485.0,0.0,0.0
317,1484.0,0.0,0.0
318,1493.0,0.098,7.1
319,1485.0,0.068,3.5
320,1498.0,-0.024,0.4
321,1487.0,-0.044,1.4
322,1500.0,-0.193,28.1
323,1496.0,-0.035,0.9
324,1505.0,-0.0,0.0
325,1498.0,-0.416,129.5
326,1510.0,-0.02,0.3
327,1507.0,-0.0,0.0
328,1523.0,-0.014,0.2
329,1524.0,-0.009,0.1
330,1531.0,0.276,58.2
331,1551.0,0.11,9.4
332,1546.0,0.061,2.9
333,1558.0,0.163,20.8
334,1554.0,-0.141,15.4
335,1574.0,-0.154,18.7
336,1571.0,0.049,1.9
337,1588.0,0.003,0.0
338,1582.0,-0.065,3.3
339,1593.0,-0.033,0.8
340,1600.0,-0.011,0.1
341,1611.0,-0.535,230.6
342,1601.0,-0.085,5.8
343,1615.0,-0.028,0.6
344,1620.0,0.016,0.2
345,1619.0,0.006,0.0
346,1648.0,0.515,218.5
347,1626.0,0.207,34.7
348,1657.0,-0.245,49.6
349,1638.0,-0.282,65.3
350,1686.0,-0.006,0.0
351,1684.0,-0.006,0.0
352,1690.0,0.084,5.9
353,1721.0,0.12,12.3
354,1725.0,-0.112,10.9
355,1787.0,-0.362,117.2
356,1732.0,0.049,2.0
357,1881.0,0.026,0.6
358,3034.0,0.0,0.0
359,3030.0,0.0,0.0
360,3038.0,-0.006,0.1
361,3034.0,-0.008,0.1
362,3092.0,-0.0,0.0
363,3087.0,-0.0,0.0
364,3095.0,-0.005,0.0
365,3090.0,-0.006,0.1
366,3112.0,-0.003,0.0
367,3109.0,-0.004,0.0
368,3126.0,-0.021,0.7
369,3132.0,-0.0,0.0
370,3132.0,-0.0,0.0
371,3134.0,-0.011,0.2
372,3137.0,-0.015,0.3
373,3142.0,-0.005,0.0
374,3143.0,0.004,0.0
375,3162.0,0.021,0.7
376,3198.0,-0.003,0.0
377,3168.0,-0.038,2.3
378,3199.0,0.002,0.0
379,3193.0,0.003,0.0
380,3206.0,0.002,0.0
381,3193.0,0.0,0.0
382,3206.0,-0.004,0.0
383,3199.0,-0.003,0.0
384,3208.0,0.009,0.1
385,3199.0,0.004,0.0
386,3213.0,-0.009,0.1
387,3209.0,-0.003,0.0
388,3213.0,0.003,0.0
389,3209.0,0.004,0.0
390,3214.0,0.002,0.0
391,3222.0,0.008,0.1
392,3217.0,-0.032,1.7
393,3224.0,-0.001,0.0
394,3224.0,0.001,0.0
395,3225.0,0.003,0.0
396,3224.0,0.002,0.0
397,3226.0,0.012,0.2
398,3239.0,0.013,0.3
399,3247.0,0.002,0.0
