,Frequencies,Displacement,Reorg Energy
0,-0.0,-0.0,-0.0
1,-0.0,-0.0,-0.0
2,-0.0,-0.0,-0.0
3,-0.0,-0.0,-0.0
4,-0.0,0.0,-0.0
5,-0.0,0.0,-0.0
6,-0.0,0.0,-0.0
7,-0.0,0.0,-0.0
8,0.0,-0.0,0.0
9,0.0,-0.0,0.0
10,0.0,0.0,0.0
11,0.0,0.0,0.0
12,10.0,-0.041,0.0
13,8.0,-0.039,0.0
14,15.0,-0.01,0.0
15,19.0,-0.007,0.0
16,28.0,-0.069,0.1
17,27.0,-0.025,0.0
18,28.0,1.282,23.3
19,29.0,1.304,24.5
20,31.0,-0.021,0.0
21,29.0,-0.178,0.5
22,49.0,-0.004,0.0
23,49.0,-0.003,0.0
24,55.0,-0.002,0.0
25,56.0,-0.001,0.0
26,65.0,0.004,0.0
27,64.0,0.003,0.0
28,75.0,-0.002,0.0
29,77.0,-0.002,0.0
30,89.0,-0.007,0.0
31,89.0,-0.007,0.0
32,92.0,0.67,20.6
33,95.0,0.744,26.2
34,101.0,-0.003,0.0
35,101.0,-0.003,0.0
36,119.0,1.235,90.9
37,122.0,1.246,94.6
38,144.0,-0.004,0.0
39,145.0,-0.008,0.0
40,162.0,0.462,17.3
41,165.0,0.429,15.2
42,168.0,-0.003,0.0
43,169.0,-0.005,0.0
44,169.0,0.003,0.0
45,178.0,0.003,0.0
46,183.0,0.002,0.0
47,195.0,0.001,0.0
48,190.0,0.002,0.0
49,202.0,0.0,0.0
50,201.0,-0.0,0.0
51,212.0,-0.329,11.4
52,208.0,-0.268,7.4
53,213.0,-0.009,0.0
54,210.0,0.002,0.0
55,229.0,0.547,34.3
56,227.0,-0.589,39.3
57,235.0,-0.021,0.1
58,235.0,0.021,0.1
59,236.0,0.062,0.4
60,237.0,0.077,0.7
61,237.0,0.032,0.1
62,256.0,0.001,0.0
63,258.0,0.001,0.0
64,288.0,0.0,0.0
65,290.0,0.089,1.1
66,289.0,-0.073,0.8
67,296.0,-0.017,0.0
68,296.0,0.363,19.5
69,297.0,0.33,16.2
70,302.0,0.002,0.0
71,314.0,0.0,0.0
72,325.0,-0.002,0.0
73,333.0,-0.002,0.0
74,348.0,0.095,1.6
75,355.0,0.098,1.7
76,372.0,-0.307,17.5
77,357.0,-0.002,0.0
78,385.0,0.0,0.0
79,380.0,0.34,22.0
80,391.0,-0.07,1.0
81,396.0,-0.106,2.2
82,402.0,0.238,11.4
83,404.0,0.141,4.0
84,417.0,-0.0,0.0
85,418.0,-0.001,0.0
86,428.0,0.649,90.2
87,433.0,0.494,52.8
88,433.0,-0.186,7.5
89,436.0,-0.058,0.7
90,440.0,0.115,2.9
91,443.0,0.136,4.1
92,442.0,-0.255,14.4
93,451.0,-0.172,6.6
94,447.0,-0.0,0.0
95,453.0,-0.002,0.0
96,459.0,-0.228,12.0
97,456.0,-0.785,140.6
98,466.0,0.238,13.2
99,459.0,0.489,54.8
100,471.0,0.0,0.0
101,464.0,0.001,0.0
102,478.0,-0.444,47.2
103,473.0,-0.275,17.9
104,484.0,-0.003,0.0
105,485.0,-0.191,8.8
106,485.0,0.225,12.2
107,497.0,0.359,31.9
108,498.0,-0.003,0.0
109,501.0,-0.001,0.0
110,506.0,0.0,0.0
111,513.0,0.001,0.0
112,509.0,0.637,103.4
113,516.0,0.001,0.0
114,538.0,0.301,24.3
115,534.0,0.124,4.1
116,549.0,0.002,0.0
117,557.0,0.255,18.1
118,556.0,0.303,25.5
119,564.0,0.001,0.0
120,574.0,-0.001,0.0
121,579.0,-0.022,0.1
122,575.0,0.012,0.0
123,584.0,0.211,13.0
124,580.0,-0.168,8.2
125,591.0,-0.001,0.0
126,604.0,-0.002,0.0
127,620.0,-0.236,17.3
128,615.0,-0.181,10.0
129,624.0,-0.001,0.0
130,618.0,-0.222,15.2
131,626.0,-0.124,4.8
132,620.0,-0.0,0.0
133,629.0,-0.0,0.0
134,632.0,0.002,0.0
135,647.0,0.188,11.5
136,652.0,-0.0,0.0
137,661.0,-0.002,0.0
138,666.0,0.271,24.5
139,669.0,0.001,0.0
140,675.0,-0.0,0.0
141,685.0,-0.323,35.8
142,683.0,0.256,22.3
143,713.0,0.142,7.2
144,700.0,0.001,0.0
145,720.0,0.16,9.2
146,700.0,0.001,0.0
147,730.0,0.269,26.4
148,710.0,-0.188,12.5
149,736.0,-0.0,0.0
150,720.0,0.082,2.4
151,748.0,0.0,0.0
152,729.0,0.382,53.3
153,758.0,0.001,0.0
154,743.0,0.005,0.0
155,762.0,0.174,11.5
156,749.0,-0.005,0.0
157,765.0,-0.006,0.0
158,757.0,-0.001,0.0
159,772.0,-0.002,0.0
160,763.0,-0.0,0.0
161,786.0,-0.001,0.0
162,767.0,0.133,6.8
163,802.0,0.03,0.4
164,801.0,-0.045,0.8
165,809.0,-0.049,1.0
166,807.0,0.002,0.0
167,816.0,0.0,0.0
168,811.0,0.038,0.6
169,823.0,0.049,1.0
170,815.0,0.0,0.0
171,823.0,0.023,0.2
172,822.0,0.001,0.0
173,829.0,0.002,0.0
174,822.0,0.06,1.5
175,834.0,0.002,0.0
176,826.0,0.001,0.0
177,835.0,0.131,7.2
178,832.0,-0.001,0.0
179,835.0,-0.015,0.1
180,842.0,0.108,4.9
181,847.0,0.008,0.0
182,848.0,0.159,10.7
183,847.0,0.103,4.5
184,875.0,0.0,0.0
185,895.0,0.0,0.0
186,881.0,-0.001,0.0
187,900.0,-0.076,2.6
188,897.0,-0.073,2.4
189,915.0,-0.062,1.7
190,919.0,-0.058,1.5
191,920.0,-0.001,0.0
192,925.0,0.012,0.1
193,922.0,0.042,0.8
194,933.0,0.085,3.4
195,944.0,0.0,0.0
196,945.0,0.0,0.0
197,952.0,0.166,13.1
198,957.0,0.0,0.0
199,956.0,0.0,0.0
200,963.0,-0.106,5.4
201,970.0,-0.112,6.1
202,975.0,-0.0,0.0
203,974.0,-0.0,0.0
204,976.0,0.0,0.0
205,977.0,0.0,0.0
206,988.0,0.0,0.0
207,983.0,0.09,4.0
208,989.0,-0.0,0.0
209,987.0,-0.0,0.0
210,999.0,-0.0,0.0
211,990.0,-0.0,0.0
212,1027.0,0.051,1.4
213,1019.0,0.0,0.0
214,1063.0,-0.002,0.0
215,1051.0,-0.279,40.9
216,1086.0,-0.013,0.1
217,1070.0,-0.085,3.9
218,1100.0,0.051,1.4
219,1094.0,0.085,4.0
220,1106.0,-0.117,7.5
221,1102.0,-0.071,2.8
222,1133.0,0.241,32.8
223,1125.0,0.399,89.4
224,1137.0,-0.067,2.6
225,1150.0,-0.026,0.4
226,1155.0,0.0,0.0
227,1155.0,0.001,0.0
228,1161.0,0.171,17.0
229,1155.0,0.269,41.8
230,1162.0,0.05,1.4
231,1165.0,0.045,1.2
232,1170.0,0.035,0.7
233,1175.0,0.015,0.1
234,1186.0,-0.002,0.0
235,1190.0,-0.032,0.6
236,1196.0,0.023,0.3
237,1201.0,0.024,0.3
238,1198.0,-0.041,1.0
239,1214.0,-0.306,56.7
240,1210.0,-0.186,20.9
241,1215.0,-0.121,8.9
242,1224.0,0.104,6.7
243,1220.0,0.204,25.3
244,1232.0,-0.044,1.2
245,1228.0,-0.051,1.6
246,1239.0,0.335,69.5
247,1236.0,0.026,0.4
248,1241.0,0.082,4.1
249,1250.0,0.021,0.3
250,1246.0,-0.173,18.7
251,1260.0,-0.327,67.4
252,1255.0,0.02,0.3
253,1278.0,0.518,171.7
254,1298.0,-0.378,92.6
255,1293.0,-0.139,12.4
256,1306.0,-0.253,41.6
257,1299.0,-0.058,2.2
258,1316.0,-0.157,16.2
259,1301.0,-0.061,2.4
260,1319.0,0.032,0.7
261,1325.0,0.335,74.4
262,1347.0,0.518,181.1
263,1340.0,0.115,8.9
264,1352.0,-0.179,21.7
265,1348.0,-0.15,15.1
266,1361.0,0.249,42.2
267,1363.0,0.069,3.2
268,1367.0,-0.056,2.1
269,1363.0,-0.043,1.2
270,1375.0,-0.066,3.0
271,1372.0,-0.186,23.6
272,1379.0,-0.686,324.1
273,1383.0,-0.559,216.4
274,1382.0,0.002,0.0
275,1384.0,0.001,0.0
276,1392.0,0.01,0.1
277,1393.0,0.058,2.4
278,1400.0,-0.246,42.5
279,1398.0,-0.023,0.4
280,1400.0,-0.489,167.3
281,1398.0,-0.001,0.0
282,1405.0,0.042,1.2
283,1412.0,0.027,0.5
284,1416.0,0.064,2.9
285,1425.0,0.011,0.1
286,1431.0,-0.097,6.7
287,1427.0,-0.151,16.2
288,1439.0,0.245,43.1
289,1440.0,0.241,41.8
290,1447.0,0.001,0.0
291,1445.0,0.048,1.7
292,1456.0,-0.276,55.4
293,1455.0,-0.066,3.2
294,1462.0,-0.086,5.5
295,1462.0,-0.153,17.0
296,1467.0,-0.042,1.3
297,1475.0,-0.027,0.6
298,1485.0,0.0,0.0
299,1484.0,0.052,2.0
300,1494.0,-0.127,12.1
301,1484.0,-0.0,0.0
302,1498.0,-0.053,2.1
303,1486.0,-0.049,1.8
304,1504.0,0.146,16.1
305,1496.0,0.025,0.5
306,1505.0,0.0,0.0
307,1507.0,0.0,0.0
308,1510.0,0.052,2.0
309,1510.0,0.47,166.5
310,1523.0,0.014,0.1
311,1524.0,0.012,0.1
312,1542.0,0.344,91.2
313,1548.0,0.127,12.5
314,1546.0,0.009,0.1
315,1558.0,0.234,42.5
316,1556.0,-0.173,23.4
317,1575.0,-0.185,26.9
318,1572.0,0.037,1.1
319,1589.0,0.054,2.3
320,1584.0,0.048,1.8
321,1603.0,0.403,130.0
322,1600.0,0.01,0.1
323,1614.0,0.188,28.7
324,1601.0,0.092,6.8
325,1616.0,0.123,12.3
326,1621.0,0.005,0.0
327,1623.0,0.145,17.2
328,1671.0,-0.476,189.2
329,1638.0,-0.241,47.6
330,1686.0,-0.004,0.0
331,1685.0,-0.002,0.0
332,1691.0,-0.007,0.0
333,1722.0,-0.104,9.4
334,1725.0,0.1,8.7
335,1787.0,0.399,142.1
336,1734.0,-0.024,0.5
337,1827.0,-0.036,1.2
338,3034.0,0.0,0.0
339,3030.0,0.0,0.0
340,3038.0,0.007,0.1
341,3035.0,0.008,0.1
342,3092.0,-0.0,0.0
343,3087.0,-0.0,0.0
344,3096.0,0.006,0.0
345,3090.0,0.006,0.1
346,3112.0,0.003,0.0
347,3110.0,0.004,0.0
348,3133.0,-0.0,0.0
349,3132.0,-0.0,0.0
350,3143.0,0.004,0.0
351,3142.0,0.004,0.0
352,3198.0,0.003,0.0
353,3153.0,0.044,3.0
354,3199.0,0.002,0.0
355,3193.0,0.003,0.0
356,3206.0,0.002,0.0
357,3194.0,0.002,0.0
358,3206.0,0.004,0.0
359,3199.0,0.004,0.0
360,3210.0,0.018,0.5
361,3200.0,0.004,0.0
362,3213.0,0.006,0.1
363,3209.0,0.003,0.0
364,3213.0,0.039,2.5
365,3209.0,0.004,0.0
366,3214.0,-0.008,0.1
367,3225.0,-0.001,0.0
368,3214.0,-0.001,0.0
369,3225.0,-0.002,0.0
370,3224.0,0.001,0.0
371,3228.0,0.014,0.3
372,3224.0,-0.002,0.0
373,3228.0,-0.01,0.2
374,3238.0,-0.011,0.2
375,3242.0,-0.002,0.0
