,Frequencies,Displacement,Reorg Energy
0,-0.0,-0.0,-0.0
1,-0.0,-0.0,-0.0
2,-0.0,-0.0,-0.0
3,-0.0,-0.0,-0.0
4,-0.0,-0.0,-0.0
5,-0.0,-0.0,-0.0
6,-0.0,0.0,-0.0
7,-0.0,0.0,-0.0
8,0.0,-0.0,0.0
9,0.0,-0.0,0.0
10,0.0,-0.0,0.0
11,0.0,-0.0,0.0
12,6.0,15.516,690.7
13,8.0,3.18,41.9
14,9.0,0.386,0.7
15,15.0,18.953,2701.6
16,14.0,-1.283,11.7
17,18.0,-12.478,1373.5
18,28.0,-0.413,2.4
19,26.0,-6.956,624.5
20,29.0,0.52,4.0
21,29.0,0.761,8.5
22,44.0,1.877,77.2
23,52.0,0.978,24.8
24,53.0,-0.054,0.1
25,56.0,-5.228,767.2
26,56.0,-0.164,0.7
27,64.0,-0.617,12.1
28,61.0,0.474,6.8
29,68.0,15.159,7838.1
30,71.0,-0.158,0.9
31,83.0,-1.1,49.9
32,77.0,0.218,1.8
33,88.0,7.095,2208.7
34,90.0,0.111,0.6
35,97.0,10.451,5278.0
36,102.0,0.113,0.6
37,101.0,0.392,7.8
38,106.0,1.633,141.9
39,111.0,1.096,66.4
40,110.0,-1.14,71.2
41,121.0,-13.709,11357.9
42,133.0,-0.044,0.1
43,149.0,-0.331,8.1
44,162.0,-0.163,2.1
45,164.0,-0.003,0.0
46,168.0,-0.012,0.0
47,170.0,-0.029,0.1
48,184.0,0.022,0.0
49,196.0,0.074,0.5
50,194.0,-0.182,3.2
51,197.0,-0.819,66.0
52,199.0,-0.361,13.0
53,205.0,-1.312,176.2
54,204.0,-0.274,7.7
55,207.0,-0.919,87.5
56,212.0,-0.099,1.0
57,216.0,-0.968,101.3
58,216.0,0.676,49.4
59,219.0,2.242,551.0
60,234.0,0.026,0.1
61,235.0,0.43,21.7
62,235.0,0.146,2.5
63,235.0,0.172,3.5
64,245.0,-0.15,2.8
65,263.0,-0.333,14.6
66,257.0,0.026,0.1
67,263.0,0.508,33.9
68,283.0,0.234,7.8
69,288.0,0.478,32.9
70,288.0,0.304,13.3
71,289.0,0.009,0.0
72,302.0,0.06,0.5
73,299.0,0.226,7.6
74,307.0,-0.375,21.6
75,305.0,-1.11,187.8
76,326.0,0.211,7.3
77,338.0,0.237,9.5
78,343.0,0.566,54.9
79,346.0,1.012,177.1
80,352.0,0.112,2.2
81,360.0,3.854,2672.3
82,371.0,0.072,1.0
83,368.0,0.865,137.7
84,390.0,0.172,5.8
85,391.0,0.213,8.8
86,393.0,0.423,35.2
87,394.0,0.283,15.8
88,413.0,-0.213,9.4
89,406.0,-1.298,341.8
90,417.0,-0.158,5.2
91,411.0,-5.471,6146.8
92,419.0,-0.339,24.1
93,418.0,-0.448,42.0
94,432.0,-0.328,23.2
95,435.0,-1.011,222.5
96,437.0,0.135,4.0
97,439.0,0.22,10.6
98,439.0,0.058,0.7
99,443.0,0.295,19.3
100,447.0,-0.03,0.2
101,448.0,-0.171,6.5
102,454.0,0.119,3.2
103,454.0,0.08,1.5
104,459.0,0.123,3.5
105,454.0,0.555,69.9
106,467.0,-0.464,50.2
107,462.0,-0.07,1.1
108,473.0,0.072,1.2
109,465.0,1.268,373.7
110,479.0,0.125,3.7
111,472.0,1.045,257.7
112,487.0,-0.026,0.2
113,499.0,-0.646,104.0
114,502.0,0.166,6.9
115,503.0,0.001,0.0
116,504.0,0.407,41.7
117,508.0,0.019,0.1
118,506.0,0.067,1.1
119,510.0,0.232,13.7
120,516.0,0.031,0.3
121,517.0,0.072,1.3
122,526.0,-0.127,4.2
123,524.0,-0.008,0.0
124,546.0,-0.313,26.7
125,542.0,-0.267,19.3
126,572.0,-0.026,0.2
127,574.0,-0.003,0.0
128,573.0,-0.053,0.8
129,579.0,-0.007,0.0
130,576.0,-0.055,0.9
131,581.0,-0.222,14.3
132,578.0,0.241,16.8
133,592.0,0.005,0.0
134,597.0,0.391,45.8
135,599.0,0.212,13.5
136,605.0,0.063,1.2
137,624.0,0.033,0.3
138,615.0,0.004,0.0
139,625.0,0.025,0.2
140,623.0,0.031,0.3
141,627.0,0.082,2.1
142,635.0,-0.039,0.5
143,629.0,-0.046,0.7
144,640.0,0.17,9.2
145,648.0,0.061,1.2
146,653.0,-0.034,0.4
147,659.0,-0.0,0.0
148,655.0,0.092,2.8
149,667.0,0.038,0.5
150,678.0,-0.003,0.0
151,685.0,-0.076,2.0
152,691.0,-0.054,1.0
153,711.0,-0.149,7.9
154,701.0,0.024,0.2
155,713.0,0.088,2.7
156,706.0,-0.003,0.0
157,729.0,-0.271,26.7
158,708.0,0.022,0.2
159,739.0,0.018,0.1
160,712.0,-0.02,0.1
161,747.0,-0.036,0.5
162,726.0,-0.137,6.9
163,748.0,-0.0,0.0
164,746.0,0.029,0.3
165,757.0,0.176,11.8
166,753.0,0.032,0.4
167,759.0,0.014,0.1
168,760.0,0.038,0.5
169,762.0,0.125,5.9
170,761.0,0.028,0.3
171,770.0,0.111,4.8
172,762.0,0.197,14.9
173,786.0,0.004,0.0
174,771.0,-0.007,0.0
175,800.0,-0.615,151.1
176,799.0,0.108,4.7
177,802.0,0.626,156.9
178,807.0,0.121,5.9
179,807.0,0.234,22.1
180,813.0,-0.058,1.4
181,810.0,-0.153,9.5
182,815.0,-0.306,38.2
183,815.0,-0.046,0.9
184,815.0,0.046,0.9
185,817.0,0.002,0.0
186,823.0,0.011,0.1
187,822.0,0.058,1.4
188,829.0,0.014,0.1
189,826.0,0.015,0.1
190,832.0,-0.135,7.6
191,832.0,-0.049,1.0
192,833.0,-0.061,1.5
193,837.0,-0.101,4.3
194,836.0,0.207,17.9
195,839.0,0.06,1.5
196,838.0,0.186,14.5
197,844.0,0.019,0.2
198,852.0,-0.116,5.7
199,850.0,-0.025,0.3
200,859.0,-0.437,82.1
201,860.0,-0.102,4.4
202,876.0,-0.0,0.0
203,898.0,-0.136,8.3
204,901.0,-0.228,23.4
205,900.0,-0.013,0.1
206,905.0,-0.143,9.2
207,906.0,-0.031,0.4
208,924.0,-0.152,10.7
209,930.0,-0.114,6.0
210,934.0,-0.053,1.3
211,943.0,-0.003,0.0
212,945.0,-0.002,0.0
213,956.0,-0.004,0.0
214,957.0,-0.001,0.0
215,965.0,-0.011,0.1
216,966.0,-0.014,0.1
217,971.0,-0.045,1.0
218,971.0,0.172,14.3
219,973.0,0.022,0.2
220,974.0,0.004,0.0
221,974.0,0.006,0.0
222,976.0,-0.002,0.0
223,975.0,-0.029,0.4
224,978.0,0.058,1.6
225,977.0,0.015,0.1
226,982.0,-0.082,3.3
227,984.0,-0.031,0.5
228,988.0,0.002,0.0
229,987.0,0.004,0.0
230,988.0,0.002,0.0
231,987.0,0.003,0.0
232,1035.0,0.087,3.9
233,1021.0,1.002,512.4
234,1061.0,-0.021,0.2
235,1051.0,-0.006,0.0
236,1083.0,-0.126,8.5
237,1069.0,-0.018,0.2
238,1095.0,-0.019,0.2
239,1081.0,-0.043,1.0
240,1109.0,-0.09,4.5
241,1094.0,-0.006,0.0
242,1134.0,-0.057,1.8
243,1103.0,-0.154,13.1
244,1136.0,0.015,0.1
245,1145.0,0.182,18.9
246,1155.0,-0.002,0.0
247,1149.0,-0.243,33.8
248,1157.0,-0.16,14.9
249,1155.0,-0.45,116.7
250,1164.0,0.027,0.4
251,1155.0,0.007,0.0
252,1165.0,0.107,6.7
253,1164.0,0.025,0.4
254,1176.0,-0.002,0.0
255,1174.0,-0.046,1.2
256,1179.0,0.083,4.1
257,1184.0,0.109,7.0
258,1186.0,-0.01,0.1
259,1189.0,-0.174,18.0
260,1196.0,0.007,0.0
261,1193.0,1.263,951.0
262,1204.0,0.014,0.1
263,1200.0,0.037,0.8
264,1205.0,-0.17,17.3
265,1205.0,-0.044,1.2
266,1210.0,-0.133,10.7
267,1226.0,-0.53,172.1
268,1224.0,-0.091,5.1
269,1227.0,-1.166,833.9
270,1233.0,-0.028,0.5
271,1236.0,-0.037,0.8
272,1242.0,-0.008,0.0
273,1241.0,-0.636,250.7
274,1244.0,0.124,9.5
275,1247.0,0.015,0.1
276,1252.0,-0.008,0.0
277,1263.0,-0.004,0.0
278,1263.0,-0.045,1.3
279,1284.0,-0.108,7.5
280,1300.0,0.216,30.4
281,1297.0,0.604,236.6
282,1313.0,-0.017,0.2
283,1301.0,-1.055,724.2
284,1317.0,-0.127,10.6
285,1317.0,-0.022,0.3
286,1319.0,-0.016,0.2
287,1329.0,-0.411,112.3
288,1333.0,0.036,0.8
289,1340.0,0.147,14.5
290,1350.0,0.199,26.8
291,1345.0,0.046,1.5
292,1357.0,-0.099,6.6
293,1359.0,-0.05,1.7
294,1363.0,0.375,95.7
295,1362.0,0.299,60.9
296,1366.0,0.031,0.6
297,1364.0,0.245,40.8
298,1379.0,-0.197,26.6
299,1371.0,-0.313,67.1
300,1380.0,-0.518,185.5
301,1384.0,-0.002,0.0
302,1382.0,0.001,0.0
303,1393.0,0.07,3.4
304,1392.0,0.095,6.3
305,1394.0,0.001,0.0
306,1400.0,0.0,0.0
307,1397.0,0.0,0.0
308,1404.0,-0.005,0.0
309,1411.0,-0.01,0.1
310,1416.0,0.039,1.1
311,1424.0,0.215,32.9
312,1431.0,0.092,6.0
313,1427.0,0.073,3.8
314,1439.0,0.057,2.4
315,1432.0,0.228,37.3
316,1440.0,-0.187,25.1
317,1437.0,-0.174,21.7
318,1444.0,0.018,0.2
319,1438.0,0.151,16.4
320,1458.0,0.415,125.6
321,1462.0,0.196,28.1
322,1461.0,0.092,6.1
323,1470.0,0.033,0.8
324,1466.0,0.007,0.0
325,1472.0,0.052,2.0
326,1485.0,-0.0,0.0
327,1478.0,-0.001,0.0
328,1492.0,-0.068,3.4
329,1483.0,-0.075,4.2
330,1497.0,0.029,0.6
331,1484.0,0.001,0.0
332,1505.0,0.0,0.0
333,1496.0,0.013,0.1
334,1505.0,-0.212,33.9
335,1506.0,-0.51,196.1
336,1511.0,0.0,0.0
337,1507.0,0.001,0.0
338,1522.0,-0.013,0.1
339,1524.0,-0.002,0.0
340,1532.0,0.344,90.8
341,1536.0,0.001,0.0
342,1547.0,0.031,0.7
343,1540.0,0.075,4.3
344,1555.0,-0.175,23.9
345,1544.0,-0.057,2.5
346,1561.0,-0.356,98.9
347,1560.0,-0.291,66.1
348,1570.0,-0.005,0.0
349,1574.0,-0.17,22.7
350,1581.0,-0.004,0.0
351,1581.0,-0.002,0.0
352,1599.0,-0.004,0.0
353,1593.0,-0.001,0.0
354,1600.0,-0.085,5.8
355,1613.0,-0.001,0.0
356,1610.0,0.038,1.2
357,1619.0,0.146,17.3
358,1623.0,0.02,0.3
359,1626.0,0.703,401.7
360,1648.0,-0.305,76.5
361,1632.0,-0.068,3.8
362,1685.0,0.003,0.0
363,1681.0,0.002,0.0
364,1706.0,0.007,0.0
365,1704.0,0.014,0.2
366,1725.0,-0.102,8.9
367,1716.0,-0.089,6.9
368,1742.0,-0.158,21.6
369,1741.0,-0.799,555.6
370,3034.0,0.0,0.0
371,3029.0,0.0,0.0
372,3038.0,-0.008,0.1
373,3033.0,-0.005,0.0
374,3092.0,0.0,0.0
375,3086.0,0.0,0.0
376,3095.0,-0.007,0.1
377,3089.0,-0.004,0.0
378,3112.0,0.004,0.0
379,3109.0,0.002,0.0
380,3132.0,-0.0,0.0
381,3131.0,-0.001,0.0
382,3143.0,-0.005,0.0
383,3141.0,-0.003,0.0
384,3177.0,0.012,0.2
385,3180.0,0.033,1.8
386,3181.0,-0.011,0.2
387,3191.0,-0.004,0.0
388,3195.0,-0.01,0.1
389,3191.0,-0.002,0.0
390,3197.0,0.031,1.5
391,3197.0,0.002,0.0
392,3198.0,0.002,0.0
393,3197.0,0.004,0.0
394,3198.0,-0.0,0.0
395,3200.0,-0.043,3.0
396,3205.0,-0.001,0.0
397,3207.0,-0.003,0.0
398,3205.0,0.004,0.0
399,3207.0,0.004,0.0
400,3213.0,-0.002,0.0
401,3221.0,-0.0,0.0
402,3213.0,-0.002,0.0
403,3221.0,-0.001,0.0
404,3213.0,-0.012,0.2
405,3231.0,-0.006,0.1
406,3214.0,0.021,0.7
407,3244.0,0.014,0.3
408,3224.0,-0.001,0.0
409,3249.0,-0.004,0.0
410,3224.0,-0.005,0.0
411,3256.0,-0.37,222.9
