,Frequencies,Displacement,Reorg Energy
0,-0.0,-0.0,-0.0
1,-0.0,-0.0,-0.0
2,-0.0,0.0,-0.0
3,-0.0,0.0,-0.0
4,-0.0,0.0,-0.0
5,-0.0,0.0,-0.0
6,-0.0,-0.0,-0.0
7,-0.0,-0.0,-0.0
8,0.0,0.0,0.0
9,0.0,0.0,0.0
10,0.0,-0.0,0.0
11,0.0,-0.0,0.0
12,8.0,-0.158,0.1
13,9.0,-0.325,0.5
14,10.0,0.206,0.2
15,12.0,1.057,6.9
16,14.0,0.937,6.1
17,18.0,0.491,2.1
18,28.0,-0.105,0.2
19,27.0,-0.419,2.4
20,29.0,-0.044,0.0
21,31.0,-0.63,6.1
22,50.0,-0.097,0.2
23,48.0,-0.089,0.2
24,56.0,-0.024,0.0
25,55.0,-0.027,0.0
26,68.0,0.045,0.1
27,65.0,0.075,0.2
28,77.0,-0.008,0.0
29,79.0,-0.203,1.6
30,81.0,-0.209,1.8
31,80.0,-4.085,667.8
32,89.0,-0.004,0.0
33,89.0,-0.05,0.1
34,101.0,0.001,0.0
35,100.0,0.034,0.1
36,122.0,0.267,4.3
37,124.0,1.667,172.7
38,126.0,-1.443,131.4
39,127.0,-1.889,226.8
40,143.0,-0.027,0.1
41,140.0,-0.068,0.3
42,168.0,0.003,0.0
43,168.0,0.008,0.0
44,182.0,0.039,0.1
45,179.0,0.029,0.1
46,187.0,0.036,0.1
47,195.0,0.006,0.0
48,198.0,0.276,7.6
49,201.0,0.307,9.5
50,202.0,0.009,0.0
51,202.0,0.055,0.3
52,209.0,0.013,0.0
53,212.0,0.012,0.0
54,225.0,0.668,50.1
55,226.0,0.728,59.8
56,234.0,0.028,0.1
57,234.0,0.025,0.1
58,236.0,0.002,0.0
59,236.0,0.146,2.5
60,237.0,-0.179,3.8
61,241.0,-0.007,0.0
62,256.0,-0.0,0.0
63,258.0,-0.005,0.0
64,280.0,-0.15,3.1
65,280.0,-0.092,1.2
66,296.0,-0.45,29.9
67,295.0,-0.004,0.0
68,302.0,-0.002,0.0
69,297.0,-0.3,13.3
70,319.0,0.022,0.1
71,308.0,0.041,0.3
72,333.0,-0.239,9.5
73,333.0,-1.117,207.4
74,351.0,-0.062,0.7
75,342.0,-0.001,0.0
76,352.0,-0.095,1.6
77,358.0,-0.332,19.8
78,389.0,0.054,0.6
79,387.0,0.237,10.9
80,391.0,0.133,3.5
81,393.0,0.022,0.1
82,417.0,-0.001,0.0
83,417.0,-0.009,0.0
84,421.0,-0.226,10.8
85,425.0,-0.016,0.1
86,425.0,-0.006,0.0
87,431.0,-0.449,43.4
88,428.0,0.344,25.3
89,436.0,0.158,5.4
90,434.0,-0.008,0.0
91,442.0,-0.086,1.6
92,439.0,-0.004,0.0
93,445.0,-1.098,268.3
94,445.0,-0.068,1.0
95,449.0,-0.107,2.6
96,447.0,0.0,0.0
97,453.0,0.015,0.1
98,461.0,-0.192,8.5
99,454.0,-0.274,17.1
100,465.0,0.034,0.3
101,459.0,0.003,0.0
102,470.0,0.83,162.0
103,483.0,0.356,30.6
104,484.0,0.137,4.5
105,493.0,0.875,188.7
106,484.0,0.092,2.1
107,494.0,0.808,161.3
108,499.0,-0.001,0.0
109,501.0,-0.0,0.0
110,504.0,0.69,120.0
111,506.0,0.042,0.4
112,506.0,-0.007,0.0
113,516.0,-0.008,0.0
114,510.0,-0.12,3.7
115,534.0,-0.081,1.7
116,538.0,0.13,4.6
117,536.0,0.062,1.0
118,538.0,0.282,21.3
119,559.0,0.055,0.8
120,564.0,0.192,10.4
121,564.0,0.497,69.8
122,571.0,-0.001,0.0
123,579.0,-0.01,0.0
124,574.0,-0.01,0.0
125,585.0,-0.385,43.4
126,583.0,-0.162,7.7
127,593.0,-0.025,0.2
128,604.0,0.001,0.0
129,623.0,0.273,23.3
130,616.0,0.016,0.1
131,623.0,0.001,0.0
132,620.0,-0.198,12.2
133,625.0,-0.06,1.1
134,621.0,0.0,0.0
135,631.0,0.007,0.0
136,634.0,-0.001,0.0
137,663.0,-0.009,0.0
138,652.0,-0.0,0.0
139,667.0,-0.012,0.0
140,679.0,0.001,0.0
141,669.0,0.808,218.6
142,682.0,0.278,26.4
143,709.0,0.15,8.0
144,703.0,0.003,0.0
145,712.0,0.046,0.8
146,704.0,0.002,0.0
147,727.0,0.195,13.8
148,707.0,0.186,12.3
149,742.0,0.001,0.0
150,715.0,0.012,0.1
151,748.0,0.0,0.0
152,725.0,-0.264,25.2
153,755.0,-0.013,0.1
154,745.0,-0.001,0.0
155,760.0,-0.297,33.4
156,756.0,0.006,0.0
157,763.0,0.013,0.1
158,758.0,0.002,0.0
159,769.0,0.011,0.0
160,762.0,-0.275,28.8
161,786.0,-0.008,0.0
162,764.0,0.001,0.0
163,799.0,0.023,0.2
164,800.0,-0.029,0.3
165,803.0,-0.001,0.0
166,809.0,0.003,0.0
167,814.0,0.065,1.7
168,811.0,-0.05,1.0
169,816.0,-0.006,0.0
170,815.0,0.0,0.0
171,823.0,0.058,1.4
172,820.0,0.072,2.1
173,824.0,0.004,0.0
174,826.0,-0.049,1.0
175,830.0,-0.006,0.0
176,827.0,-0.001,0.0
177,833.0,-0.003,0.0
178,832.0,0.001,0.0
179,845.0,0.012,0.1
180,837.0,0.009,0.0
181,851.0,0.002,0.0
182,845.0,-0.004,0.0
183,852.0,-0.003,0.0
184,877.0,0.001,0.0
185,891.0,0.004,0.0
186,896.0,-0.291,37.9
187,896.0,-0.303,41.0
188,904.0,0.135,8.2
189,897.0,0.002,0.0
190,920.0,-0.021,0.2
191,918.0,-0.12,6.6
192,933.0,-0.057,1.5
193,943.0,-0.001,0.0
194,945.0,-0.001,0.0
195,947.0,-0.136,8.7
196,953.0,-0.248,29.3
197,954.0,-0.451,96.8
198,957.0,-0.001,0.0
199,956.0,-0.003,0.0
200,975.0,0.0,0.0
201,974.0,0.002,0.0
202,977.0,0.0,0.0
203,977.0,0.002,0.0
204,988.0,-0.0,0.0
205,978.0,-0.175,14.9
206,989.0,-0.0,0.0
207,986.0,-0.001,0.0
208,1000.0,-0.147,10.8
209,989.0,-0.001,0.0
210,1062.0,-0.01,0.1
211,1016.0,-0.145,10.7
212,1086.0,0.008,0.0
213,1068.0,0.098,5.1
214,1094.0,0.056,1.7
215,1077.0,0.312,52.3
216,1110.0,0.19,20.1
217,1095.0,0.17,15.9
218,1118.0,-0.005,0.0
219,1104.0,-0.042,1.0
220,1137.0,-0.01,0.1
221,1127.0,-0.586,193.2
222,1155.0,-0.0,0.0
223,1149.0,-0.022,0.3
224,1158.0,0.377,82.2
225,1155.0,0.0,0.0
226,1164.0,-0.215,26.8
227,1163.0,-0.066,2.5
228,1170.0,0.011,0.1
229,1166.0,0.038,0.8
230,1184.0,-0.135,10.8
231,1175.0,-0.01,0.1
232,1186.0,-0.052,1.6
233,1190.0,-0.039,0.9
234,1196.0,-0.019,0.2
235,1201.0,-0.014,0.1
236,1201.0,0.013,0.1
237,1215.0,0.019,0.2
238,1211.0,0.18,19.7
239,1219.0,0.284,49.0
240,1225.0,0.096,5.7
241,1228.0,0.08,4.0
242,1233.0,-0.026,0.4
243,1236.0,-0.031,0.6
244,1243.0,-0.004,0.0
245,1250.0,-0.021,0.3
246,1255.0,0.017,0.2
247,1269.0,0.004,0.0
248,1274.0,0.041,1.1
249,1281.0,0.731,342.1
250,1300.0,0.274,48.7
251,1287.0,0.003,0.0
252,1317.0,0.454,135.5
253,1297.0,0.201,26.3
254,1318.0,0.024,0.4
255,1323.0,0.223,33.0
256,1342.0,-0.793,421.7
257,1329.0,-0.001,0.0
258,1351.0,-0.022,0.3
259,1359.0,-0.115,8.9
260,1366.0,-0.026,0.5
261,1361.0,-0.002,0.0
262,1372.0,0.356,86.9
263,1362.0,0.059,2.4
264,1377.0,0.06,2.5
265,1370.0,0.259,46.0
266,1382.0,-0.001,0.0
267,1384.0,-0.0,0.0
268,1391.0,-0.25,43.5
269,1392.0,-0.025,0.4
270,1395.0,-0.464,150.3
271,1395.0,-0.004,0.0
272,1400.0,0.001,0.0
273,1398.0,0.001,0.0
274,1404.0,-0.034,0.8
275,1412.0,-0.022,0.3
276,1416.0,0.038,1.0
277,1424.0,0.135,12.9
278,1430.0,0.155,17.2
279,1428.0,0.052,1.9
280,1438.0,-0.238,40.6
281,1434.0,-0.011,0.1
282,1444.0,0.012,0.1
283,1437.0,0.197,27.8
284,1452.0,0.407,120.1
285,1457.0,0.088,5.7
286,1459.0,0.145,15.3
287,1470.0,0.008,0.1
288,1467.0,0.003,0.0
289,1483.0,0.019,0.3
290,1485.0,0.0,0.0
291,1483.0,0.044,1.5
292,1491.0,0.113,9.5
293,1484.0,0.0,0.0
294,1498.0,-0.031,0.7
295,1492.0,-0.486,176.0
296,1505.0,0.001,0.0
297,1496.0,0.02,0.3
298,1509.0,0.045,1.6
299,1506.0,0.001,0.0
300,1512.0,0.005,0.0
301,1524.0,0.014,0.1
302,1522.0,-0.013,0.1
303,1537.0,-0.222,37.9
304,1546.0,-0.077,4.6
305,1546.0,-0.009,0.1
306,1551.0,-0.335,87.0
307,1559.0,-0.223,38.9
308,1555.0,-0.157,19.2
309,1575.0,-0.152,18.3
310,1572.0,-0.01,0.1
311,1588.0,-0.002,0.0
312,1582.0,0.005,0.0
313,1598.0,0.008,0.1
314,1599.0,0.016,0.2
315,1615.0,0.0,0.0
316,1599.0,0.093,7.0
317,1620.0,0.015,0.2
318,1622.0,-0.008,0.1
319,1636.0,-0.178,25.8
320,1686.0,-0.001,0.0
321,1685.0,-0.002,0.0
322,1721.0,-0.004,0.0
323,1722.0,-0.12,12.3
324,1726.0,-0.114,11.1
325,1797.0,-0.182,29.7
326,1754.0,0.065,3.7
327,1813.0,0.093,7.8
328,2342.0,0.429,215.2
329,2278.0,0.45,230.7
330,3035.0,-0.0,0.0
331,3030.0,-0.0,0.0
332,3039.0,-0.007,0.1
333,3035.0,-0.008,0.1
334,3093.0,-0.0,0.0
335,3087.0,-0.0,0.0
336,3096.0,-0.006,0.1
337,3090.0,-0.006,0.1
338,3113.0,0.003,0.0
339,3110.0,0.004,0.0
340,3133.0,0.0,0.0
341,3132.0,0.0,0.0
342,3143.0,0.004,0.0
343,3142.0,0.004,0.0
344,3199.0,-0.003,0.0
345,3193.0,-0.003,0.0
346,3199.0,0.0,0.0
347,3194.0,0.001,0.0
348,3205.0,-0.001,0.0
349,3198.0,-0.003,0.0
350,3206.0,-0.004,0.0
351,3198.0,-0.003,0.0
352,3213.0,-0.01,0.2
353,3209.0,-0.003,0.0
354,3213.0,-0.004,0.0
355,3210.0,-0.004,0.0
356,3214.0,-0.003,0.0
357,3226.0,-0.001,0.0
358,3224.0,0.012,0.2
359,3226.0,0.002,0.0
360,3225.0,0.001,0.0
361,3229.0,0.012,0.2
362,3225.0,0.002,0.0
363,3239.0,0.006,0.1
