,Frequencies,Displacement,Reorg Energy
0,-0.0,-0.0,-0.0
1,-0.0,-0.0,-0.0
2,-0.0,-0.0,-0.0
3,-0.0,-0.0,-0.0
4,0.0,-0.0,0.0
5,-0.0,-0.0,-0.0
6,0.0,-0.0,0.0
7,0.0,-0.0,0.0
8,0.0,0.0,0.0
9,0.0,0.0,0.0
10,0.0,-0.0,0.0
11,0.0,-0.0,0.0
12,5.0,-18.579,845.4
13,7.0,-5.767,113.1
14,8.0,1.25,6.0
15,10.0,13.32,874.8
16,10.0,-1.995,20.3
17,16.0,-33.207,8922.8
18,24.0,-0.646,5.1
19,24.0,-18.332,4002.4
20,29.0,1.452,30.8
21,27.0,25.357,8541.8
22,40.0,0.722,10.3
23,39.0,6.293,767.4
24,49.0,-0.239,1.4
25,48.0,-11.384,3140.6
26,55.0,5.635,877.0
27,55.0,4.838,637.9
28,61.0,-0.971,28.9
29,60.0,-0.82,20.2
30,76.0,2.664,269.7
31,78.0,5.114,1018.9
32,89.0,-1.83,149.2
33,88.0,-0.873,33.6
34,99.0,-0.799,31.7
35,95.0,-1.484,104.6
36,107.0,0.245,3.2
37,105.0,0.308,5.0
38,116.0,2.518,368.2
39,112.0,1.391,108.2
40,120.0,0.518,16.1
41,117.0,0.728,31.1
42,143.0,0.144,1.5
43,160.0,0.243,4.7
44,168.0,4.297,1549.1
45,169.0,4.314,1573.2
46,174.0,0.09,0.7
47,178.0,6.697,3982.6
48,186.0,1.659,255.3
49,193.0,0.146,2.1
50,196.0,0.518,26.3
51,195.0,2.049,409.2
52,203.0,0.211,4.5
53,204.0,6.028,3710.3
54,209.0,1.848,356.5
55,208.0,1.433,213.3
56,219.0,2.683,788.8
57,214.0,0.871,81.2
58,233.0,-1.625,307.5
59,222.0,-1.343,200.6
60,236.0,-4.159,2036.8
61,234.0,-3.806,1696.0
62,236.0,-1.447,247.5
63,235.0,-2.828,940.8
64,241.0,-0.367,16.2
65,254.0,-0.815,84.4
66,256.0,-0.746,71.0
67,258.0,-0.282,10.3
68,280.0,-0.122,2.1
69,280.0,-1.445,292.8
70,293.0,5.152,3892.5
71,294.0,4.907,3540.8
72,301.0,-0.299,13.5
73,295.0,-0.654,63.0
74,321.0,-1.149,211.7
75,319.0,-0.748,89.3
76,331.0,0.327,17.7
77,332.0,1.638,445.1
78,350.0,-0.437,33.4
79,343.0,-0.483,40.0
80,371.0,-0.077,1.1
81,358.0,-0.329,19.3
82,386.0,-0.115,2.5
83,376.0,-0.393,29.0
84,393.0,0.543,58.0
85,392.0,0.13,3.3
86,396.0,1.705,575.3
87,397.0,1.395,386.8
88,417.0,-0.104,2.2
89,416.0,-0.226,10.6
90,421.0,-0.36,27.3
91,425.0,-1.961,816.9
92,427.0,0.647,89.4
93,434.0,2.05,911.5
94,433.0,2.514,1366.8
95,440.0,2.103,972.0
96,438.0,0.962,202.7
97,442.0,1.961,849.6
98,447.0,2.615,1527.2
99,445.0,0.116,3.0
100,451.0,0.189,8.1
101,452.0,0.485,53.2
102,457.0,-0.366,30.6
103,453.0,-2.738,1698.7
104,464.0,0.474,52.1
105,458.0,0.207,9.8
106,468.0,1.382,446.6
107,469.0,3.977,3713.2
108,472.0,-0.075,1.3
109,478.0,-1.034,255.5
110,478.0,1.423,484.3
111,493.0,0.112,3.1
112,486.0,0.777,146.7
113,502.0,0.435,47.3
114,502.0,-0.851,181.9
115,504.0,-1.366,469.8
116,503.0,0.364,33.3
117,515.0,0.332,28.3
118,506.0,0.037,0.4
119,522.0,0.504,66.5
120,525.0,0.223,13.0
121,523.0,0.629,103.5
122,537.0,-0.03,0.2
123,548.0,-0.58,92.1
124,548.0,-0.528,76.4
125,553.0,-0.851,200.1
126,563.0,-0.009,0.0
127,578.0,-0.189,10.3
128,574.0,0.021,0.1
129,582.0,1.433,597.4
130,577.0,-0.646,120.3
131,592.0,-0.758,170.0
132,581.0,-0.59,101.0
133,592.0,-2.78,2288.9
134,599.0,0.049,0.7
135,615.0,0.839,216.3
136,604.0,-0.071,1.5
137,623.0,-0.272,23.1
138,611.0,0.209,13.4
139,625.0,0.236,17.4
140,616.0,0.007,0.0
141,631.0,0.179,10.2
142,625.0,0.065,1.3
143,661.0,0.282,26.3
144,636.0,-0.136,5.9
145,665.0,-0.578,111.0
146,652.0,0.028,0.3
147,667.0,0.392,51.2
148,666.0,-0.175,10.2
149,686.0,-1.152,455.4
150,681.0,-0.068,1.6
151,707.0,-0.027,0.3
152,704.0,0.181,11.5
153,710.0,0.261,24.2
154,707.0,0.13,6.0
155,726.0,0.152,8.3
156,709.0,-0.006,0.0
157,744.0,-0.079,2.3
158,714.0,0.042,0.6
159,748.0,0.253,24.0
160,723.0,-0.191,13.2
161,753.0,-0.643,155.6
162,747.0,0.089,2.9
163,755.0,0.278,29.2
164,758.0,-0.265,26.6
165,762.0,-0.267,27.1
166,758.0,0.095,3.4
167,769.0,0.341,44.7
168,759.0,-0.121,5.5
169,781.0,-0.042,0.7
170,765.0,-0.161,9.9
171,787.0,-0.199,15.5
172,779.0,-0.082,2.6
173,797.0,-0.064,1.6
174,802.0,0.037,0.6
175,805.0,0.079,2.5
176,810.0,-0.065,1.7
177,816.0,-0.206,17.2
178,811.0,-0.053,1.1
179,822.0,-0.22,19.9
180,816.0,0.057,1.3
181,824.0,0.031,0.4
182,823.0,0.023,0.2
183,830.0,0.052,1.1
184,827.0,-0.029,0.3
185,833.0,-0.156,10.2
186,832.0,0.004,0.0
187,841.0,0.007,0.0
188,842.0,0.168,11.9
189,851.0,0.071,2.2
190,843.0,-0.024,0.2
191,855.0,-0.308,40.5
192,855.0,0.229,22.4
193,856.0,0.303,39.3
194,880.0,0.012,0.1
195,889.0,0.487,105.5
196,902.0,0.15,10.1
197,899.0,0.037,0.6
198,915.0,-0.16,11.6
199,910.0,-0.11,5.5
200,927.0,-0.127,7.5
201,930.0,-0.761,269.7
202,937.0,-0.06,1.7
203,940.0,-1.584,1179.3
204,945.0,-1.45,993.8
205,943.0,-1.487,1042.4
206,957.0,2.108,2124.9
207,956.0,2.051,2010.2
208,971.0,0.118,6.7
209,968.0,0.242,28.4
210,976.0,0.013,0.1
211,974.0,0.078,2.9
212,977.0,0.006,0.0
213,977.0,0.056,1.5
214,989.0,0.015,0.1
215,977.0,0.859,360.2
216,989.0,0.008,0.0
217,986.0,0.019,0.2
218,1053.0,0.531,148.6
219,989.0,0.016,0.1
220,1062.0,-0.009,0.0
221,1039.0,-0.149,11.5
222,1089.0,-0.289,45.3
223,1068.0,-0.302,48.7
224,1101.0,-0.07,2.7
225,1093.0,-0.457,114.2
226,1105.0,-0.234,30.3
227,1105.0,-0.049,1.3
228,1117.0,0.146,11.9
229,1118.0,0.521,151.7
230,1137.0,-0.18,18.4
231,1148.0,-0.313,56.1
232,1156.0,1.486,1275.4
233,1155.0,1.41,1147.7
234,1162.0,-0.009,0.0
235,1166.0,-0.256,38.2
236,1170.0,-0.319,59.4
237,1169.0,-0.19,21.1
238,1175.0,0.093,5.0
239,1175.0,0.433,110.2
240,1186.0,1.344,1071.9
241,1178.0,0.703,291.2
242,1197.0,0.996,593.7
243,1190.0,1.351,1085.3
244,1201.0,-0.71,302.5
245,1201.0,-0.849,432.9
246,1203.0,-0.043,1.1
247,1214.0,-0.293,52.0
248,1214.0,0.228,31.5
249,1223.0,0.057,2.0
250,1225.0,-0.442,119.6
251,1228.0,-0.828,420.4
252,1233.0,0.925,527.2
253,1236.0,0.595,218.6
254,1244.0,0.142,12.5
255,1250.0,0.168,17.7
256,1269.0,-0.143,13.0
257,1272.0,-0.481,147.1
258,1288.0,0.539,186.7
259,1282.0,0.152,14.9
260,1303.0,0.125,10.2
261,1295.0,0.12,9.3
262,1321.0,-0.045,1.4
263,1304.0,-0.049,1.5
264,1325.0,-0.064,2.8
265,1324.0,-0.038,1.0
266,1344.0,-0.319,68.5
267,1326.0,-0.389,100.4
268,1352.0,-0.097,6.4
269,1360.0,-0.034,0.8
270,1366.0,0.082,4.6
271,1361.0,0.105,7.6
272,1372.0,-0.629,271.5
273,1369.0,-0.024,0.4
274,1379.0,-0.352,85.5
275,1384.0,-5.257,19129.0
276,1382.0,5.858,23709.6
277,1386.0,0.298,61.5
278,1391.0,0.021,0.3
279,1393.0,0.084,4.9
280,1400.0,-1.996,2788.6
281,1395.0,-0.06,2.5
282,1406.0,0.064,2.9
283,1398.0,3.365,7913.1
284,1414.0,-0.394,109.9
285,1412.0,-0.2,28.2
286,1416.0,-0.093,6.1
287,1421.0,-0.044,1.4
288,1430.0,0.742,393.7
289,1424.0,0.465,153.8
290,1438.0,-0.464,154.9
291,1436.0,-0.901,583.2
292,1444.0,-0.048,1.6
293,1453.0,-0.083,5.1
294,1451.0,0.291,61.3
295,1457.0,0.131,12.5
296,1459.0,-0.308,69.0
297,1469.0,-0.006,0.0
298,1471.0,-0.031,0.7
299,1481.0,-0.021,0.3
300,1485.0,-1.114,921.7
301,1482.0,-0.278,57.4
302,1491.0,0.026,0.5
303,1484.0,1.179,1032.0
304,1498.0,-0.118,10.3
305,1484.0,-0.132,12.8
306,1505.0,-0.275,57.1
307,1496.0,-0.064,3.0
308,1508.0,-0.132,13.2
309,1506.0,-0.233,40.9
310,1513.0,-0.02,0.3
311,1524.0,-0.209,33.4
312,1522.0,0.197,29.6
313,1544.0,0.013,0.1
314,1546.0,-0.355,97.4
315,1555.0,-0.431,144.5
316,1547.0,0.343,90.9
317,1562.0,0.254,50.4
318,1555.0,0.177,24.5
319,1575.0,0.084,5.5
320,1575.0,-0.032,0.8
321,1588.0,-0.018,0.3
322,1594.0,-0.012,0.1
323,1593.0,-0.07,3.9
324,1599.0,-0.097,7.5
325,1615.0,-0.026,0.6
326,1610.0,-0.032,0.8
327,1620.0,-0.023,0.4
328,1622.0,-0.01,0.1
329,1635.0,-0.18,26.5
330,1687.0,0.083,5.8
331,1684.0,0.1,8.4
332,1726.0,0.156,21.1
333,1721.0,0.066,3.7
334,1733.0,-0.008,0.1
335,1801.0,-0.219,43.1
336,1761.0,0.008,0.1
337,1803.0,0.381,130.8
338,2244.0,0.188,39.8
339,2179.0,0.106,12.2
340,2324.0,0.456,241.2
341,2264.0,0.537,326.1
342,3035.0,-0.022,0.7
343,3030.0,-0.015,0.3
344,3039.0,-0.002,0.0
345,3034.0,-0.017,0.4
346,3093.0,-0.006,0.1
347,3087.0,-0.016,0.4
348,3096.0,0.015,0.3
349,3090.0,0.001,0.0
350,3113.0,0.006,0.1
351,3109.0,0.004,0.0
352,3133.0,-0.18,50.8
353,3132.0,-0.184,52.9
354,3143.0,-0.0,0.0
355,3142.0,-0.003,0.0
356,3199.0,0.003,0.0
357,3193.0,0.002,0.0
358,3199.0,0.0,0.0
359,3194.0,0.003,0.0
360,3205.0,0.001,0.0
361,3198.0,0.0,0.0
362,3206.0,-0.003,0.0
363,3198.0,-0.005,0.0
364,3214.0,-0.003,0.0
365,3209.0,-0.005,0.0
366,3214.0,0.003,0.0
367,3209.0,0.003,0.0
368,3215.0,0.009,0.1
369,3226.0,0.001,0.0
370,3224.0,0.009,0.1
371,3226.0,0.004,0.0
372,3225.0,0.0,0.0
373,3228.0,0.012,0.2
374,3226.0,0.001,0.0
375,3236.0,0.005,0.0
