,Frequencies,Displacement,Reorg Energy
0,-0.0,-0.0,-0.0
1,-0.0,-0.0,-0.0
2,-0.0,-0.0,-0.0
3,-0.0,-0.0,-0.0
4,-0.0,0.0,-0.0
5,-0.0,0.0,-0.0
6,-0.0,0.0,-0.0
7,-0.0,0.0,-0.0
8,0.0,0.0,0.0
9,0.0,0.0,0.0
10,0.0,0.0,0.0
11,0.0,0.0,0.0
12,8.0,-0.039,0.0
13,10.0,-0.041,0.0
14,19.0,-0.007,0.0
15,15.0,-0.01,0.0
16,27.0,0.025,0.0
17,28.0,0.069,0.1
18,29.0,-1.304,24.5
19,28.0,-1.282,23.3
20,29.0,-0.178,0.5
21,31.0,-0.021,0.0
22,49.0,0.003,0.0
23,49.0,0.004,0.0
24,56.0,-0.001,0.0
25,55.0,-0.002,0.0
26,64.0,0.003,0.0
27,65.0,0.004,0.0
28,77.0,-0.002,0.0
29,75.0,-0.002,0.0
30,89.0,0.007,0.0
31,89.0,0.007,0.0
32,95.0,-0.744,26.2
33,92.0,-0.67,20.6
34,101.0,-0.003,0.0
35,101.0,-0.003,0.0
36,122.0,-1.246,94.6
37,119.0,-1.235,90.9
38,145.0,0.008,0.0
39,144.0,0.004,0.0
40,165.0,-0.429,15.2
41,162.0,-0.462,17.3
42,169.0,0.005,0.0
43,168.0,0.003,0.0
44,178.0,0.003,0.0
45,169.0,0.003,0.0
46,195.0,-0.001,0.0
47,183.0,-0.002,0.0
48,202.0,0.0,0.0
49,190.0,0.002,0.0
50,212.0,-0.329,11.4
51,201.0,-0.0,0.0
52,213.0,0.009,0.0
53,208.0,0.268,7.4
54,229.0,-0.547,34.3
55,210.0,-0.002,0.0
56,235.0,-0.021,0.1
57,227.0,-0.589,39.3
58,236.0,0.062,0.4
59,235.0,0.021,0.1
60,237.0,0.032,0.1
61,237.0,0.077,0.7
62,258.0,0.001,0.0
63,256.0,0.001,0.0
64,290.0,0.089,1.1
65,288.0,0.0,0.0
66,296.0,0.017,0.0
67,289.0,0.073,0.8
68,297.0,-0.33,16.2
69,296.0,-0.363,19.5
70,314.0,0.0,0.0
71,302.0,0.002,0.0
72,333.0,0.002,0.0
73,325.0,0.002,0.0
74,355.0,0.098,1.7
75,348.0,0.095,1.6
76,357.0,0.002,0.0
77,372.0,0.307,17.5
78,380.0,0.34,22.0
79,385.0,0.0,0.0
80,396.0,-0.106,2.2
81,391.0,-0.07,1.0
82,404.0,0.141,4.0
83,402.0,0.238,11.4
84,418.0,0.001,0.0
85,417.0,0.0,0.0
86,433.0,0.494,52.8
87,428.0,0.649,90.2
88,436.0,0.058,0.7
89,433.0,0.186,7.5
90,443.0,0.136,4.1
91,440.0,0.115,2.9
92,451.0,-0.172,6.6
93,442.0,-0.255,14.4
94,453.0,-0.002,0.0
95,447.0,-0.0,0.0
96,456.0,0.785,140.6
97,459.0,0.228,12.0
98,459.0,0.489,54.8
99,466.0,0.238,13.2
100,464.0,0.001,0.0
101,471.0,0.0,0.0
102,473.0,-0.275,17.9
103,478.0,-0.444,47.2
104,485.0,0.191,8.8
105,484.0,0.003,0.0
106,497.0,-0.359,31.9
107,485.0,-0.225,12.2
108,501.0,0.001,0.0
109,498.0,0.003,0.0
110,513.0,-0.001,0.0
111,506.0,-0.0,0.0
112,516.0,0.001,0.0
113,509.0,0.637,103.4
114,534.0,-0.124,4.1
115,538.0,-0.301,24.3
116,557.0,-0.255,18.1
117,549.0,-0.002,0.0
118,564.0,-0.001,0.0
119,556.0,-0.303,25.5
120,579.0,0.022,0.1
121,574.0,0.001,0.0
122,584.0,-0.211,13.0
123,575.0,-0.012,0.0
124,591.0,-0.001,0.0
125,580.0,-0.168,8.2
126,620.0,0.236,17.3
127,604.0,0.002,0.0
128,624.0,-0.001,0.0
129,615.0,-0.181,10.0
130,626.0,-0.124,4.8
131,618.0,-0.222,15.2
132,629.0,-0.0,0.0
133,620.0,-0.0,0.0
134,647.0,-0.188,11.5
135,632.0,-0.002,0.0
136,661.0,-0.002,0.0
137,652.0,-0.0,0.0
138,669.0,0.001,0.0
139,666.0,0.271,24.5
140,685.0,0.323,35.8
141,675.0,0.0,0.0
142,713.0,-0.142,7.2
143,683.0,-0.256,22.3
144,720.0,-0.16,9.2
145,700.0,-0.001,0.0
146,730.0,-0.269,26.4
147,700.0,-0.001,0.0
148,736.0,-0.0,0.0
149,710.0,-0.188,12.5
150,748.0,0.0,0.0
151,720.0,0.082,2.4
152,758.0,0.001,0.0
153,729.0,0.382,53.3
154,762.0,-0.174,11.5
155,743.0,-0.005,0.0
156,765.0,0.006,0.0
157,749.0,0.005,0.0
158,772.0,0.002,0.0
159,757.0,0.001,0.0
160,786.0,0.001,0.0
161,763.0,0.0,0.0
162,802.0,0.03,0.4
163,767.0,0.133,6.8
164,809.0,0.049,1.0
165,801.0,0.045,0.8
166,816.0,0.0,0.0
167,807.0,0.002,0.0
168,823.0,0.049,1.0
169,811.0,0.038,0.6
170,823.0,0.023,0.2
171,815.0,0.0,0.0
172,829.0,0.002,0.0
173,822.0,0.001,0.0
174,834.0,0.002,0.0
175,822.0,0.06,1.5
176,835.0,0.131,7.2
177,826.0,0.001,0.0
178,835.0,0.015,0.1
179,832.0,0.001,0.0
180,847.0,0.008,0.0
181,842.0,0.108,4.9
182,847.0,0.103,4.5
183,848.0,0.159,10.7
184,895.0,0.0,0.0
185,875.0,0.0,0.0
186,900.0,0.076,2.6
187,881.0,0.001,0.0
188,915.0,0.062,1.7
189,897.0,0.073,2.4
190,920.0,-0.001,0.0
191,919.0,-0.058,1.5
192,922.0,-0.042,0.8
193,925.0,-0.012,0.1
194,944.0,-0.0,0.0
195,933.0,-0.085,3.4
196,952.0,0.166,13.1
197,945.0,0.0,0.0
198,956.0,-0.0,0.0
199,957.0,-0.0,0.0
200,970.0,-0.112,6.1
201,963.0,-0.106,5.4
202,974.0,0.0,0.0
203,975.0,0.0,0.0
204,977.0,-0.0,0.0
205,976.0,-0.0,0.0
206,983.0,0.09,4.0
207,988.0,0.0,0.0
208,987.0,0.0,0.0
209,989.0,0.0,0.0
210,990.0,0.0,0.0
211,999.0,0.0,0.0
212,1019.0,0.0,0.0
213,1027.0,0.051,1.4
214,1051.0,-0.279,40.9
215,1063.0,-0.002,0.0
216,1070.0,-0.085,3.9
217,1086.0,-0.013,0.1
218,1094.0,-0.085,4.0
219,1100.0,-0.051,1.4
220,1102.0,-0.071,2.8
221,1106.0,-0.117,7.5
222,1125.0,0.399,89.4
223,1133.0,0.241,32.8
224,1150.0,-0.026,0.4
225,1137.0,-0.067,2.6
226,1155.0,0.001,0.0
227,1155.0,0.0,0.0
228,1155.0,-0.269,41.8
229,1161.0,-0.171,17.0
230,1165.0,-0.045,1.2
231,1162.0,-0.05,1.4
232,1175.0,0.015,0.1
233,1170.0,0.035,0.7
234,1190.0,0.032,0.6
235,1186.0,0.002,0.0
236,1201.0,0.024,0.3
237,1196.0,0.023,0.3
238,1214.0,-0.306,56.7
239,1198.0,-0.041,1.0
240,1215.0,-0.121,8.9
241,1210.0,-0.186,20.9
242,1220.0,0.204,25.3
243,1224.0,0.104,6.7
244,1228.0,-0.051,1.6
245,1232.0,-0.044,1.2
246,1236.0,0.026,0.4
247,1239.0,0.335,69.5
248,1250.0,-0.021,0.3
249,1241.0,-0.082,4.1
250,1260.0,0.327,67.4
251,1246.0,0.173,18.7
252,1278.0,-0.518,171.7
253,1255.0,-0.02,0.3
254,1293.0,-0.139,12.4
255,1298.0,-0.378,92.6
256,1299.0,0.058,2.2
257,1306.0,0.253,41.6
258,1301.0,0.061,2.4
259,1316.0,0.157,16.2
260,1325.0,-0.335,74.4
261,1319.0,-0.032,0.7
262,1340.0,0.115,8.9
263,1347.0,0.518,181.1
264,1348.0,0.15,15.1
265,1352.0,0.179,21.7
266,1363.0,0.069,3.2
267,1361.0,0.249,42.2
268,1363.0,-0.043,1.2
269,1367.0,-0.056,2.1
270,1372.0,0.186,23.6
271,1375.0,0.066,3.0
272,1383.0,0.559,216.4
273,1379.0,0.686,324.1
274,1384.0,0.001,0.0
275,1382.0,0.002,0.0
276,1393.0,0.058,2.4
277,1392.0,0.01,0.1
278,1398.0,0.023,0.4
279,1400.0,0.246,42.5
280,1398.0,-0.001,0.0
281,1400.0,-0.489,167.3
282,1412.0,0.027,0.5
283,1405.0,0.042,1.2
284,1425.0,0.011,0.1
285,1416.0,0.064,2.9
286,1427.0,-0.151,16.2
287,1431.0,-0.097,6.7
288,1440.0,-0.241,41.8
289,1439.0,-0.245,43.1
290,1445.0,-0.048,1.7
291,1447.0,-0.001,0.0
292,1455.0,-0.066,3.2
293,1456.0,-0.276,55.4
294,1462.0,-0.153,17.0
295,1462.0,-0.086,5.5
296,1475.0,-0.027,0.6
297,1467.0,-0.042,1.3
298,1484.0,0.052,2.0
299,1485.0,0.0,0.0
300,1484.0,-0.0,0.0
301,1494.0,-0.127,12.1
302,1486.0,0.049,1.8
303,1498.0,0.053,2.1
304,1496.0,0.025,0.5
305,1504.0,0.146,16.1
306,1507.0,-0.0,0.0
307,1505.0,-0.0,0.0
308,1510.0,-0.47,166.5
309,1510.0,-0.052,2.0
310,1524.0,-0.012,0.1
311,1523.0,-0.014,0.1
312,1548.0,-0.127,12.5
313,1542.0,-0.344,91.2
314,1558.0,-0.234,42.5
315,1546.0,-0.009,0.1
316,1575.0,-0.185,26.9
317,1556.0,-0.173,23.4
318,1589.0,0.054,2.3
319,1572.0,0.037,1.1
320,1603.0,0.403,130.0
321,1584.0,0.048,1.8
322,1614.0,0.188,28.7
323,1600.0,0.01,0.1
324,1616.0,-0.123,12.3
325,1601.0,-0.092,6.8
326,1623.0,-0.145,17.2
327,1621.0,-0.005,0.0
328,1638.0,-0.241,47.6
329,1671.0,-0.476,189.2
330,1685.0,0.002,0.0
331,1686.0,0.004,0.0
332,1722.0,0.104,9.4
333,1691.0,0.007,0.0
334,1787.0,0.399,142.1
335,1725.0,0.1,8.7
336,1827.0,-0.036,1.2
337,1734.0,-0.024,0.5
338,3030.0,-0.0,0.0
339,3034.0,-0.0,0.0
340,3035.0,-0.008,0.1
341,3038.0,-0.007,0.1
342,3087.0,0.0,0.0
343,3092.0,0.0,0.0
344,3090.0,0.006,0.1
345,3096.0,0.006,0.0
346,3110.0,-0.004,0.0
347,3112.0,-0.003,0.0
348,3132.0,0.0,0.0
349,3133.0,0.0,0.0
350,3142.0,0.004,0.0
351,3143.0,0.004,0.0
352,3153.0,-0.044,3.0
353,3198.0,-0.003,0.0
354,3193.0,-0.003,0.0
355,3199.0,-0.002,0.0
356,3194.0,0.002,0.0
357,3206.0,0.002,0.0
358,3199.0,0.004,0.0
359,3206.0,0.004,0.0
360,3200.0,-0.004,0.0
361,3210.0,-0.018,0.5
362,3209.0,0.003,0.0
363,3213.0,0.006,0.1
364,3209.0,-0.004,0.0
365,3213.0,-0.039,2.5
366,3225.0,0.001,0.0
367,3214.0,0.008,0.1
368,3225.0,-0.002,0.0
369,3214.0,-0.001,0.0
370,3228.0,-0.014,0.3
371,3224.0,-0.001,0.0
372,3228.0,0.01,0.2
373,3224.0,0.002,0.0
374,3242.0,0.002,0.0
375,3238.0,0.011,0.2
