,Frequencies,Displacement,Reorg Energy
0,-0.0,0.0,-0.0
1,-0.0,0.0,-0.0
2,-0.0,-0.0,-0.0
3,-0.0,-0.0,-0.0
4,-0.0,0.0,-0.0
5,-0.0,0.0,-0.0
6,0.0,-0.0,0.0
7,0.0,-0.0,0.0
8,0.0,-0.0,0.0
9,0.0,-0.0,0.0
10,0.0,-0.0,0.0
11,0.0,-0.0,0.0
12,7.0,-5.531,102.1
13,6.0,-0.674,1.5
14,8.0,13.155,709.7
15,10.0,2.312,25.5
16,9.0,-1.346,8.5
17,13.0,-14.351,1383.9
18,22.0,-1.619,29.1
19,24.0,-4.619,257.5
20,29.0,-0.023,0.0
21,26.0,-0.869,10.0
22,31.0,-6.591,683.5
23,34.0,-4.443,339.9
24,34.0,5.525,523.4
25,42.0,17.893,6658.4
26,46.0,0.128,0.4
27,45.0,0.528,6.2
28,55.0,0.403,4.4
29,57.0,1.257,45.4
30,59.0,-0.092,0.3
31,64.0,-0.384,4.7
32,72.0,-0.308,3.4
33,78.0,-6.113,1454.1
34,76.0,0.143,0.8
35,79.0,1.263,63.1
36,80.0,-0.293,3.4
37,89.0,-6.144,1678.1
38,89.0,2.468,272.2
39,91.0,0.874,34.7
40,90.0,-0.898,36.2
41,99.0,-3.633,652.1
42,91.0,0.126,0.7
43,103.0,15.04,11617.0
44,102.0,0.018,0.0
45,108.0,1.263,86.3
46,121.0,0.04,0.1
47,120.0,0.072,0.3
48,131.0,-0.058,0.2
49,149.0,-0.114,1.0
50,168.0,-0.022,0.0
51,169.0,-0.089,0.7
52,176.0,-0.104,0.9
53,171.0,-0.137,1.6
54,185.0,-0.094,0.8
55,192.0,-0.11,1.2
56,188.0,0.518,25.3
57,197.0,0.023,0.1
58,200.0,-0.38,14.4
59,199.0,-0.356,12.6
60,202.0,-0.123,1.5
61,202.0,-0.064,0.4
62,204.0,0.261,7.0
63,211.0,0.143,2.2
64,214.0,0.112,1.3
65,218.0,0.06,0.4
66,222.0,0.096,1.0
67,234.0,0.309,11.1
68,235.0,0.019,0.0
69,235.0,0.053,0.3
70,236.0,-0.008,0.0
71,241.0,-0.055,0.4
72,255.0,0.313,12.5
73,261.0,3.098,1251.4
74,257.0,-0.034,0.1
75,264.0,-0.473,29.5
76,277.0,0.074,0.8
77,283.0,0.503,35.7
78,295.0,-0.17,4.3
79,292.0,-0.199,5.8
80,301.0,0.731,80.6
81,300.0,0.015,0.0
82,302.0,0.101,1.6
83,306.0,2.452,919.8
84,313.0,-0.168,4.4
85,313.0,-1.902,566.3
86,325.0,-0.012,0.0
87,342.0,-0.147,3.7
88,352.0,0.039,0.3
89,359.0,0.168,5.1
90,380.0,0.097,1.8
91,369.0,0.21,8.1
92,390.0,-0.264,13.6
93,383.0,-0.451,39.0
94,393.0,0.755,111.8
95,394.0,0.945,176.0
96,401.0,0.553,61.2
97,395.0,0.209,8.6
98,411.0,-0.586,70.5
99,398.0,-2.13,902.9
100,416.0,-0.304,19.2
101,409.0,-1.407,405.1
102,417.0,0.016,0.1
103,418.0,0.29,17.5
104,423.0,-0.024,0.1
105,419.0,-3.271,2243.4
106,432.0,0.339,24.9
107,431.0,0.4,34.5
108,436.0,0.05,0.5
109,436.0,0.301,19.7
110,439.0,0.142,4.4
111,443.0,0.088,1.7
112,442.0,0.109,2.6
113,446.0,0.087,1.7
114,447.0,-0.024,0.1
115,454.0,-0.03,0.2
116,452.0,0.086,1.7
117,457.0,0.672,103.1
118,460.0,0.445,45.7
119,462.0,0.043,0.4
120,469.0,0.035,0.3
121,468.0,0.908,192.9
122,476.0,-0.023,0.1
123,472.0,-0.092,2.0
124,480.0,-0.16,6.1
125,476.0,-0.719,123.1
126,486.0,-0.01,0.0
127,501.0,-0.656,107.7
128,501.0,-0.018,0.1
129,504.0,-0.02,0.1
130,506.0,-0.161,6.6
131,506.0,-0.083,1.7
132,506.0,0.021,0.1
133,514.0,0.021,0.1
134,520.0,-0.094,2.3
135,516.0,-0.275,19.4
136,531.0,0.082,1.8
137,517.0,0.079,1.6
138,547.0,0.161,7.1
139,544.0,0.224,13.6
140,558.0,-0.052,0.7
141,552.0,-0.048,0.6
142,573.0,0.001,0.0
143,572.0,0.046,0.6
144,574.0,-0.019,0.1
145,580.0,-0.006,0.0
146,579.0,0.122,4.3
147,582.0,0.158,7.2
148,582.0,-0.07,1.4
149,592.0,-0.002,0.0
150,598.0,-0.229,15.7
151,601.0,-0.371,41.3
152,605.0,0.033,0.3
153,624.0,0.033,0.3
154,616.0,-0.012,0.0
155,625.0,-0.009,0.0
156,622.0,-0.059,1.1
157,627.0,-0.046,0.7
158,635.0,0.008,0.0
159,628.0,0.012,0.0
160,638.0,-0.075,1.8
161,643.0,-0.006,0.0
162,649.0,-0.147,7.0
163,649.0,-0.022,0.2
164,653.0,0.018,0.1
165,658.0,0.004,0.0
166,658.0,0.092,2.8
167,667.0,0.038,0.5
168,678.0,0.012,0.1
169,677.0,0.226,17.3
170,681.0,-0.316,34.0
171,710.0,-0.117,4.9
172,701.0,-0.031,0.3
173,714.0,-0.034,0.4
174,706.0,-0.045,0.7
175,728.0,-0.159,9.2
176,706.0,0.104,3.8
177,732.0,0.021,0.2
178,710.0,-0.016,0.1
179,745.0,-0.022,0.2
180,724.0,0.172,10.7
181,748.0,0.041,0.6
182,741.0,0.035,0.4
183,748.0,0.002,0.0
184,751.0,-0.131,6.5
185,751.0,-0.007,0.0
186,753.0,-0.042,0.7
187,758.0,-0.111,4.6
188,759.0,-0.01,0.0
189,764.0,-0.016,0.1
190,760.0,0.014,0.1
191,765.0,0.097,3.6
192,761.0,-0.008,0.0
193,769.0,-0.124,5.9
194,765.0,0.201,15.5
195,785.0,0.002,0.0
196,771.0,0.009,0.0
197,803.0,0.012,0.1
198,800.0,0.024,0.2
199,809.0,0.01,0.0
200,808.0,-0.056,1.3
201,813.0,-0.009,0.0
202,812.0,0.012,0.1
203,814.0,0.07,2.0
204,815.0,-0.0,0.0
205,816.0,-0.017,0.1
206,820.0,-0.221,20.0
207,817.0,-0.081,2.7
208,823.0,0.032,0.4
209,821.0,0.071,2.1
210,828.0,-0.001,0.0
211,823.0,-0.057,1.3
212,831.0,0.052,1.1
213,824.0,0.058,1.4
214,832.0,0.013,0.1
215,830.0,0.056,1.3
216,838.0,-0.225,21.2
217,835.0,-0.023,0.2
218,839.0,0.284,33.9
219,839.0,0.085,3.1
220,844.0,-0.027,0.3
221,843.0,-0.025,0.3
222,847.0,0.162,11.1
223,846.0,0.095,3.8
224,861.0,-0.458,90.3
225,863.0,-0.081,2.8
226,869.0,0.039,0.6
227,871.0,0.015,0.1
228,876.0,0.004,0.0
229,898.0,0.066,1.9
230,900.0,0.204,18.8
231,901.0,0.013,0.1
232,906.0,0.101,4.7
233,908.0,0.042,0.8
234,924.0,0.14,9.1
235,931.0,0.108,5.4
236,934.0,-0.043,0.9
237,943.0,-0.005,0.0
238,945.0,-0.0,0.0
239,955.0,-0.003,0.0
240,957.0,-0.001,0.0
241,966.0,-0.011,0.1
242,967.0,-0.002,0.0
243,970.0,-0.043,0.9
244,973.0,-0.162,12.8
245,973.0,-0.005,0.0
246,974.0,-0.002,0.0
247,974.0,-0.047,1.1
248,975.0,0.094,4.3
249,974.0,0.014,0.1
250,976.0,0.001,0.0
251,978.0,0.231,26.1
252,978.0,0.046,1.0
253,982.0,0.028,0.4
254,979.0,-0.007,0.0
255,985.0,-0.001,0.0
256,983.0,0.189,17.5
257,987.0,0.026,0.3
258,988.0,0.003,0.0
259,990.0,0.012,0.1
260,988.0,-0.002,0.0
261,994.0,-0.042,0.9
262,1022.0,0.153,12.0
263,1010.0,0.13,8.5
264,1036.0,-0.082,3.5
265,1025.0,-0.382,74.8
266,1051.0,0.009,0.0
267,1037.0,0.6,187.0
268,1061.0,-0.025,0.3
269,1066.0,-0.025,0.3
270,1084.0,0.142,10.9
271,1082.0,0.115,7.2
272,1095.0,-0.016,0.1
273,1084.0,-0.0,0.0
274,1109.0,0.076,3.2
275,1093.0,0.055,1.7
276,1134.0,0.0,0.0
277,1107.0,0.056,1.7
278,1136.0,-0.008,0.0
279,1145.0,-0.003,0.0
280,1141.0,-0.041,0.9
281,1146.0,-0.181,18.7
282,1156.0,0.001,0.0
283,1155.0,0.003,0.0
284,1158.0,0.147,12.5
285,1158.0,0.279,44.9
286,1164.0,0.026,0.4
287,1161.0,0.034,0.7
288,1165.0,0.143,11.9
289,1164.0,0.042,1.0
290,1175.0,0.001,0.0
291,1174.0,0.039,0.9
292,1179.0,0.06,2.1
293,1186.0,0.153,13.9
294,1186.0,0.006,0.0
295,1187.0,0.121,8.7
296,1196.0,-0.007,0.0
297,1196.0,-1.075,690.5
298,1204.0,-0.044,1.2
299,1198.0,-0.109,7.1
300,1204.0,0.0,0.0
301,1203.0,0.025,0.4
302,1210.0,-0.056,1.9
303,1217.0,-0.866,456.6
304,1214.0,-0.249,37.5
305,1226.0,-0.054,1.8
306,1224.0,-0.086,4.5
307,1231.0,-0.431,114.3
308,1233.0,0.027,0.5
309,1235.0,0.043,1.2
310,1242.0,0.0,0.0
311,1245.0,0.024,0.4
312,1246.0,-0.093,5.4
313,1247.0,-0.486,147.0
314,1252.0,-0.004,0.0
315,1258.0,-0.003,0.0
316,1263.0,0.129,10.6
317,1279.0,0.16,16.3
318,1292.0,-0.022,0.3
319,1298.0,-0.128,10.7
320,1299.0,0.171,19.0
321,1301.0,0.823,441.1
322,1307.0,-0.131,11.2
323,1303.0,-0.603,236.7
324,1316.0,-0.004,0.0
325,1315.0,-0.029,0.6
326,1317.0,0.104,7.1
327,1321.0,0.184,22.4
328,1318.0,-0.017,0.2
329,1337.0,-0.445,132.5
330,1334.0,-0.026,0.5
331,1337.0,-0.116,9.0
332,1340.0,-0.038,1.0
333,1347.0,-0.02,0.3
334,1350.0,-0.128,11.0
335,1351.0,-0.07,3.3
336,1358.0,-0.087,5.2
337,1358.0,-0.001,0.0
338,1362.0,-0.294,58.8
339,1361.0,-0.342,79.7
340,1366.0,0.013,0.1
341,1364.0,0.327,72.8
342,1379.0,0.115,9.1
343,1372.0,0.39,104.5
344,1380.0,-0.381,100.2
345,1384.0,-0.001,0.0
346,1382.0,-0.001,0.0
347,1392.0,-0.007,0.0
348,1392.0,0.06,2.5
349,1393.0,0.059,2.4
350,1400.0,0.0,0.0
351,1397.0,0.002,0.0
352,1404.0,-0.006,0.0
353,1410.0,-0.021,0.3
354,1416.0,-0.043,1.3
355,1423.0,-0.018,0.2
356,1429.0,-0.006,0.0
357,1424.0,-0.182,23.6
358,1430.0,0.064,2.9
359,1437.0,0.296,62.9
360,1439.0,-0.143,14.6
361,1440.0,-0.089,5.7
362,1444.0,0.013,0.1
363,1450.0,0.08,4.7
364,1449.0,0.08,4.6
365,1451.0,0.006,0.0
366,1458.0,-0.337,82.6
367,1462.0,-0.176,22.7
368,1461.0,-0.044,1.4
369,1470.0,-0.008,0.1
370,1466.0,0.002,0.0
371,1475.0,0.004,0.0
372,1485.0,-0.0,0.0
373,1483.0,-0.111,9.1
374,1492.0,-0.054,2.2
375,1483.0,-0.083,5.1
376,1498.0,0.03,0.7
377,1484.0,0.003,0.0
378,1504.0,0.19,27.1
379,1490.0,0.379,107.1
380,1505.0,-0.002,0.0
381,1495.0,-0.004,0.0
382,1511.0,-0.002,0.0
383,1507.0,-0.001,0.0
384,1522.0,-0.014,0.1
385,1524.0,-0.003,0.0
386,1527.0,0.185,26.1
387,1527.0,0.113,9.8
388,1544.0,-0.15,17.5
389,1533.0,-0.018,0.3
390,1547.0,0.078,4.7
391,1534.0,0.026,0.5
392,1555.0,-0.221,37.8
393,1551.0,-0.106,8.8
394,1562.0,0.266,55.2
395,1561.0,0.281,61.4
396,1570.0,0.0,0.0
397,1573.0,0.209,34.2
398,1581.0,0.009,0.1
399,1578.0,0.002,0.0
400,1586.0,0.097,7.5
401,1579.0,0.001,0.0
402,1599.0,0.005,0.0
403,1592.0,0.003,0.0
404,1600.0,0.055,2.4
405,1612.0,0.008,0.1
406,1616.0,0.01,0.1
407,1619.0,0.277,62.0
408,1623.0,-0.016,0.2
409,1621.0,-0.633,325.1
410,1645.0,-0.322,85.5
411,1630.0,-0.075,4.5
412,1652.0,-0.138,15.8
413,1639.0,-0.086,6.1
414,1685.0,-0.002,0.0
415,1678.0,-0.004,0.0
416,1705.0,-0.0,0.0
417,1694.0,-0.001,0.0
418,1725.0,0.121,12.6
419,1713.0,0.07,4.2
420,1741.0,-0.158,21.8
421,1733.0,-0.687,408.5
422,3034.0,-0.0,0.0
423,3027.0,-0.0,0.0
424,3038.0,-0.01,0.2
425,3032.0,-0.006,0.1
426,3092.0,0.0,0.0
427,3085.0,0.0,0.0
428,3095.0,-0.008,0.1
429,3088.0,-0.005,0.0
430,3112.0,0.004,0.0
431,3108.0,0.003,0.0
432,3132.0,-0.0,0.0
433,3131.0,-0.0,0.0
434,3143.0,0.006,0.1
435,3141.0,0.004,0.0
436,3168.0,0.009,0.1
437,3180.0,0.008,0.1
438,3170.0,0.008,0.1
439,3186.0,0.044,3.1
440,3177.0,0.004,0.0
441,3186.0,0.053,4.5
442,3178.0,-0.003,0.0
443,3189.0,-0.004,0.0
444,3185.0,0.013,0.3
445,3189.0,0.002,0.0
446,3188.0,0.029,1.3
447,3196.0,0.003,0.0
448,3194.0,-0.001,0.0
449,3196.0,-0.004,0.0
450,3196.0,0.01,0.1
451,3199.0,0.019,0.6
452,3198.0,-0.002,0.0
453,3206.0,-0.003,0.0
454,3198.0,0.0,0.0
455,3206.0,0.003,0.0
456,3205.0,0.001,0.0
457,3217.0,0.004,0.0
458,3205.0,0.005,0.0
459,3218.0,0.003,0.0
460,3213.0,-0.001,0.0
461,3219.0,-0.0,0.0
462,3213.0,0.0,0.0
463,3219.0,0.001,0.0
464,3213.0,0.012,0.2
465,3230.0,0.007,0.1
466,3214.0,-0.013,0.3
467,3240.0,-0.006,0.1
468,3224.0,0.002,0.0
469,3242.0,0.382,236.9
470,3224.0,-0.007,0.1
471,3242.0,-0.143,33.1
