,Frequencies,Displacement,Reorg Energy
0,-73.0,-0.0,-0.0
1,-0.0,-0.0,-0.0
2,-72.0,-0.0,-0.0
3,-0.0,-0.0,-0.0
4,-0.0,-0.0,-0.0
5,-0.0,-0.0,-0.0
6,-0.0,-0.0,-0.0
7,0.0,-0.0,0.0
8,-0.0,-0.0,-0.0
9,0.0,-0.0,0.0
10,0.0,-0.0,0.0
11,0.0,-0.0,0.0
12,0.0,-0.0,0.0
13,187.0,-0.0,0.0
14,0.0,0.0,0.0
15,213.0,0.0,0.0
16,98.0,0.0,0.0
17,354.0,0.0,0.0
18,329.0,0.0,0.0
19,422.0,0.0,0.0
20,351.0,-0.0,0.0
21,444.0,-0.998,221.1
22,355.0,0.0,0.0
23,461.0,0.0,0.0
24,404.0,0.891,160.3
25,520.0,0.184,8.8
26,468.0,-0.448,47.0
27,632.0,-0.0,0.0
28,552.0,-0.0,0.0
29,647.0,-0.0,0.0
30,558.0,-0.0,0.0
31,763.0,-0.768,224.8
32,577.0,-0.0,0.0
33,764.0,-0.002,0.0
34,690.0,-0.0,0.0
35,771.0,-0.0,0.0
36,745.0,0.744,205.9
37,784.0,0.0,0.0
38,787.0,0.0,0.0
39,862.0,0.48,99.5
40,793.0,0.0,0.0
41,907.0,0.0,0.0
42,827.0,0.415,71.3
43,909.0,0.0,0.0
44,867.0,0.0,0.0
45,922.0,0.0,0.0
46,1029.0,0.0,0.0
47,1085.0,0.0,0.0
48,1051.0,-0.103,5.6
49,1093.0,-0.146,11.6
50,1114.0,-0.088,4.3
51,1175.0,-0.011,0.1
52,1230.0,-0.0,0.0
53,1263.0,-0.0,0.0
54,1299.0,0.0,0.0
55,1337.0,0.019,0.2
56,1299.0,0.01,0.1
57,1358.0,0.0,0.0
58,1328.0,0.014,0.1
59,1377.0,0.017,0.2
60,1454.0,0.0,0.0
61,1473.0,0.0,0.0
62,1550.0,-0.324,81.6
63,1533.0,-0.364,101.5
64,3214.0,-0.0,0.0
65,3222.0,-0.0,0.0
66,3214.0,0.007,0.1
67,3222.0,0.051,4.2
68,3244.0,-0.066,7.0
69,3234.0,-0.05,4.1
