,Frequencies,Displacement,Reorg Energy
0,-73.0,-0.0,-0.0
1,-0.0,-0.0,-0.0
2,-72.0,0.0,-0.0
3,-0.0,0.0,-0.0
4,-0.0,-0.0,-0.0
5,-0.0,-0.0,-0.0
6,-0.0,0.0,-0.0
7,0.0,0.0,0.0
8,-0.0,-0.0,-0.0
9,0.0,-0.0,0.0
10,0.0,0.0,0.0
11,0.0,0.0,0.0
12,0.0,-0.0,0.0
13,192.0,-0.0,0.0
14,0.0,0.0,0.0
15,213.0,0.0,0.0
16,98.0,0.0,0.0
17,352.0,0.0,0.0
18,329.0,0.0,0.0
19,447.0,0.0,0.0
20,351.0,0.0,0.0
21,453.0,1.737,684.1
22,355.0,-0.0,0.0
23,511.0,-0.0,0.0
24,404.0,1.689,576.1
25,552.0,0.57,89.7
26,468.0,0.234,12.8
27,622.0,0.0,0.0
28,552.0,-0.0,0.0
29,631.0,-0.0,0.0
30,558.0,-0.0,0.0
31,668.0,-0.0,0.0
32,577.0,0.0,0.0
33,734.0,0.0,0.0
34,690.0,-0.0,0.0
35,755.0,-0.051,1.0
36,745.0,0.06,1.3
37,779.0,0.0,0.0
38,787.0,-0.0,0.0
39,859.0,-0.213,19.5
40,793.0,-0.0,0.0
41,876.0,-0.0,0.0
42,827.0,0.009,0.0
43,879.0,0.0,0.0
44,867.0,-0.0,0.0
45,930.0,-0.0,0.0
46,1029.0,-0.0,0.0
47,1100.0,-0.54,160.2
48,1051.0,-0.652,223.5
49,1122.0,-0.0,0.0
50,1114.0,-0.304,51.6
51,1197.0,-0.087,4.5
52,1230.0,0.0,0.0
53,1214.0,0.0,0.0
54,1299.0,0.003,0.0
55,1361.0,0.588,235.1
56,1299.0,0.701,318.8
57,1379.0,0.0,0.0
58,1328.0,-0.001,0.0
59,1456.0,-1.043,792.3
60,1454.0,-0.0,0.0
61,1496.0,-0.0,0.0
62,1550.0,-1.261,1233.3
63,1537.0,-0.969,720.9
64,3214.0,-0.0,0.0
65,3212.0,-0.0,0.0
66,3214.0,0.017,0.4
67,3212.0,0.004,0.0
68,3244.0,-0.047,3.6
69,3243.0,-0.055,4.8
