,Frequencies,Displacement,Reorg Energy
0,-0.0,-0.0,-0.0
1,-0.0,-0.0,-0.0
2,-0.0,0.0,-0.0
3,-0.0,0.0,-0.0
4,-0.0,-0.0,-0.0
5,-0.0,-0.0,-0.0
6,0.0,0.0,0.0
7,0.0,0.0,0.0
8,0.0,0.0,0.0
9,0.0,0.0,0.0
10,0.0,0.0,0.0
11,0.0,0.0,0.0
12,187.0,-0.0,0.0
13,192.0,-0.0,0.0
14,213.0,0.0,0.0
15,213.0,0.0,0.0
16,354.0,0.0,0.0
17,352.0,0.0,0.0
18,422.0,0.0,0.0
19,447.0,0.0,0.0
20,444.0,-0.687,104.6
21,453.0,-0.734,122.3
22,461.0,-0.0,0.0
23,511.0,-0.0,0.0
24,520.0,-0.86,192.2
25,552.0,-0.902,224.7
26,632.0,0.0,0.0
27,622.0,0.0,0.0
28,647.0,0.0,0.0
29,631.0,0.0,0.0
30,763.0,0.656,164.2
31,668.0,0.0,0.0
32,764.0,0.002,0.0
33,734.0,0.0,0.0
34,771.0,-0.0,0.0
35,755.0,-0.715,192.8
36,784.0,-0.0,0.0
37,779.0,-0.0,0.0
38,862.0,-0.606,158.4
39,859.0,-0.488,102.2
40,907.0,-0.0,0.0
41,876.0,-0.0,0.0
42,909.0,-0.0,0.0
43,879.0,-0.0,0.0
44,922.0,-0.0,0.0
45,930.0,-0.0,0.0
46,1085.0,0.0,0.0
47,1100.0,0.383,80.8
48,1093.0,-0.526,150.9
49,1122.0,-0.0,0.0
50,1175.0,-0.204,24.4
51,1197.0,-0.051,1.6
52,1263.0,-0.0,0.0
53,1214.0,-0.0,0.0
54,1337.0,-0.758,383.9
55,1361.0,-0.588,235.0
56,1358.0,0.0,0.0
57,1379.0,0.0,0.0
58,1377.0,0.264,48.1
59,1456.0,0.668,325.0
60,1473.0,0.0,0.0
61,1496.0,0.0,0.0
62,1533.0,-0.793,481.9
63,1537.0,-0.763,447.7
64,3222.0,0.0,0.0
65,3212.0,0.001,0.0
66,3222.0,0.018,0.5
67,3212.0,0.012,0.2
68,3234.0,-0.024,0.9
69,3243.0,-0.012,0.2
