,Frequencies,Displacement,Reorg Energy
0,-73.0,0.0,-0.0
1,-0.0,0.0,-0.0
2,-66.0,0.0,-0.0
3,-0.0,0.0,-0.0
4,-0.0,-0.0,-0.0
5,-0.0,-0.0,-0.0
6,-0.0,0.0,-0.0
7,0.0,0.0,0.0
8,-0.0,0.0,-0.0
9,0.0,0.0,0.0
10,0.0,-0.0,0.0
11,0.0,-0.0,0.0
12,0.0,-0.0,0.0
13,187.0,-0.0,0.0
14,0.0,-0.0,0.0
15,213.0,-0.0,0.0
16,99.0,-0.0,0.0
17,354.0,-0.0,0.0
18,329.0,0.0,0.0
19,422.0,0.0,0.0
20,352.0,-0.0,0.0
21,444.0,-0.992,218.6
22,356.0,0.0,0.0
23,461.0,0.0,0.0
24,404.0,0.886,158.6
25,520.0,0.175,8.0
26,468.0,0.442,45.6
27,632.0,0.0,0.0
28,552.0,-0.0,0.0
29,647.0,-0.0,0.0
30,559.0,0.0,0.0
31,763.0,0.765,223.1
32,577.0,0.0,0.0
33,764.0,0.002,0.0
34,691.0,-0.0,0.0
35,771.0,-0.0,0.0
36,745.0,0.741,204.7
37,784.0,0.0,0.0
38,787.0,-0.0,0.0
39,862.0,-0.479,98.9
40,794.0,-0.0,0.0
41,907.0,-0.0,0.0
42,827.0,0.415,71.2
43,909.0,0.0,0.0
44,867.0,-0.0,0.0
45,922.0,-0.0,0.0
46,1029.0,0.0,0.0
47,1085.0,0.0,0.0
48,1050.0,0.099,5.1
49,1093.0,0.143,11.1
50,1114.0,-0.099,5.4
51,1175.0,-0.023,0.3
52,1231.0,-0.0,0.0
53,1263.0,-0.0,0.0
54,1299.0,0.0,0.0
55,1337.0,0.025,0.4
56,1299.0,0.014,0.1
57,1358.0,0.0,0.0
58,1327.0,0.018,0.2
59,1377.0,0.019,0.2
60,1454.0,0.0,0.0
61,1473.0,0.0,0.0
62,1550.0,-0.325,82.1
63,1533.0,-0.362,100.7
64,3213.0,-0.0,0.0
65,3222.0,-0.0,0.0
66,3214.0,0.008,0.1
67,3222.0,0.05,4.1
68,3243.0,-0.064,6.7
69,3234.0,-0.049,3.9
