,Frequencies,Displacement,Reorg Energy
0,-0.0,-0.0,-0.0
1,-0.0,-0.0,-0.0
2,-0.0,-0.0,-0.0
3,-0.0,-0.0,-0.0
4,-0.0,0.0,-0.0
5,-0.0,0.0,-0.0
6,-0.0,-0.0,-0.0
7,0.0,-0.0,0.0
8,0.0,0.0,0.0
9,0.0,0.0,0.0
10,0.0,0.0,0.0
11,0.0,0.0,0.0
12,43.0,0.0,0.0
13,24.0,0.002,0.0
14,48.0,0.004,0.0
15,62.0,0.003,0.0
16,107.0,0.212,2.4
17,117.0,0.225,2.9
18,113.0,0.002,0.0
19,155.0,0.001,0.0
20,174.0,-0.001,0.0
21,203.0,-0.001,0.0
22,212.0,0.001,0.0
23,267.0,0.46,28.3
24,260.0,-0.461,27.6
25,279.0,-0.001,0.0
26,305.0,0.191,5.6
27,315.0,0.215,7.3
28,367.0,-0.001,0.0
29,387.0,-0.0,0.0
30,404.0,-0.0,0.0
31,427.0,-0.004,0.0
32,408.0,-0.001,0.0
33,434.0,-0.0,0.0
34,432.0,0.277,16.6
35,454.0,0.289,19.0
36,435.0,-0.001,0.0
37,462.0,-0.0,0.0
38,507.0,0.0,0.0
39,563.0,0.0,0.0
40,557.0,0.035,0.4
41,582.0,0.017,0.1
42,588.0,0.0,0.0
43,617.0,0.102,3.2
44,610.0,-0.403,49.5
45,625.0,-0.0,0.0
46,617.0,-0.064,1.3
47,641.0,-0.325,33.9
48,631.0,0.0,0.0
49,665.0,0.001,0.0
50,645.0,0.323,33.7
51,683.0,0.375,48.0
52,645.0,0.043,0.6
53,759.0,0.461,80.6
54,689.0,0.0,0.0
55,765.0,0.001,0.0
56,733.0,-0.416,63.4
57,783.0,-0.0,0.0
58,738.0,0.0,0.0
59,806.0,0.021,0.2
60,767.0,0.001,0.0
61,826.0,0.001,0.0
62,783.0,0.032,0.4
63,856.0,0.001,0.0
64,836.0,-0.0,0.0
65,893.0,-0.201,18.1
66,856.0,-0.0,0.0
67,905.0,-0.0,0.0
68,870.0,0.163,11.5
69,949.0,0.0,0.0
70,943.0,-0.187,16.5
71,974.0,-0.129,8.1
72,954.0,0.0,0.0
73,998.0,0.0,0.0
74,970.0,0.0,0.0
75,1007.0,0.213,22.9
76,992.0,-0.191,18.1
77,1028.0,-0.0,0.0
78,1025.0,-0.052,1.4
79,1040.0,-0.038,0.8
80,1068.0,-0.097,5.0
81,1099.0,-0.036,0.7
82,1089.0,0.006,0.0
83,1113.0,0.034,0.6
84,1129.0,0.034,0.6
85,1170.0,0.057,1.9
86,1165.0,0.024,0.3
87,1194.0,0.038,0.9
88,1179.0,0.006,0.0
89,1204.0,0.043,1.1
90,1210.0,-0.024,0.3
91,1224.0,-0.045,1.2
92,1230.0,0.053,1.7
93,1245.0,0.085,4.5
94,1306.0,0.065,2.7
95,1336.0,0.087,5.0
96,1333.0,-0.044,1.3
97,1353.0,-0.026,0.5
98,1371.0,-0.008,0.0
99,1373.0,-0.03,0.6
100,1402.0,0.02,0.3
101,1409.0,0.086,5.2
102,1418.0,0.161,18.4
103,1425.0,0.179,22.9
104,1432.0,-0.012,0.1
105,1445.0,-0.068,3.3
106,1459.0,0.04,1.2
107,1477.0,0.04,1.2
108,1496.0,-0.047,1.7
109,1515.0,-0.013,0.1
110,1532.0,-0.193,28.5
111,1531.0,-0.332,84.6
112,1539.0,-0.245,46.3
113,1577.0,-0.024,0.5
114,1635.0,-0.275,61.7
115,1624.0,-0.207,34.8
116,3159.0,-0.012,0.2
117,3182.0,-0.004,0.0
118,3163.0,0.01,0.2
119,3190.0,0.014,0.3
120,3175.0,0.009,0.1
121,3199.0,0.003,0.0
122,3186.0,0.001,0.0
123,3207.0,0.007,0.1
124,3193.0,0.015,0.4
125,3213.0,0.019,0.6
126,3209.0,-0.013,0.3
127,3226.0,-0.024,1.0
128,3233.0,-0.013,0.3
129,3238.0,-0.018,0.6
