,Frequencies,Displacement,Reorg Energy
0,-0.0,-0.0,-0.0
1,-0.0,-0.0,-0.0
2,-0.0,0.0,-0.0
3,-0.0,0.0,-0.0
4,-0.0,0.0,-0.0
5,-0.0,0.0,-0.0
6,0.0,0.0,0.0
7,0.0,0.0,0.0
8,0.0,-0.0,0.0
9,0.0,-0.0,0.0
10,0.0,0.0,0.0
11,0.0,0.0,0.0
12,24.0,-3.552,148.5
13,43.0,-4.679,465.9
14,62.0,-0.289,2.6
15,65.0,-0.658,14.1
16,117.0,0.34,6.8
17,93.0,0.287,3.8
18,155.0,0.046,0.2
19,178.0,0.076,0.5
20,203.0,-0.222,5.0
21,204.0,-0.28,8.0
22,267.0,-0.799,85.3
23,259.0,-0.935,113.1
24,279.0,-0.188,4.9
25,272.0,-0.471,30.2
26,315.0,-0.393,24.3
27,326.0,-0.357,20.8
28,387.0,0.175,5.9
29,408.0,0.334,22.7
30,427.0,0.326,22.7
31,415.0,0.24,11.9
32,434.0,0.064,0.9
33,460.0,0.519,61.8
34,454.0,-0.547,67.8
35,466.0,-0.202,9.5
36,462.0,-0.046,0.5
37,498.0,-0.166,6.9
38,563.0,-0.076,1.6
39,574.0,-0.137,5.4
40,582.0,0.47,64.3
41,585.0,0.391,44.9
42,617.0,0.013,0.1
43,623.0,0.056,1.0
44,625.0,-0.064,1.3
45,632.0,-0.012,0.0
46,641.0,0.165,8.7
47,639.0,0.129,5.3
48,665.0,-0.005,0.0
49,696.0,-0.394,54.2
50,683.0,0.346,40.9
51,701.0,0.152,8.1
52,759.0,-0.415,65.4
53,710.0,-0.088,2.7
54,765.0,0.028,0.3
55,763.0,0.362,50.0
56,783.0,0.034,0.5
57,774.0,0.069,1.9
58,806.0,0.025,0.3
59,821.0,0.05,1.0
60,826.0,0.224,20.6
61,837.0,0.104,4.5
62,856.0,0.077,2.6
63,852.0,0.135,7.8
64,893.0,-0.329,48.3
65,876.0,-0.005,0.0
66,905.0,0.014,0.1
67,900.0,0.303,41.2
68,949.0,0.008,0.0
69,927.0,0.011,0.1
70,974.0,0.106,5.5
71,979.0,0.067,2.2
72,998.0,-0.067,2.3
73,980.0,-0.152,11.3
74,1007.0,0.116,6.7
75,1002.0,0.016,0.1
76,1028.0,-0.004,0.0
77,1015.0,-0.15,11.4
78,1040.0,0.052,1.4
79,1053.0,0.032,0.5
80,1099.0,0.207,23.6
81,1104.0,0.091,4.6
82,1113.0,0.112,7.0
83,1110.0,0.118,7.7
84,1170.0,-0.105,6.5
85,1178.0,-0.083,4.1
86,1194.0,-0.127,9.7
87,1183.0,-0.01,0.1
88,1204.0,-0.208,26.0
89,1207.0,-0.177,18.9
90,1224.0,-0.416,105.8
91,1210.0,-0.179,19.5
92,1245.0,-0.041,1.0
93,1244.0,-0.187,21.8
94,1336.0,0.029,0.6
95,1315.0,0.004,0.0
96,1353.0,0.525,186.2
97,1356.0,0.183,22.6
98,1373.0,0.166,19.0
99,1363.0,0.364,90.3
100,1409.0,-0.023,0.4
101,1378.0,-0.184,23.2
102,1425.0,-0.217,33.5
103,1457.0,-0.516,194.0
104,1445.0,0.073,3.8
105,1476.0,0.182,24.4
106,1477.0,-0.122,11.0
107,1505.0,-0.124,11.5
108,1515.0,0.315,75.3
109,1523.0,0.148,16.6
110,1531.0,0.555,236.1
111,1558.0,0.526,215.7
112,1577.0,-0.045,1.6
113,1615.0,-0.043,1.5
114,1624.0,-0.291,68.6
115,1642.0,-0.212,36.8
116,3182.0,-0.004,0.0
117,3162.0,-0.007,0.1
118,3190.0,0.005,0.0
119,3168.0,0.001,0.0
120,3199.0,-0.006,0.1
121,3178.0,-0.01,0.1
122,3207.0,0.008,0.1
123,3184.0,0.002,0.0
124,3213.0,0.029,1.3
125,3192.0,0.025,1.0
126,3226.0,0.016,0.4
127,3212.0,0.012,0.2
128,3238.0,0.011,0.2
129,3214.0,0.013,0.3
