,Frequencies,Displacement,Reorg Energy
0,-0.0,0.0,-0.0
1,-0.0,0.0,-0.0
2,-0.0,-0.0,-0.0
3,-0.0,-0.0,-0.0
4,-0.0,0.0,-0.0
5,-0.0,0.0,-0.0
6,-0.0,0.0,-0.0
7,0.0,0.0,0.0
8,0.0,-0.0,0.0
9,0.0,-0.0,0.0
10,0.0,0.0,0.0
11,0.0,0.0,0.0
12,43.0,2.693,155.8
13,43.0,4.684,467.1
14,48.0,-4.176,416.8
15,65.0,-0.614,12.2
16,107.0,-0.118,0.7
17,93.0,-0.1,0.5
18,113.0,-0.657,24.3
19,178.0,-0.034,0.1
20,174.0,0.088,0.7
21,204.0,0.287,8.4
22,212.0,-0.503,26.8
23,259.0,-0.535,37.0
24,260.0,0.338,14.8
25,272.0,0.222,6.7
26,305.0,-0.154,3.6
27,326.0,-0.252,10.3
28,367.0,-0.072,0.9
29,408.0,-0.318,20.6
30,404.0,0.253,12.9
31,415.0,0.224,10.4
32,408.0,0.222,10.0
33,460.0,0.834,159.9
34,432.0,0.865,161.8
35,466.0,0.287,19.2
36,435.0,-0.18,7.1
37,498.0,-0.205,10.4
38,507.0,0.12,3.7
39,574.0,0.144,6.0
40,557.0,0.458,58.5
41,585.0,0.291,24.8
42,588.0,0.249,18.3
43,623.0,0.079,2.0
44,610.0,-0.271,22.4
45,632.0,-0.218,15.0
46,617.0,0.014,0.1
47,639.0,0.141,6.3
48,631.0,0.15,7.1
49,696.0,0.635,140.5
50,645.0,0.574,106.1
51,701.0,0.217,16.6
52,645.0,0.036,0.4
53,710.0,0.124,5.5
54,689.0,-0.383,50.5
55,763.0,-0.131,6.6
56,733.0,0.042,0.6
57,774.0,0.142,7.8
58,738.0,0.039,0.6
59,821.0,0.06,1.5
60,767.0,0.318,38.8
61,837.0,0.105,4.6
62,783.0,-0.125,6.2
63,852.0,-0.134,7.7
64,836.0,0.023,0.2
65,876.0,0.006,0.0
66,856.0,-0.01,0.0
67,900.0,-0.107,5.1
68,870.0,-0.173,13.0
69,927.0,-0.024,0.3
70,943.0,-0.283,37.7
71,979.0,-0.138,9.4
72,954.0,0.096,4.4
73,980.0,0.193,18.2
74,970.0,-0.011,0.1
75,1002.0,-0.015,0.1
76,992.0,-0.239,28.3
77,1015.0,-0.377,72.0
78,1025.0,-0.001,0.0
79,1053.0,-0.008,0.0
80,1068.0,-0.404,87.2
81,1104.0,-0.118,7.7
82,1089.0,0.002,0.0
83,1110.0,0.143,11.3
84,1129.0,0.14,11.0
85,1178.0,0.147,12.7
86,1165.0,-0.179,18.6
87,1183.0,-0.003,0.0
88,1179.0,-0.141,11.7
89,1207.0,-0.224,30.3
90,1210.0,-0.321,62.4
91,1210.0,-0.214,27.8
92,1230.0,0.13,10.5
93,1244.0,0.049,1.5
94,1306.0,-0.016,0.2
95,1315.0,-0.085,4.8
96,1333.0,0.371,91.7
97,1356.0,0.217,31.9
98,1371.0,0.132,11.9
99,1363.0,0.39,103.8
100,1402.0,-0.07,3.4
101,1378.0,-0.165,18.7
102,1418.0,0.324,74.3
103,1457.0,0.641,299.2
104,1432.0,-0.047,1.6
105,1476.0,-0.291,62.7
106,1459.0,0.226,37.1
107,1505.0,0.241,43.9
108,1496.0,0.244,44.7
109,1523.0,0.051,2.0
110,1532.0,-0.54,223.2
111,1558.0,-0.864,581.2
112,1539.0,-0.78,468.2
113,1615.0,-0.066,3.5
114,1635.0,-0.737,444.6
115,1642.0,-0.444,162.0
116,3159.0,-0.006,0.1
117,3162.0,-0.007,0.1
118,3163.0,0.006,0.1
119,3168.0,0.0,0.0
120,3175.0,0.0,0.0
121,3178.0,0.004,0.0
122,3186.0,-0.001,0.0
123,3184.0,-0.0,0.0
124,3193.0,-0.015,0.3
125,3192.0,-0.009,0.1
126,3209.0,-0.004,0.0
127,3212.0,-0.003,0.0
128,3233.0,-0.027,1.2
129,3214.0,-0.03,1.4
