,Frequencies,Displacement,Reorg Energy
0,-0.0,-0.0,-0.0
1,-0.0,-0.0,-0.0
2,-0.0,-0.0,-0.0
3,-0.0,-0.0,-0.0
4,-0.0,-0.0,-0.0
5,-0.0,-0.0,-0.0
6,0.0,0.0,0.0
7,0.0,0.0,0.0
8,0.0,0.0,0.0
9,0.0,0.0,0.0
10,0.0,-0.0,0.0
11,0.0,-0.0,0.0
12,30.0,0.002,0.0
13,24.0,0.0,0.0
14,52.0,0.003,0.0
15,62.0,0.005,0.0
16,108.0,1.074,62.1
17,117.0,1.176,80.7
18,111.0,-0.004,0.0
19,155.0,-0.003,0.0
20,132.0,0.002,0.0
21,203.0,0.008,0.0
22,188.0,0.001,0.0
23,267.0,1.299,225.7
24,262.0,1.376,248.3
25,279.0,0.01,0.0
26,305.0,0.446,30.4
27,315.0,0.752,88.9
28,344.0,-0.001,0.0
29,387.0,-0.001,0.0
30,394.0,-0.001,0.0
31,427.0,-0.537,61.6
32,416.0,0.717,106.9
33,434.0,0.0,0.0
34,418.0,-0.003,0.0
35,454.0,-1.232,344.5
36,468.0,1.114,290.3
37,462.0,0.001,0.0
38,473.0,-0.004,0.0
39,563.0,-0.001,0.0
40,502.0,-0.0,0.0
41,582.0,-0.82,195.7
42,565.0,-0.855,206.8
43,617.0,-0.11,3.7
44,574.0,-0.004,0.0
45,625.0,-0.001,0.0
46,584.0,-0.077,1.7
47,641.0,-0.471,71.0
48,628.0,0.021,0.1
49,665.0,0.0,0.0
50,651.0,-0.0,0.0
51,683.0,-0.205,14.4
52,670.0,-0.0,0.0
53,759.0,-0.829,260.9
54,674.0,-0.284,27.2
55,765.0,-0.008,0.0
56,715.0,-0.0,0.0
57,783.0,-0.0,0.0
58,759.0,0.937,333.3
59,806.0,0.044,0.8
60,765.0,0.002,0.0
61,826.0,0.0,0.0
62,802.0,0.0,0.0
63,856.0,0.001,0.0
64,815.0,-0.003,0.0
65,893.0,-0.682,207.5
66,847.0,0.001,0.0
67,905.0,0.002,0.0
68,883.0,0.556,136.7
69,949.0,0.0,0.0
70,937.0,-0.188,16.6
71,974.0,-0.145,10.2
72,942.0,-0.001,0.0
73,998.0,-0.0,0.0
74,952.0,0.0,0.0
75,1007.0,0.259,33.8
76,993.0,0.342,58.1
77,1028.0,0.0,0.0
78,1026.0,-0.116,7.0
79,1040.0,-0.08,3.3
80,1091.0,0.027,0.4
81,1099.0,0.129,9.2
82,1100.0,-0.102,5.8
83,1113.0,-0.095,5.1
84,1156.0,-0.164,15.6
85,1170.0,-0.204,24.5
86,1173.0,-0.218,27.9
87,1194.0,-0.143,12.3
88,1173.0,-0.066,2.5
89,1204.0,-0.311,58.3
90,1205.0,-0.023,0.3
91,1224.0,-0.057,2.0
92,1242.0,-0.385,92.2
93,1245.0,-0.206,26.4
94,1314.0,-0.367,88.7
95,1336.0,-0.218,31.9
96,1326.0,-0.031,0.6
97,1353.0,-0.182,22.5
98,1348.0,-0.136,12.4
99,1373.0,-0.033,0.7
100,1362.0,-0.06,2.5
101,1409.0,-0.06,2.6
102,1405.0,-0.413,119.9
103,1425.0,-0.294,61.5
104,1457.0,-0.109,8.7
105,1445.0,-0.039,1.1
106,1470.0,-0.018,0.2
107,1477.0,-0.012,0.1
108,1523.0,-0.164,20.4
109,1515.0,-0.289,63.2
110,1534.0,-0.098,7.3
111,1531.0,-0.074,4.2
112,1618.0,0.2,32.3
113,1577.0,0.018,0.3
114,1653.0,0.444,162.7
115,1624.0,0.064,3.3
116,3148.0,0.006,0.1
117,3182.0,0.0,0.0
118,3152.0,-0.016,0.4
119,3190.0,-0.027,1.1
120,3166.0,-0.023,0.8
121,3199.0,-0.011,0.2
122,3175.0,0.014,0.3
123,3207.0,0.007,0.1
124,3192.0,0.009,0.1
125,3213.0,0.028,1.2
126,3214.0,-0.011,0.2
127,3226.0,-0.046,3.4
128,3235.0,-0.024,0.9
129,3238.0,-0.038,2.4
